# Created by Octave 6.4.0, Tue Mar 25 10:00:22 2025 GMT <tfq96423@octopus-office-5820>
# name: z
# type: int64 matrix
# ndims: 2
 18 18
 31
 26
 8
 8
 3
 2
 0
 0
 0
 0
 0
 0
 0
 0
 0
 3
 2
 2
 31
 11
 5
 0
 0
 0
 0
 0
 2
 0
 1
 0
 0
 0
 0
 1
 2
 1
 8
 2
 0
 0
 1
 0
 6
 7
 1
 4
 5
 1
 5
 1
 0
 1
 1
 0
 5
 1
 0
 2
 2
 7
 4
 3
 1
 0
 0
 1
 2
 2
 3
 0
 0
 0
 1
 1
 0
 1
 6
 3
 0
 0
 0
 3
 3
 2
 0
 2
 2
 1
 0
 0
 1
 0
 2
 4
 3
 0
 1
 3
 2
 4
 6
 6
 7
 6
 1
 1
 1
 2
 0
 0
 1
 5
 0
 2
 3
 1
 7
 6
 11
 8
 4
 3
 1
 0
 1
 0
 0
 2
 4
 2
 2
 5
 1
 17
 49
 48
 31
 16
 5
 6
 5
 1
 1
 0
 0
 2
 7
 0
 5
 9
 12
 50
 107
 111
 57
 22
 9
 6
 7
 2
 1
 0
 1
 1
 2
 1
 6
 5
 15
 60
 107
 60
 37
 31
 17
 7
 11
 0
 0
 1
 1
 2
 0
 2
 6
 12
 13
 41
 55
 29
 34
 25
 11
 7
 7
 4
 0
 0
 0
 0
 2
 2
 3
 6
 5
 20
 26
 36
 28
 14
 6
 3
 7
 4
 0
 0
 0
 1
 0
 3
 1
 9
 5
 4
 23
 19
 13
 7
 8
 8
 5
 1
 0
 0
 0
 0
 2
 0
 1
 4
 2
 7
 3
 3
 1
 8
 5
 5
 2
 0
 0
 2
 1
 0
 1
 0
 0
 2
 3
 4
 8
 11
 7
 13
 11
 7
 0
 0
 0
 1
 1
 1
 0
 0
 0
 0
 1
 2
 2
 8
 4
 4
 1
 0
 0
 0
 1
 3
 1
 2
 1
 0
 1
 0
 0
 0
 0
 1
 0
 0
 0
 0
 1
 0
 2
 11
 1
 3
 1
 2
 0
 0
 2
 0
 1
 1
 0
 0
 0
 0
 3
 7
 15
 16


