# Created by Octave 6.4.0, Tue Mar 25 10:12:41 2025 GMT <tfq96423@octopus-office-5820>
# name: phi_conv
# type: scalar
4.1308003380884886


# name: theta_conv
# type: scalar
1.0775796350823792


# name: mux_nm
# type: scalar
18.828221715490358


# name: muy_nm
# type: scalar
-14.582781818240806


# name: n_photons
# type: scalar
2021


