% ground truth for sim_inc0_az90_run1.tif
% settings
number_of_spots = 9
grid_size = 3
pixel_size_nm = 52.000
image_size_px = 57
image_size_nm = 2964.000
wavelength = 500
par.objectiveNA = 2.17
objectiveFocalLength = 770
par.refractiveIndices = [1.310000e+00 , 2.170000e+00 , 2.170000e+00 ,]
par.nDiscretizationBFP = 129
par.backgroundNoise = 0.000
par.nPhotons = 2000
% data - positions are relative to center of combined image
positionX_nm_array = [-9.892503e+02 , -2.003950e+01 ,  1.011400e+03 , -1.013341e+03 ,  9.614103e+00 ,  9.930981e+02 , -9.883237e+02 ,  2.060926e+01 ,  9.877159e+02 ,]
positionY_nm_array = [-1.008459e+03 , -9.622207e+02 , -9.974223e+02 ,  2.095682e+01 , -2.125629e+01 ,  2.398634e+01 ,  1.013366e+03 ,  1.001851e+03 ,  9.939920e+02 ,]
angleInclination_array = [0 , 0 , 0 , 0 , 0 , 0 , 0 , 0 , 0 ,]
angleAzimuth_array = [1.570796e+00 , 1.570796e+00 , 1.570796e+00 , 1.570796e+00 , 1.570796e+00 , 1.570796e+00 , 1.570796e+00 , 1.570796e+00 , 1.570796e+00 ,]
