% ground truth for sim_inc90_az180_run1.tif
% settings
number_of_spots = 9
grid_size = 3
pixel_size_nm = 52.000
image_size_px = 57
image_size_nm = 2964.000
wavelength = 500
par.objectiveNA = 2.17
objectiveFocalLength = 770
par.refractiveIndices = [1.310000e+00 , 2.170000e+00 , 2.170000e+00 ,]
par.nDiscretizationBFP = 129
par.backgroundNoise = 0.000
par.nPhotons = 2000
% data - positions are relative to center of combined image
positionX_nm_array = [-1.010144e+03 ,  1.303787e+01 ,  1.013483e+03 , -9.783711e+02 ,  2.385037e+01 ,  9.923777e+02 , -1.011572e+03 ,  1.303977e+01 ,  9.845866e+02 ,]
positionY_nm_array = [-9.752063e+02 , -9.931824e+02 , -9.881290e+02 , -2.269760e+01 , -4.506522e+00 ,  2.355750e+01 ,  9.875551e+02 ,  9.640484e+02 ,  1.007221e+03 ,]
angleInclination_array = [1.570796e+00 , 1.570796e+00 , 1.570796e+00 , 1.570796e+00 , 1.570796e+00 , 1.570796e+00 , 1.570796e+00 , 1.570796e+00 , 1.570796e+00 ,]
angleAzimuth_array = [3.141593e+00 , 3.141593e+00 , 3.141593e+00 , 3.141593e+00 , 3.141593e+00 , 3.141593e+00 , 3.141593e+00 , 3.141593e+00 , 3.141593e+00 ,]
