% ground truth for sim_inc0_az0_run1.tif
% settings
number_of_spots = 9
grid_size = 3
pixel_size_nm = 52.000
image_size_px = 57
image_size_nm = 2964.000
wavelength = 500
par.objectiveNA = 2.17
objectiveFocalLength = 770
par.refractiveIndices = [1.310000e+00 , 2.170000e+00 , 2.170000e+00 ,]
par.nDiscretizationBFP = 129
par.backgroundNoise = 0.000
par.nPhotons = 2000
% data - positions are relative to center of combined image
positionX_nm_array = [-9.992811e+02 ,  1.154628e+01 ,  1.008535e+03 , -1.006514e+03 , -1.105528e+01 ,  9.860621e+02 , -1.013937e+03 ,  2.722449e+00 ,  9.624042e+02 ,]
positionY_nm_array = [-9.718034e+02 , -9.744214e+02 , -9.974779e+02 , -2.308315e+01 , -3.902908e+00 ,  1.547490e+01 ,  9.861347e+02 ,  1.003731e+03 ,  9.894886e+02 ,]
angleInclination_array = [0 , 0 , 0 , 0 , 0 , 0 , 0 , 0 , 0 ,]
angleAzimuth_array = [0 , 0 , 0 , 0 , 0 , 0 , 0 , 0 , 0 ,]
