% ground truth for sim_inc90_az135_run1.tif
% settings
number_of_spots = 9
grid_size = 3
pixel_size_nm = 52.000
image_size_px = 57
image_size_nm = 2964.000
wavelength = 500
par.objectiveNA = 2.17
objectiveFocalLength = 770
par.refractiveIndices = [1.310000e+00 , 2.170000e+00 , 2.170000e+00 ,]
par.nDiscretizationBFP = 129
par.backgroundNoise = 0.000
par.nPhotons = 2000
% data - positions are relative to center of combined image
positionX_nm_array = [-9.878576e+02 ,  1.223976e+01 ,  9.693626e+02 , -9.700547e+02 , -1.953688e+01 ,  9.654589e+02 , -9.863553e+02 , -2.281350e+01 ,  9.875711e+02 ,]
positionY_nm_array = [-9.891951e+02 , -9.804773e+02 , -9.887968e+02 ,  2.106069e+01 ,  2.481693e+01 , -8.371078e+00 ,  1.001811e+03 ,  1.002026e+03 ,  9.944925e+02 ,]
angleInclination_array = [1.570796e+00 , 1.570796e+00 , 1.570796e+00 , 1.570796e+00 , 1.570796e+00 , 1.570796e+00 , 1.570796e+00 , 1.570796e+00 , 1.570796e+00 ,]
angleAzimuth_array = [2.356194e+00 , 2.356194e+00 , 2.356194e+00 , 2.356194e+00 , 2.356194e+00 , 2.356194e+00 , 2.356194e+00 , 2.356194e+00 , 2.356194e+00 ,]
