% ground truth for sim_inc0_az180_run1.tif
% settings
number_of_spots = 9
grid_size = 3
pixel_size_nm = 52.000
image_size_px = 57
image_size_nm = 2964.000
wavelength = 500
par.objectiveNA = 2.17
objectiveFocalLength = 770
par.refractiveIndices = [1.310000e+00 , 2.170000e+00 , 2.170000e+00 ,]
par.nDiscretizationBFP = 129
par.backgroundNoise = 0.000
par.nPhotons = 2000
% data - positions are relative to center of combined image
positionX_nm_array = [-9.797835e+02 , -1.965797e+01 ,  9.815608e+02 , -9.713967e+02 ,  9.615925e+00 ,  9.791771e+02 , -9.811651e+02 , -1.701416e+01 ,  9.745451e+02 ,]
positionY_nm_array = [-9.803918e+02 , -9.756872e+02 , -9.906726e+02 ,  4.692095e+00 , -2.029263e+01 ,  1.144185e+01 ,  9.761743e+02 ,  1.009687e+03 ,  1.001326e+03 ,]
angleInclination_array = [0 , 0 , 0 , 0 , 0 , 0 , 0 , 0 , 0 ,]
angleAzimuth_array = [3.141593e+00 , 3.141593e+00 , 3.141593e+00 , 3.141593e+00 , 3.141593e+00 , 3.141593e+00 , 3.141593e+00 , 3.141593e+00 , 3.141593e+00 ,]
