% ground truth for sim_inc45_az225_run1.tif
% settings
number_of_spots = 9
grid_size = 3
pixel_size_nm = 52.000
image_size_px = 57
image_size_nm = 2964.000
wavelength = 500
par.objectiveNA = 2.17
objectiveFocalLength = 770
par.refractiveIndices = [1.310000e+00 , 2.170000e+00 , 2.170000e+00 ,]
par.nDiscretizationBFP = 129
par.backgroundNoise = 0.000
par.nPhotons = 2000
% data - positions are relative to center of combined image
positionX_nm_array = [-9.729388e+02 ,  1.751822e+00 ,  9.992256e+02 , -9.667505e+02 , -1.303467e+01 ,  9.731347e+02 , -1.009775e+03 ,  1.845828e+01 ,  1.008126e+03 ,]
positionY_nm_array = [-9.875188e+02 , -1.011170e+03 , -9.820353e+02 ,  2.254595e+01 ,  1.119709e+01 , -4.938737e+00 ,  1.006226e+03 ,  9.836615e+02 ,  9.727877e+02 ,]
angleInclination_array = [7.853982e-01 , 7.853982e-01 , 7.853982e-01 , 7.853982e-01 , 7.853982e-01 , 7.853982e-01 , 7.853982e-01 , 7.853982e-01 , 7.853982e-01 ,]
angleAzimuth_array = [3.926991e+00 , 3.926991e+00 , 3.926991e+00 , 3.926991e+00 , 3.926991e+00 , 3.926991e+00 , 3.926991e+00 , 3.926991e+00 , 3.926991e+00 ,]
