% ground truth for sim_inc68_az180_run1.tif
% settings
number_of_spots = 9
grid_size = 3
pixel_size_nm = 52.000
image_size_px = 57
image_size_nm = 2964.000
wavelength = 500
par.objectiveNA = 2.17
objectiveFocalLength = 770
par.refractiveIndices = [1.310000e+00 , 2.170000e+00 , 2.170000e+00 ,]
par.nDiscretizationBFP = 129
par.backgroundNoise = 0.000
par.nPhotons = 2000
% data - positions are relative to center of combined image
positionX_nm_array = [-9.697993e+02 ,  3.108506e+00 ,  9.660188e+02 , -1.004185e+03 , -1.659989e+01 ,  9.679126e+02 , -9.990426e+02 , -1.329527e+01 ,  1.009222e+03 ,]
positionY_nm_array = [-9.693525e+02 , -9.728035e+02 , -9.698670e+02 ,  2.151713e+01 ,  3.047182e+00 , -1.498458e+01 ,  9.894110e+02 ,  9.630643e+02 ,  9.696319e+02 ,]
angleInclination_array = [1.178097e+00 , 1.178097e+00 , 1.178097e+00 , 1.178097e+00 , 1.178097e+00 , 1.178097e+00 , 1.178097e+00 , 1.178097e+00 , 1.178097e+00 ,]
angleAzimuth_array = [3.141593e+00 , 3.141593e+00 , 3.141593e+00 , 3.141593e+00 , 3.141593e+00 , 3.141593e+00 , 3.141593e+00 , 3.141593e+00 , 3.141593e+00 ,]
