% ground truth for sim_inc90_az315_run1.tif
% settings
number_of_spots = 9
grid_size = 3
pixel_size_nm = 52.000
image_size_px = 57
image_size_nm = 2964.000
wavelength = 500
par.objectiveNA = 2.17
objectiveFocalLength = 770
par.refractiveIndices = [1.310000e+00 , 2.170000e+00 , 2.170000e+00 ,]
par.nDiscretizationBFP = 129
par.backgroundNoise = 0.000
par.nPhotons = 2000
% data - positions are relative to center of combined image
positionX_nm_array = [-9.932904e+02 ,  4.292913e+00 ,  1.010252e+03 , -9.790465e+02 ,  1.609541e+01 ,  9.995121e+02 , -9.884046e+02 , -1.885852e+01 ,  9.926504e+02 ,]
positionY_nm_array = [-9.870575e+02 , -1.010362e+03 , -1.009454e+03 , -1.897632e+01 ,  6.778633e-01 , -2.493858e+01 ,  9.874470e+02 ,  9.673585e+02 ,  9.662575e+02 ,]
angleInclination_array = [1.570796e+00 , 1.570796e+00 , 1.570796e+00 , 1.570796e+00 , 1.570796e+00 , 1.570796e+00 , 1.570796e+00 , 1.570796e+00 , 1.570796e+00 ,]
angleAzimuth_array = [5.497787e+00 , 5.497787e+00 , 5.497787e+00 , 5.497787e+00 , 5.497787e+00 , 5.497787e+00 , 5.497787e+00 , 5.497787e+00 , 5.497787e+00 ,]
