% ground truth for sim_inc68_az0_run1.tif
% settings
number_of_spots = 9
grid_size = 3
pixel_size_nm = 52.000
image_size_px = 57
image_size_nm = 2964.000
wavelength = 500
par.objectiveNA = 2.17
objectiveFocalLength = 770
par.refractiveIndices = [1.310000e+00 , 2.170000e+00 , 2.170000e+00 ,]
par.nDiscretizationBFP = 129
par.backgroundNoise = 0.000
par.nPhotons = 2000
% data - positions are relative to center of combined image
positionX_nm_array = [-9.881905e+02 , -2.024422e+01 ,  9.919054e+02 , -9.860442e+02 ,  9.912597e+00 ,  9.675406e+02 , -9.623798e+02 ,  4.005581e+00 ,  1.003385e+03 ,]
positionY_nm_array = [-9.815138e+02 , -9.689426e+02 , -9.925857e+02 , -2.510705e+01 ,  1.092596e+01 ,  9.239309e+00 ,  1.005665e+03 ,  9.698683e+02 ,  1.000175e+03 ,]
angleInclination_array = [1.178097e+00 , 1.178097e+00 , 1.178097e+00 , 1.178097e+00 , 1.178097e+00 , 1.178097e+00 , 1.178097e+00 , 1.178097e+00 , 1.178097e+00 ,]
angleAzimuth_array = [0 , 0 , 0 , 0 , 0 , 0 , 0 , 0 , 0 ,]
