% ground truth for sim_inc45_az135_run1.tif
% settings
number_of_spots = 9
grid_size = 3
pixel_size_nm = 52.000
image_size_px = 57
image_size_nm = 2964.000
wavelength = 500
par.objectiveNA = 2.17
objectiveFocalLength = 770
par.refractiveIndices = [1.310000e+00 , 2.170000e+00 , 2.170000e+00 ,]
par.nDiscretizationBFP = 129
par.backgroundNoise = 0.000
par.nPhotons = 2000
% data - positions are relative to center of combined image
positionX_nm_array = [-9.723367e+02 , -1.586300e+01 ,  9.977136e+02 , -9.887526e+02 ,  1.927688e+01 ,  9.847867e+02 , -9.987711e+02 , -1.076354e+00 ,  9.937311e+02 ,]
positionY_nm_array = [-1.009398e+03 , -1.010656e+03 , -1.000570e+03 , -1.649398e+01 , -1.852473e+01 ,  2.565560e+01 ,  1.001037e+03 ,  9.999028e+02 ,  9.629360e+02 ,]
angleInclination_array = [7.853982e-01 , 7.853982e-01 , 7.853982e-01 , 7.853982e-01 , 7.853982e-01 , 7.853982e-01 , 7.853982e-01 , 7.853982e-01 , 7.853982e-01 ,]
angleAzimuth_array = [2.356194e+00 , 2.356194e+00 , 2.356194e+00 , 2.356194e+00 , 2.356194e+00 , 2.356194e+00 , 2.356194e+00 , 2.356194e+00 , 2.356194e+00 ,]
