% ground truth for sim_inc68_az90_run1.tif
% settings
number_of_spots = 9
grid_size = 3
pixel_size_nm = 52.000
image_size_px = 57
image_size_nm = 2964.000
wavelength = 500
par.objectiveNA = 2.17
objectiveFocalLength = 770
par.refractiveIndices = [1.310000e+00 , 2.170000e+00 , 2.170000e+00 ,]
par.nDiscretizationBFP = 129
par.backgroundNoise = 0.000
par.nPhotons = 2000
% data - positions are relative to center of combined image
positionX_nm_array = [-1.012922e+03 ,  2.208653e+01 ,  9.980298e+02 , -9.625688e+02 ,  2.204559e+01 ,  9.688009e+02 , -9.646280e+02 ,  1.742811e+01 ,  1.009960e+03 ,]
positionY_nm_array = [-1.007638e+03 , -1.013089e+03 , -1.005710e+03 , -2.033104e+00 ,  1.321565e+01 ,  1.410879e+01 ,  1.013538e+03 ,  1.004974e+03 ,  1.001309e+03 ,]
angleInclination_array = [1.178097e+00 , 1.178097e+00 , 1.178097e+00 , 1.178097e+00 , 1.178097e+00 , 1.178097e+00 , 1.178097e+00 , 1.178097e+00 , 1.178097e+00 ,]
angleAzimuth_array = [1.570796e+00 , 1.570796e+00 , 1.570796e+00 , 1.570796e+00 , 1.570796e+00 , 1.570796e+00 , 1.570796e+00 , 1.570796e+00 , 1.570796e+00 ,]
