% ground truth for sim_inc0_az225_run1.tif
% settings
number_of_spots = 9
grid_size = 3
pixel_size_nm = 52.000
image_size_px = 57
image_size_nm = 2964.000
wavelength = 500
par.objectiveNA = 2.17
objectiveFocalLength = 770
par.refractiveIndices = [1.310000e+00 , 2.170000e+00 , 2.170000e+00 ,]
par.nDiscretizationBFP = 129
par.backgroundNoise = 0.000
par.nPhotons = 2000
% data - positions are relative to center of combined image
positionX_nm_array = [-9.918512e+02 , -9.121017e+00 ,  1.003004e+03 , -9.836908e+02 , -1.697483e+01 ,  9.984523e+02 , -1.011273e+03 ,  2.314206e+01 ,  9.957348e+02 ,]
positionY_nm_array = [-9.792091e+02 , -1.011190e+03 , -9.889053e+02 , -1.096867e+00 , -1.310595e+01 , -2.049337e+01 ,  9.914310e+02 ,  9.636220e+02 ,  9.689792e+02 ,]
angleInclination_array = [0 , 0 , 0 , 0 , 0 , 0 , 0 , 0 , 0 ,]
angleAzimuth_array = [3.926991e+00 , 3.926991e+00 , 3.926991e+00 , 3.926991e+00 , 3.926991e+00 , 3.926991e+00 , 3.926991e+00 , 3.926991e+00 , 3.926991e+00 ,]
