% ground truth for sim_inc45_az180_run1.tif
% settings
number_of_spots = 9
grid_size = 3
pixel_size_nm = 52.000
image_size_px = 57
image_size_nm = 2964.000
wavelength = 500
par.objectiveNA = 2.17
objectiveFocalLength = 770
par.refractiveIndices = [1.310000e+00 , 2.170000e+00 , 2.170000e+00 ,]
par.nDiscretizationBFP = 129
par.backgroundNoise = 0.000
par.nPhotons = 2000
% data - positions are relative to center of combined image
positionX_nm_array = [-9.734839e+02 , -2.247311e+00 ,  1.011238e+03 , -9.731989e+02 , -2.512691e+01 ,  1.001545e+03 , -9.629206e+02 , -1.346243e+01 ,  9.816372e+02 ,]
positionY_nm_array = [-9.716132e+02 , -9.997934e+02 , -9.832908e+02 ,  1.186051e+01 ,  1.793644e+01 , -7.146236e+00 ,  9.654878e+02 ,  9.901276e+02 ,  9.843363e+02 ,]
angleInclination_array = [7.853982e-01 , 7.853982e-01 , 7.853982e-01 , 7.853982e-01 , 7.853982e-01 , 7.853982e-01 , 7.853982e-01 , 7.853982e-01 , 7.853982e-01 ,]
angleAzimuth_array = [3.141593e+00 , 3.141593e+00 , 3.141593e+00 , 3.141593e+00 , 3.141593e+00 , 3.141593e+00 , 3.141593e+00 , 3.141593e+00 , 3.141593e+00 ,]
