% ground truth for sim_inc23_az315_run1.tif
% settings
number_of_spots = 9
grid_size = 3
pixel_size_nm = 52.000
image_size_px = 57
image_size_nm = 2964.000
wavelength = 500
par.objectiveNA = 2.17
objectiveFocalLength = 770
par.refractiveIndices = [1.310000e+00 , 2.170000e+00 , 2.170000e+00 ,]
par.nDiscretizationBFP = 129
par.backgroundNoise = 0.000
par.nPhotons = 2000
% data - positions are relative to center of combined image
positionX_nm_array = [-9.973550e+02 ,  2.503404e+01 ,  9.725346e+02 , -9.803402e+02 , -2.584529e+00 ,  9.698818e+02 , -1.012253e+03 , -1.935728e+01 ,  9.672597e+02 ,]
positionY_nm_array = [-1.005029e+03 , -9.872394e+02 , -9.893151e+02 ,  1.526492e+01 , -9.324330e+00 ,  1.906632e+01 ,  1.003143e+03 ,  9.727981e+02 ,  9.651123e+02 ,]
angleInclination_array = [3.926991e-01 , 3.926991e-01 , 3.926991e-01 , 3.926991e-01 , 3.926991e-01 , 3.926991e-01 , 3.926991e-01 , 3.926991e-01 , 3.926991e-01 ,]
angleAzimuth_array = [5.497787e+00 , 5.497787e+00 , 5.497787e+00 , 5.497787e+00 , 5.497787e+00 , 5.497787e+00 , 5.497787e+00 , 5.497787e+00 , 5.497787e+00 ,]
