% ground truth for sim_inc90_az45_run1.tif
% settings
number_of_spots = 9
grid_size = 3
pixel_size_nm = 52.000
image_size_px = 57
image_size_nm = 2964.000
wavelength = 500
par.objectiveNA = 2.17
objectiveFocalLength = 770
par.refractiveIndices = [1.310000e+00 , 2.170000e+00 , 2.170000e+00 ,]
par.nDiscretizationBFP = 129
par.backgroundNoise = 0.000
par.nPhotons = 2000
% data - positions are relative to center of combined image
positionX_nm_array = [-1.005803e+03 ,  1.310008e+01 ,  9.687784e+02 , -9.842164e+02 , -7.455320e+00 ,  9.693951e+02 , -9.667204e+02 , -3.800537e+00 ,  9.938026e+02 ,]
positionY_nm_array = [-1.005906e+03 , -9.840950e+02 , -9.898267e+02 , -3.489944e-01 ,  1.736138e+01 , -9.564241e+00 ,  9.831254e+02 ,  1.000409e+03 ,  9.666474e+02 ,]
angleInclination_array = [1.570796e+00 , 1.570796e+00 , 1.570796e+00 , 1.570796e+00 , 1.570796e+00 , 1.570796e+00 , 1.570796e+00 , 1.570796e+00 , 1.570796e+00 ,]
angleAzimuth_array = [7.853982e-01 , 7.853982e-01 , 7.853982e-01 , 7.853982e-01 , 7.853982e-01 , 7.853982e-01 , 7.853982e-01 , 7.853982e-01 , 7.853982e-01 ,]
