% ground truth for sim_inc68_az135_run1.tif
% settings
number_of_spots = 9
grid_size = 3
pixel_size_nm = 52.000
image_size_px = 57
image_size_nm = 2964.000
wavelength = 500
par.objectiveNA = 2.17
objectiveFocalLength = 770
par.refractiveIndices = [1.310000e+00 , 2.170000e+00 , 2.170000e+00 ,]
par.nDiscretizationBFP = 129
par.backgroundNoise = 0.000
par.nPhotons = 2000
% data - positions are relative to center of combined image
positionX_nm_array = [-9.830639e+02 , -3.988253e-01 ,  9.706852e+02 , -9.958290e+02 ,  1.328347e+01 ,  9.991991e+02 , -9.796846e+02 , -1.796461e+01 ,  9.622860e+02 ,]
positionY_nm_array = [-9.877877e+02 , -9.636260e+02 , -1.002504e+03 ,  1.322088e+01 ,  6.136341e+00 ,  1.340643e+01 ,  9.868145e+02 ,  9.937418e+02 ,  1.001453e+03 ,]
angleInclination_array = [1.178097e+00 , 1.178097e+00 , 1.178097e+00 , 1.178097e+00 , 1.178097e+00 , 1.178097e+00 , 1.178097e+00 , 1.178097e+00 , 1.178097e+00 ,]
angleAzimuth_array = [2.356194e+00 , 2.356194e+00 , 2.356194e+00 , 2.356194e+00 , 2.356194e+00 , 2.356194e+00 , 2.356194e+00 , 2.356194e+00 , 2.356194e+00 ,]
