% ground truth for sim_inc90_az90_run1.tif
% settings
number_of_spots = 9
grid_size = 3
pixel_size_nm = 52.000
image_size_px = 57
image_size_nm = 2964.000
wavelength = 500
par.objectiveNA = 2.17
objectiveFocalLength = 770
par.refractiveIndices = [1.310000e+00 , 2.170000e+00 , 2.170000e+00 ,]
par.nDiscretizationBFP = 129
par.backgroundNoise = 0.000
par.nPhotons = 2000
% data - positions are relative to center of combined image
positionX_nm_array = [-9.926683e+02 ,  2.145695e+01 ,  9.872617e+02 , -9.708316e+02 , -2.561570e+01 ,  9.859815e+02 , -9.726680e+02 ,  2.395787e+01 ,  9.814579e+02 ,]
positionY_nm_array = [-9.802057e+02 , -9.773782e+02 , -9.898947e+02 ,  2.430986e+01 ,  2.437125e+01 ,  1.905019e+01 ,  1.007470e+03 ,  9.621561e+02 ,  9.951701e+02 ,]
angleInclination_array = [1.570796e+00 , 1.570796e+00 , 1.570796e+00 , 1.570796e+00 , 1.570796e+00 , 1.570796e+00 , 1.570796e+00 , 1.570796e+00 , 1.570796e+00 ,]
angleAzimuth_array = [1.570796e+00 , 1.570796e+00 , 1.570796e+00 , 1.570796e+00 , 1.570796e+00 , 1.570796e+00 , 1.570796e+00 , 1.570796e+00 , 1.570796e+00 ,]
