% ground truth for sim_inc90_az225_run1.tif
% settings
number_of_spots = 9
grid_size = 3
pixel_size_nm = 52.000
image_size_px = 57
image_size_nm = 2964.000
wavelength = 500
par.objectiveNA = 2.17
objectiveFocalLength = 770
par.refractiveIndices = [1.310000e+00 , 2.170000e+00 , 2.170000e+00 ,]
par.nDiscretizationBFP = 129
par.backgroundNoise = 0.000
par.nPhotons = 2000
% data - positions are relative to center of combined image
positionX_nm_array = [-9.928516e+02 ,  1.781729e+01 ,  9.817506e+02 , -9.853795e+02 ,  1.079152e+00 ,  9.955060e+02 , -9.983356e+02 , -4.263347e+00 ,  9.863285e+02 ,]
positionY_nm_array = [-9.669968e+02 , -1.009030e+03 , -9.919088e+02 ,  4.413473e+00 ,  2.448451e+01 ,  2.443682e+01 ,  9.905801e+02 ,  9.792474e+02 ,  9.973668e+02 ,]
angleInclination_array = [1.570796e+00 , 1.570796e+00 , 1.570796e+00 , 1.570796e+00 , 1.570796e+00 , 1.570796e+00 , 1.570796e+00 , 1.570796e+00 , 1.570796e+00 ,]
angleAzimuth_array = [3.926991e+00 , 3.926991e+00 , 3.926991e+00 , 3.926991e+00 , 3.926991e+00 , 3.926991e+00 , 3.926991e+00 , 3.926991e+00 , 3.926991e+00 ,]
