% ground truth for sim_inc45_az90_run1.tif
% settings
number_of_spots = 9
grid_size = 3
pixel_size_nm = 52.000
image_size_px = 57
image_size_nm = 2964.000
wavelength = 500
par.objectiveNA = 2.17
objectiveFocalLength = 770
par.refractiveIndices = [1.310000e+00 , 2.170000e+00 , 2.170000e+00 ,]
par.nDiscretizationBFP = 129
par.backgroundNoise = 0.000
par.nPhotons = 2000
% data - positions are relative to center of combined image
positionX_nm_array = [-9.695327e+02 ,  1.056304e+01 ,  1.011722e+03 , -1.010773e+03 ,  1.739706e+00 ,  9.976490e+02 , -9.934876e+02 ,  5.659012e+00 ,  1.008757e+03 ,]
positionY_nm_array = [-9.668215e+02 , -1.002207e+03 , -9.631626e+02 , -3.549427e+00 , -2.428073e+01 , -2.465753e+01 ,  1.010650e+03 ,  9.758169e+02 ,  9.764887e+02 ,]
angleInclination_array = [7.853982e-01 , 7.853982e-01 , 7.853982e-01 , 7.853982e-01 , 7.853982e-01 , 7.853982e-01 , 7.853982e-01 , 7.853982e-01 , 7.853982e-01 ,]
angleAzimuth_array = [1.570796e+00 , 1.570796e+00 , 1.570796e+00 , 1.570796e+00 , 1.570796e+00 , 1.570796e+00 , 1.570796e+00 , 1.570796e+00 , 1.570796e+00 ,]
