% ground truth for sim_inc0_az135_run1.tif
% settings
number_of_spots = 9
grid_size = 3
pixel_size_nm = 52.000
image_size_px = 57
image_size_nm = 2964.000
wavelength = 500
par.objectiveNA = 2.17
objectiveFocalLength = 770
par.refractiveIndices = [1.310000e+00 , 2.170000e+00 , 2.170000e+00 ,]
par.nDiscretizationBFP = 129
par.backgroundNoise = 0.000
par.nPhotons = 2000
% data - positions are relative to center of combined image
positionX_nm_array = [-9.687476e+02 ,  9.045999e+00 ,  9.983898e+02 , -9.640499e+02 ,  2.153859e+01 ,  9.848381e+02 , -9.676300e+02 , -1.049785e+01 ,  9.840830e+02 ,]
positionY_nm_array = [-1.013048e+03 , -9.714982e+02 , -9.665322e+02 , -1.782379e+01 , -1.706272e+01 ,  6.178092e+00 ,  1.000230e+03 ,  9.642063e+02 ,  9.995901e+02 ,]
angleInclination_array = [0 , 0 , 0 , 0 , 0 , 0 , 0 , 0 , 0 ,]
angleAzimuth_array = [2.356194e+00 , 2.356194e+00 , 2.356194e+00 , 2.356194e+00 , 2.356194e+00 , 2.356194e+00 , 2.356194e+00 , 2.356194e+00 , 2.356194e+00 ,]
