% ground truth for sim_inc68_az270_run1.tif
% settings
number_of_spots = 9
grid_size = 3
pixel_size_nm = 52.000
image_size_px = 57
image_size_nm = 2964.000
wavelength = 500
par.objectiveNA = 2.17
objectiveFocalLength = 770
par.refractiveIndices = [1.310000e+00 , 2.170000e+00 , 2.170000e+00 ,]
par.nDiscretizationBFP = 129
par.backgroundNoise = 0.000
par.nPhotons = 2000
% data - positions are relative to center of combined image
positionX_nm_array = [-1.008801e+03 , -4.099313e+00 ,  1.004629e+03 , -9.704665e+02 , -4.171392e-01 ,  9.747689e+02 , -9.784448e+02 ,  2.359770e+01 ,  9.964158e+02 ,]
positionY_nm_array = [-9.774874e+02 , -1.012856e+03 , -9.922939e+02 , -1.105598e+01 , -1.930776e+01 , -1.214912e+01 ,  9.809842e+02 ,  9.684191e+02 ,  9.697359e+02 ,]
angleInclination_array = [1.178097e+00 , 1.178097e+00 , 1.178097e+00 , 1.178097e+00 , 1.178097e+00 , 1.178097e+00 , 1.178097e+00 , 1.178097e+00 , 1.178097e+00 ,]
angleAzimuth_array = [4.712389e+00 , 4.712389e+00 , 4.712389e+00 , 4.712389e+00 , 4.712389e+00 , 4.712389e+00 , 4.712389e+00 , 4.712389e+00 , 4.712389e+00 ,]
