% ground truth for sim_inc90_az270_run1.tif
% settings
number_of_spots = 9
grid_size = 3
pixel_size_nm = 52.000
image_size_px = 57
image_size_nm = 2964.000
wavelength = 500
par.objectiveNA = 2.17
objectiveFocalLength = 770
par.refractiveIndices = [1.310000e+00 , 2.170000e+00 , 2.170000e+00 ,]
par.nDiscretizationBFP = 129
par.backgroundNoise = 0.000
par.nPhotons = 2000
% data - positions are relative to center of combined image
positionX_nm_array = [-9.746608e+02 ,  1.725224e+01 ,  9.826258e+02 , -9.860936e+02 ,  1.854275e+00 ,  9.962075e+02 , -1.008440e+03 ,  1.908178e+01 ,  9.673474e+02 ,]
positionY_nm_array = [-1.000926e+03 , -9.979647e+02 , -9.974695e+02 ,  2.019151e+00 ,  5.844369e+00 ,  1.691093e+01 ,  9.732672e+02 ,  1.008169e+03 ,  9.910063e+02 ,]
angleInclination_array = [1.570796e+00 , 1.570796e+00 , 1.570796e+00 , 1.570796e+00 , 1.570796e+00 , 1.570796e+00 , 1.570796e+00 , 1.570796e+00 , 1.570796e+00 ,]
angleAzimuth_array = [4.712389e+00 , 4.712389e+00 , 4.712389e+00 , 4.712389e+00 , 4.712389e+00 , 4.712389e+00 , 4.712389e+00 , 4.712389e+00 , 4.712389e+00 ,]
