% ground truth for sim_inc68_az225_run1.tif
% settings
number_of_spots = 9
grid_size = 3
pixel_size_nm = 52.000
image_size_px = 57
image_size_nm = 2964.000
wavelength = 500
par.objectiveNA = 2.17
objectiveFocalLength = 770
par.refractiveIndices = [1.310000e+00 , 2.170000e+00 , 2.170000e+00 ,]
par.nDiscretizationBFP = 129
par.backgroundNoise = 0.000
par.nPhotons = 2000
% data - positions are relative to center of combined image
positionX_nm_array = [-9.856674e+02 ,  1.020254e+01 ,  9.863639e+02 , -1.004491e+03 ,  1.186913e+01 ,  9.811907e+02 , -9.742460e+02 , -7.983001e+00 ,  9.628804e+02 ,]
positionY_nm_array = [-1.004580e+03 , -9.870416e+02 , -9.674981e+02 , -2.782203e+00 ,  1.435029e+01 , -6.687150e+00 ,  1.008945e+03 ,  1.007752e+03 ,  9.657802e+02 ,]
angleInclination_array = [1.178097e+00 , 1.178097e+00 , 1.178097e+00 , 1.178097e+00 , 1.178097e+00 , 1.178097e+00 , 1.178097e+00 , 1.178097e+00 , 1.178097e+00 ,]
angleAzimuth_array = [3.926991e+00 , 3.926991e+00 , 3.926991e+00 , 3.926991e+00 , 3.926991e+00 , 3.926991e+00 , 3.926991e+00 , 3.926991e+00 , 3.926991e+00 ,]
