% ground truth for sim_inc0_az270_run1.tif
% settings
number_of_spots = 9
grid_size = 3
pixel_size_nm = 52.000
image_size_px = 57
image_size_nm = 2964.000
wavelength = 500
par.objectiveNA = 2.17
objectiveFocalLength = 770
par.refractiveIndices = [1.310000e+00 , 2.170000e+00 , 2.170000e+00 ,]
par.nDiscretizationBFP = 129
par.backgroundNoise = 0.000
par.nPhotons = 2000
% data - positions are relative to center of combined image
positionX_nm_array = [-9.894939e+02 , -5.615426e+00 ,  1.000983e+03 , -9.915791e+02 ,  9.106245e+00 ,  9.998542e+02 , -1.003023e+03 , -7.802365e+00 ,  9.856125e+02 ,]
positionY_nm_array = [-9.844752e+02 , -9.728993e+02 , -1.009278e+03 ,  1.379407e+01 ,  2.030516e+01 ,  1.026282e+01 ,  9.627450e+02 ,  9.996234e+02 ,  9.718744e+02 ,]
angleInclination_array = [0 , 0 , 0 , 0 , 0 , 0 , 0 , 0 , 0 ,]
angleAzimuth_array = [4.712389e+00 , 4.712389e+00 , 4.712389e+00 , 4.712389e+00 , 4.712389e+00 , 4.712389e+00 , 4.712389e+00 , 4.712389e+00 , 4.712389e+00 ,]
