% ground truth for sim_inc0_az315_run1.tif
% settings
number_of_spots = 9
grid_size = 3
pixel_size_nm = 52.000
image_size_px = 57
image_size_nm = 2964.000
wavelength = 500
par.objectiveNA = 2.17
objectiveFocalLength = 770
par.refractiveIndices = [1.310000e+00 , 2.170000e+00 , 2.170000e+00 ,]
par.nDiscretizationBFP = 129
par.backgroundNoise = 0.000
par.nPhotons = 2000
% data - positions are relative to center of combined image
positionX_nm_array = [-9.933053e+02 , -1.989402e+01 ,  9.965390e+02 , -1.011107e+03 , -1.578122e+01 ,  9.659481e+02 , -9.748008e+02 ,  1.372642e+01 ,  1.000546e+03 ,]
positionY_nm_array = [-9.905695e+02 , -1.002414e+03 , -9.880015e+02 ,  2.056951e+01 , -1.352678e+01 , -1.001762e+01 ,  9.908293e+02 ,  9.919711e+02 ,  9.766824e+02 ,]
angleInclination_array = [0 , 0 , 0 , 0 , 0 , 0 , 0 , 0 , 0 ,]
angleAzimuth_array = [5.497787e+00 , 5.497787e+00 , 5.497787e+00 , 5.497787e+00 , 5.497787e+00 , 5.497787e+00 , 5.497787e+00 , 5.497787e+00 , 5.497787e+00 ,]
