% ground truth for sim_inc68_az315_run1.tif
% settings
number_of_spots = 9
grid_size = 3
pixel_size_nm = 52.000
image_size_px = 57
image_size_nm = 2964.000
wavelength = 500
par.objectiveNA = 2.17
objectiveFocalLength = 770
par.refractiveIndices = [1.310000e+00 , 2.170000e+00 , 2.170000e+00 ,]
par.nDiscretizationBFP = 129
par.backgroundNoise = 0.000
par.nPhotons = 2000
% data - positions are relative to center of combined image
positionX_nm_array = [-9.939556e+02 ,  1.114619e+01 ,  9.910407e+02 , -1.005754e+03 ,  5.421909e+00 ,  9.929781e+02 , -1.006696e+03 , -7.393745e+00 ,  9.899638e+02 ,]
positionY_nm_array = [-1.004506e+03 , -1.011225e+03 , -9.760614e+02 ,  1.286662e+01 , -7.951424e+00 ,  2.843315e-01 ,  9.650780e+02 ,  9.845660e+02 ,  9.654361e+02 ,]
angleInclination_array = [1.178097e+00 , 1.178097e+00 , 1.178097e+00 , 1.178097e+00 , 1.178097e+00 , 1.178097e+00 , 1.178097e+00 , 1.178097e+00 , 1.178097e+00 ,]
angleAzimuth_array = [5.497787e+00 , 5.497787e+00 , 5.497787e+00 , 5.497787e+00 , 5.497787e+00 , 5.497787e+00 , 5.497787e+00 , 5.497787e+00 , 5.497787e+00 ,]
