% ground truth for sim_inc90_az0_run1.tif
% settings
number_of_spots = 9
grid_size = 3
pixel_size_nm = 52.000
image_size_px = 57
image_size_nm = 2964.000
wavelength = 500
par.objectiveNA = 2.17
objectiveFocalLength = 770
par.refractiveIndices = [1.310000e+00 , 2.170000e+00 , 2.170000e+00 ,]
par.nDiscretizationBFP = 129
par.backgroundNoise = 0.000
par.nPhotons = 2000
% data - positions are relative to center of combined image
positionX_nm_array = [-9.706585e+02 , -1.262760e+01 ,  1.007817e+03 , -9.974121e+02 , -7.796070e-01 ,  1.000131e+03 , -9.876570e+02 ,  2.098973e+01 ,  9.828043e+02 ,]
positionY_nm_array = [-9.764110e+02 , -9.882144e+02 , -9.763991e+02 ,  1.725342e+01 ,  2.552303e+00 ,  1.833407e+01 ,  9.639502e+02 ,  9.859825e+02 ,  9.951464e+02 ,]
angleInclination_array = [1.570796e+00 , 1.570796e+00 , 1.570796e+00 , 1.570796e+00 , 1.570796e+00 , 1.570796e+00 , 1.570796e+00 , 1.570796e+00 , 1.570796e+00 ,]
angleAzimuth_array = [0 , 0 , 0 , 0 , 0 , 0 , 0 , 0 , 0 ,]
