% ground truth for sim_inc23_az90_run1.tif
% settings
number_of_spots = 9
grid_size = 3
pixel_size_nm = 52.000
image_size_px = 57
image_size_nm = 2964.000
wavelength = 500
par.objectiveNA = 2.17
objectiveFocalLength = 770
par.refractiveIndices = [1.310000e+00 , 2.170000e+00 , 2.170000e+00 ,]
par.nDiscretizationBFP = 129
par.backgroundNoise = 0.000
par.nPhotons = 2000
% data - positions are relative to center of combined image
positionX_nm_array = [-9.958497e+02 , -8.731537e+00 ,  9.945018e+02 , -9.897001e+02 ,  1.212141e+01 ,  1.005951e+03 , -9.791384e+02 , -2.350440e+01 ,  9.692595e+02 ,]
positionY_nm_array = [-9.834678e+02 , -9.776616e+02 , -9.830756e+02 , -7.825538e+00 , -5.471233e+00 ,  1.551494e+01 ,  1.003140e+03 ,  1.003022e+03 ,  9.935734e+02 ,]
angleInclination_array = [3.926991e-01 , 3.926991e-01 , 3.926991e-01 , 3.926991e-01 , 3.926991e-01 , 3.926991e-01 , 3.926991e-01 , 3.926991e-01 , 3.926991e-01 ,]
angleAzimuth_array = [1.570796e+00 , 1.570796e+00 , 1.570796e+00 , 1.570796e+00 , 1.570796e+00 , 1.570796e+00 , 1.570796e+00 , 1.570796e+00 , 1.570796e+00 ,]
