% ground truth for sim_inc23_az270_run1.tif
% settings
number_of_spots = 9
grid_size = 3
pixel_size_nm = 52.000
image_size_px = 57
image_size_nm = 2964.000
wavelength = 500
par.objectiveNA = 2.17
objectiveFocalLength = 770
par.refractiveIndices = [1.310000e+00 , 2.170000e+00 , 2.170000e+00 ,]
par.nDiscretizationBFP = 129
par.backgroundNoise = 0.000
par.nPhotons = 2000
% data - positions are relative to center of combined image
positionX_nm_array = [-9.777493e+02 , -1.458762e+01 ,  1.003237e+03 , -9.856519e+02 ,  1.988036e+01 ,  9.920510e+02 , -1.005708e+03 , -3.386093e+00 ,  9.883647e+02 ,]
positionY_nm_array = [-9.792025e+02 , -9.914194e+02 , -9.684515e+02 , -1.057272e+00 , -1.445482e+01 ,  1.462350e+01 ,  9.888312e+02 ,  9.640320e+02 ,  9.744307e+02 ,]
angleInclination_array = [3.926991e-01 , 3.926991e-01 , 3.926991e-01 , 3.926991e-01 , 3.926991e-01 , 3.926991e-01 , 3.926991e-01 , 3.926991e-01 , 3.926991e-01 ,]
angleAzimuth_array = [4.712389e+00 , 4.712389e+00 , 4.712389e+00 , 4.712389e+00 , 4.712389e+00 , 4.712389e+00 , 4.712389e+00 , 4.712389e+00 , 4.712389e+00 ,]
