% ground truth for sim_inc23_az135_run1.tif
% settings
number_of_spots = 9
grid_size = 3
pixel_size_nm = 52.000
image_size_px = 57
image_size_nm = 2964.000
wavelength = 500
par.objectiveNA = 2.17
objectiveFocalLength = 770
par.refractiveIndices = [1.310000e+00 , 2.170000e+00 , 2.170000e+00 ,]
par.nDiscretizationBFP = 129
par.backgroundNoise = 0.000
par.nPhotons = 2000
% data - positions are relative to center of combined image
positionX_nm_array = [-1.012477e+03 , -1.703896e+01 ,  9.979125e+02 , -9.923227e+02 , -1.025539e+01 ,  1.010237e+03 , -1.013998e+03 , -1.721516e+01 ,  9.749379e+02 ,]
positionY_nm_array = [-9.897039e+02 , -9.780057e+02 , -9.990802e+02 ,  1.094125e+01 ,  5.446211e+00 , -9.732482e+00 ,  1.006957e+03 ,  9.750794e+02 ,  9.964199e+02 ,]
angleInclination_array = [3.926991e-01 , 3.926991e-01 , 3.926991e-01 , 3.926991e-01 , 3.926991e-01 , 3.926991e-01 , 3.926991e-01 , 3.926991e-01 , 3.926991e-01 ,]
angleAzimuth_array = [2.356194e+00 , 2.356194e+00 , 2.356194e+00 , 2.356194e+00 , 2.356194e+00 , 2.356194e+00 , 2.356194e+00 , 2.356194e+00 , 2.356194e+00 ,]
