% ground truth for sim_inc45_az315_run1.tif
% settings
number_of_spots = 9
grid_size = 3
pixel_size_nm = 52.000
image_size_px = 57
image_size_nm = 2964.000
wavelength = 500
par.objectiveNA = 2.17
objectiveFocalLength = 770
par.refractiveIndices = [1.310000e+00 , 2.170000e+00 , 2.170000e+00 ,]
par.nDiscretizationBFP = 129
par.backgroundNoise = 0.000
par.nPhotons = 2000
% data - positions are relative to center of combined image
positionX_nm_array = [-9.964441e+02 ,  1.718213e+01 ,  9.701688e+02 , -9.708369e+02 , -1.094619e+01 ,  1.000617e+03 , -9.660890e+02 , -2.355880e+01 ,  9.629061e+02 ,]
positionY_nm_array = [-1.013810e+03 , -1.003323e+03 , -9.738813e+02 , -1.587822e+01 ,  5.126771e+00 , -7.370890e+00 ,  9.938438e+02 ,  9.941616e+02 ,  9.786951e+02 ,]
angleInclination_array = [7.853982e-01 , 7.853982e-01 , 7.853982e-01 , 7.853982e-01 , 7.853982e-01 , 7.853982e-01 , 7.853982e-01 , 7.853982e-01 , 7.853982e-01 ,]
angleAzimuth_array = [5.497787e+00 , 5.497787e+00 , 5.497787e+00 , 5.497787e+00 , 5.497787e+00 , 5.497787e+00 , 5.497787e+00 , 5.497787e+00 , 5.497787e+00 ,]
