% ground truth for sim_inc45_az270_run1.tif
% settings
number_of_spots = 9
grid_size = 3
pixel_size_nm = 52.000
image_size_px = 57
image_size_nm = 2964.000
wavelength = 500
par.objectiveNA = 2.17
objectiveFocalLength = 770
par.refractiveIndices = [1.310000e+00 , 2.170000e+00 , 2.170000e+00 ,]
par.nDiscretizationBFP = 129
par.backgroundNoise = 0.000
par.nPhotons = 2000
% data - positions are relative to center of combined image
positionX_nm_array = [-9.716253e+02 ,  7.842313e+00 ,  1.007378e+03 , -9.840156e+02 ,  4.832233e-01 ,  9.695691e+02 , -9.676897e+02 , -2.545450e+01 ,  9.874699e+02 ,]
positionY_nm_array = [-9.899563e+02 , -9.929752e+02 , -9.831446e+02 ,  1.514084e+01 , -1.988686e+01 , -1.471625e+01 ,  9.638596e+02 ,  9.713287e+02 ,  9.815093e+02 ,]
angleInclination_array = [7.853982e-01 , 7.853982e-01 , 7.853982e-01 , 7.853982e-01 , 7.853982e-01 , 7.853982e-01 , 7.853982e-01 , 7.853982e-01 , 7.853982e-01 ,]
angleAzimuth_array = [4.712389e+00 , 4.712389e+00 , 4.712389e+00 , 4.712389e+00 , 4.712389e+00 , 4.712389e+00 , 4.712389e+00 , 4.712389e+00 , 4.712389e+00 ,]
