% ground truth for sim_inc23_az225_run1.tif
% settings
number_of_spots = 9
grid_size = 3
pixel_size_nm = 52.000
image_size_px = 57
image_size_nm = 2964.000
wavelength = 500
par.objectiveNA = 2.17
objectiveFocalLength = 770
par.refractiveIndices = [1.310000e+00 , 2.170000e+00 , 2.170000e+00 ,]
par.nDiscretizationBFP = 129
par.backgroundNoise = 0.000
par.nPhotons = 2000
% data - positions are relative to center of combined image
positionX_nm_array = [-9.665833e+02 , -1.282804e+01 ,  9.694337e+02 , -1.000214e+03 ,  8.039107e+00 ,  9.808762e+02 , -9.822955e+02 , -1.425541e+01 ,  9.710596e+02 ,]
positionY_nm_array = [-9.870614e+02 , -1.013497e+03 , -9.964201e+02 ,  1.972179e+01 , -7.343369e+00 ,  1.868237e+01 ,  9.940965e+02 ,  9.992631e+02 ,  9.694116e+02 ,]
angleInclination_array = [3.926991e-01 , 3.926991e-01 , 3.926991e-01 , 3.926991e-01 , 3.926991e-01 , 3.926991e-01 , 3.926991e-01 , 3.926991e-01 , 3.926991e-01 ,]
angleAzimuth_array = [3.926991e+00 , 3.926991e+00 , 3.926991e+00 , 3.926991e+00 , 3.926991e+00 , 3.926991e+00 , 3.926991e+00 , 3.926991e+00 , 3.926991e+00 ,]
