% ground truth for sim_inc23_az180_run1.tif
% settings
number_of_spots = 9
grid_size = 3
pixel_size_nm = 52.000
image_size_px = 57
image_size_nm = 2964.000
wavelength = 500
par.objectiveNA = 2.17
objectiveFocalLength = 770
par.refractiveIndices = [1.310000e+00 , 2.170000e+00 , 2.170000e+00 ,]
par.nDiscretizationBFP = 129
par.backgroundNoise = 0.000
par.nPhotons = 2000
% data - positions are relative to center of combined image
positionX_nm_array = [-9.888667e+02 ,  1.757258e+00 ,  9.871584e+02 , -9.752601e+02 ,  1.584069e+01 ,  1.009245e+03 , -1.010526e+03 , -2.285439e+01 ,  9.800682e+02 ,]
positionY_nm_array = [-9.626872e+02 , -9.729065e+02 , -9.760084e+02 , -1.063750e+01 ,  1.693041e+00 ,  1.702537e+01 ,  9.765996e+02 ,  9.974004e+02 ,  9.948340e+02 ,]
angleInclination_array = [3.926991e-01 , 3.926991e-01 , 3.926991e-01 , 3.926991e-01 , 3.926991e-01 , 3.926991e-01 , 3.926991e-01 , 3.926991e-01 , 3.926991e-01 ,]
angleAzimuth_array = [3.141593e+00 , 3.141593e+00 , 3.141593e+00 , 3.141593e+00 , 3.141593e+00 , 3.141593e+00 , 3.141593e+00 , 3.141593e+00 , 3.141593e+00 ,]
