% ground truth for sim_inc0_az45_run1.tif
% settings
number_of_spots = 9
grid_size = 3
pixel_size_nm = 52.000
image_size_px = 57
image_size_nm = 2964.000
wavelength = 500
par.objectiveNA = 2.17
objectiveFocalLength = 770
par.refractiveIndices = [1.310000e+00 , 2.170000e+00 , 2.170000e+00 ,]
par.nDiscretizationBFP = 129
par.backgroundNoise = 0.000
par.nPhotons = 2000
% data - positions are relative to center of combined image
positionX_nm_array = [-9.862528e+02 , -2.064678e+01 ,  1.006394e+03 , -9.904840e+02 , -9.623868e+00 ,  9.909843e+02 , -9.867468e+02 , -1.146129e+01 ,  9.892940e+02 ,]
positionY_nm_array = [-9.765341e+02 , -1.000147e+03 , -9.685455e+02 ,  1.343224e+01 ,  5.654066e+00 , -1.192225e+01 ,  1.008668e+03 ,  9.926655e+02 ,  9.943265e+02 ,]
angleInclination_array = [0 , 0 , 0 , 0 , 0 , 0 , 0 , 0 , 0 ,]
angleAzimuth_array = [7.853982e-01 , 7.853982e-01 , 7.853982e-01 , 7.853982e-01 , 7.853982e-01 , 7.853982e-01 , 7.853982e-01 , 7.853982e-01 , 7.853982e-01 ,]
