% ground truth for sim_inc45_az0_run1.tif
% settings
number_of_spots = 9
grid_size = 3
pixel_size_nm = 52.000
image_size_px = 57
image_size_nm = 2964.000
wavelength = 500
par.objectiveNA = 2.17
objectiveFocalLength = 770
par.refractiveIndices = [1.310000e+00 , 2.170000e+00 , 2.170000e+00 ,]
par.nDiscretizationBFP = 129
par.backgroundNoise = 0.000
par.nPhotons = 2000
% data - positions are relative to center of combined image
positionX_nm_array = [-9.947318e+02 , -2.018118e+01 ,  1.007139e+03 , -9.960109e+02 , -2.094324e+01 ,  9.876971e+02 , -9.733020e+02 , -1.078239e+01 ,  9.779260e+02 ,]
positionY_nm_array = [-9.661780e+02 , -9.662323e+02 , -9.841377e+02 ,  1.379017e+00 ,  5.228787e+00 , -4.876002e+00 ,  9.783827e+02 ,  9.762434e+02 ,  1.010170e+03 ,]
angleInclination_array = [7.853982e-01 , 7.853982e-01 , 7.853982e-01 , 7.853982e-01 , 7.853982e-01 , 7.853982e-01 , 7.853982e-01 , 7.853982e-01 , 7.853982e-01 ,]
angleAzimuth_array = [0 , 0 , 0 , 0 , 0 , 0 , 0 , 0 , 0 ,]
