% ground truth for sim_inc23_az0_run1.tif
% settings
number_of_spots = 9
grid_size = 3
pixel_size_nm = 52.000
image_size_px = 57
image_size_nm = 2964.000
wavelength = 500
par.objectiveNA = 2.17
objectiveFocalLength = 770
par.refractiveIndices = [1.310000e+00 , 2.170000e+00 , 2.170000e+00 ,]
par.nDiscretizationBFP = 129
par.backgroundNoise = 0.000
par.nPhotons = 2000
% data - positions are relative to center of combined image
positionX_nm_array = [-9.792191e+02 ,  9.351864e+00 ,  9.665409e+02 , -9.631346e+02 ,  9.344282e+00 ,  9.886685e+02 , -1.007418e+03 ,  5.304085e+00 ,  9.918238e+02 ,]
positionY_nm_array = [-9.740560e+02 , -1.003599e+03 , -9.764144e+02 ,  2.488015e+01 , -1.679786e+01 , -1.820542e+01 ,  9.740390e+02 ,  1.005760e+03 ,  9.720005e+02 ,]
angleInclination_array = [3.926991e-01 , 3.926991e-01 , 3.926991e-01 , 3.926991e-01 , 3.926991e-01 , 3.926991e-01 , 3.926991e-01 , 3.926991e-01 , 3.926991e-01 ,]
angleAzimuth_array = [0 , 0 , 0 , 0 , 0 , 0 , 0 , 0 , 0 ,]
