% ground truth for sim_inc23_az45_run1.tif
% settings
number_of_spots = 9
grid_size = 3
pixel_size_nm = 52.000
image_size_px = 57
image_size_nm = 2964.000
wavelength = 500
par.objectiveNA = 2.17
objectiveFocalLength = 770
par.refractiveIndices = [1.310000e+00 , 2.170000e+00 , 2.170000e+00 ,]
par.nDiscretizationBFP = 129
par.backgroundNoise = 0.000
par.nPhotons = 2000
% data - positions are relative to center of combined image
positionX_nm_array = [-9.628948e+02 , -1.318780e+01 ,  1.010944e+03 , -9.930904e+02 ,  1.313958e+01 ,  9.689634e+02 , -9.703885e+02 ,  2.591496e+01 ,  9.854895e+02 ,]
positionY_nm_array = [-9.812514e+02 , -9.915440e+02 , -9.997888e+02 , -1.250571e+01 ,  9.328311e+00 , -8.712742e+00 ,  9.684303e+02 ,  1.009435e+03 ,  9.730035e+02 ,]
angleInclination_array = [3.926991e-01 , 3.926991e-01 , 3.926991e-01 , 3.926991e-01 , 3.926991e-01 , 3.926991e-01 , 3.926991e-01 , 3.926991e-01 , 3.926991e-01 ,]
angleAzimuth_array = [7.853982e-01 , 7.853982e-01 , 7.853982e-01 , 7.853982e-01 , 7.853982e-01 , 7.853982e-01 , 7.853982e-01 , 7.853982e-01 , 7.853982e-01 ,]
