% ground truth for sim_inc68_az45_run1.tif
% settings
number_of_spots = 9
grid_size = 3
pixel_size_nm = 52.000
image_size_px = 57
image_size_nm = 2964.000
wavelength = 500
par.objectiveNA = 2.17
objectiveFocalLength = 770
par.refractiveIndices = [1.310000e+00 , 2.170000e+00 , 2.170000e+00 ,]
par.nDiscretizationBFP = 129
par.backgroundNoise = 0.000
par.nPhotons = 2000
% data - positions are relative to center of combined image
positionX_nm_array = [-9.885847e+02 , -7.650268e-01 ,  9.697179e+02 , -1.007093e+03 , -9.303401e+00 ,  9.963684e+02 , -9.985186e+02 ,  1.779531e+00 ,  9.853799e+02 ,]
positionY_nm_array = [-1.004039e+03 , -9.756690e+02 , -1.004740e+03 , -1.597185e+01 ,  1.829725e+01 , -2.476388e+01 ,  9.983375e+02 ,  9.981513e+02 ,  9.967449e+02 ,]
angleInclination_array = [1.178097e+00 , 1.178097e+00 , 1.178097e+00 , 1.178097e+00 , 1.178097e+00 , 1.178097e+00 , 1.178097e+00 , 1.178097e+00 , 1.178097e+00 ,]
angleAzimuth_array = [7.853982e-01 , 7.853982e-01 , 7.853982e-01 , 7.853982e-01 , 7.853982e-01 , 7.853982e-01 , 7.853982e-01 , 7.853982e-01 , 7.853982e-01 ,]
