% ground truth for sim_inc45_az45_run1.tif
% settings
number_of_spots = 9
grid_size = 3
pixel_size_nm = 52.000
image_size_px = 57
image_size_nm = 2964.000
wavelength = 500
par.objectiveNA = 2.17
objectiveFocalLength = 770
par.refractiveIndices = [1.310000e+00 , 2.170000e+00 , 2.170000e+00 ,]
par.nDiscretizationBFP = 129
par.backgroundNoise = 0.000
par.nPhotons = 2000
% data - positions are relative to center of combined image
positionX_nm_array = [-9.938392e+02 ,  1.973405e+01 ,  9.719252e+02 , -9.623418e+02 ,  2.312919e+01 ,  1.008436e+03 , -1.009018e+03 ,  1.860052e+01 ,  9.984783e+02 ,]
positionY_nm_array = [-9.642172e+02 , -9.779814e+02 , -1.002019e+03 , -4.883741e+00 ,  2.080278e+00 , -7.479177e-02 ,  1.000876e+03 ,  9.893592e+02 ,  9.641824e+02 ,]
angleInclination_array = [7.853982e-01 , 7.853982e-01 , 7.853982e-01 , 7.853982e-01 , 7.853982e-01 , 7.853982e-01 , 7.853982e-01 , 7.853982e-01 , 7.853982e-01 ,]
angleAzimuth_array = [7.853982e-01 , 7.853982e-01 , 7.853982e-01 , 7.853982e-01 , 7.853982e-01 , 7.853982e-01 , 7.853982e-01 , 7.853982e-01 , 7.853982e-01 ,]
