% ground truth for sim_inc90_az74_run1.tif
% settings
number_of_spots = 2
pixel_size_nm = 52.000
image_width_nm = 35672.000
image_height_nm = 22776.000
image_width_px = 686.000
image_height_px = 438.000
patch_size_px = 19
wavelength = 500
par.objectiveNA = 2.17
objectiveFocalLength = 770
par.refractiveIndices = [1.310000e+00 , 2.170000e+00 , 2.170000e+00 ,]
par.nDiscretizationBFP = 129
par.backgroundNoise = 0.000
par.nPhotons = 2000
% data
positionX_nm_array = [-9412.0000000000, -6812.0000000000,]
positionY_nm_array = [-6916.0000000000, -5980.0000000000,]
angleInclination_array = [1.5707963268, 1.5707963268,]
angleAzimuth_array = [1.2740903540, 1.2915436465,]
