% ground truth for sim_inc68_az2_run1.tif
% settings
number_of_spots = 2
pixel_size_nm = 52.000
image_width_nm = 35672.000
image_height_nm = 22776.000
image_width_px = 686.000
image_height_px = 438.000
patch_size_px = 19
wavelength = 500
par.objectiveNA = 2.17
objectiveFocalLength = 770
par.refractiveIndices = [1.310000e+00 , 2.170000e+00 , 2.170000e+00 ,]
par.nDiscretizationBFP = 129
par.backgroundNoise = 0.000
par.nPhotons = 2000
% data
positionX_nm_array = [9828.0000000000, 2600.0000000000,]
positionY_nm_array = [-104.0000000000, 7384.0000000000,]
angleInclination_array = [1.1780972451, 1.1780972451,]
angleAzimuth_array = [0.0174532925, 0.0349065850,]
