% ground truth for sim_inc68_az270_run1.tif
% settings
number_of_spots = 4
pixel_size_nm = 52.000
image_size_nm = 4000.000
image_size_px = 77
wavelength = 500
par.objectiveNA = 2.17
objectiveFocalLength = 770
par.refractiveIndices = [1.310000e+00 , 2.170000e+00 , 2.170000e+00 ,]
par.nDiscretizationBFP = 129
par.backgroundNoise = 0.000
par.nPhotons = 2000
positionX_nm_array = [5.066863e+02 , -8.230697e+02 ,  3.063218e+02 ,  1.122144e+03 ,]
positionY_nm_array = [-3.596183e+02 ,  5.526172e+02 ,  6.851443e+02 ,  1.271788e+03 ,]
angleInclination_array = [1.178097e+00 , 1.178097e+00 , 1.178097e+00 , 1.178097e+00 ,]
angleAzimuth_array = [4.712389e+00 , 4.712389e+00 , 4.712389e+00 , 4.712389e+00 ,]
