% ground truth for sim_inc0_az135_run1.tif
% settings
number_of_spots = 4
pixel_size_nm = 52.000
image_size_nm = 4000.000
image_size_px = 77
wavelength = 500
par.objectiveNA = 2.17
objectiveFocalLength = 770
par.refractiveIndices = [1.310000e+00 , 2.170000e+00 , 2.170000e+00 ,]
par.nDiscretizationBFP = 129
par.backgroundNoise = 0.000
par.nPhotons = 2000
positionX_nm_array = [7.029977e+02 ,  2.479573e+02 , -1.254641e+03 , -9.366782e+02 ,]
positionY_nm_array = [1.006083e+03 , -7.933614e+02 , -8.221824e+02 ,  1.108792e+03 ,]
angleInclination_array = [0 , 0 , 0 , 0 ,]
angleAzimuth_array = [2.356194e+00 , 2.356194e+00 , 2.356194e+00 , 2.356194e+00 ,]
