% ground truth for sim_inc23_az45_run1.tif
% settings
number_of_spots = 4
pixel_size_nm = 52.000
image_size_nm = 4000.000
image_size_px = 77
wavelength = 500
par.objectiveNA = 2.17
objectiveFocalLength = 770
par.refractiveIndices = [1.310000e+00 , 2.170000e+00 , 2.170000e+00 ,]
par.nDiscretizationBFP = 129
par.backgroundNoise = 0.000
par.nPhotons = 2000
positionX_nm_array = [-2.458057e+02 , -1.167636e+02 ,  1.398321e+03 , -1.345622e+03 ,]
positionY_nm_array = [-5.810281e+02 ,  4.837688e+02 , -3.825589e+02 , -5.893205e+02 ,]
angleInclination_array = [3.926991e-01 , 3.926991e-01 , 3.926991e-01 , 3.926991e-01 ,]
angleAzimuth_array = [7.853982e-01 , 7.853982e-01 , 7.853982e-01 , 7.853982e-01 ,]
