% ground truth for sim_inc0_az45_run1.tif
% settings
number_of_spots = 4
pixel_size_nm = 52.000
image_size_nm = 4000.000
image_size_px = 77
wavelength = 500
par.objectiveNA = 2.17
objectiveFocalLength = 770
par.refractiveIndices = [1.310000e+00 , 2.170000e+00 , 2.170000e+00 ,]
par.nDiscretizationBFP = 129
par.backgroundNoise = 0.000
par.nPhotons = 2000
positionX_nm_array = [1.327275e+03 , -4.853845e+02 , -1.196172e+03 ,  9.776332e+02 ,]
positionY_nm_array = [1.204427e+03 , -1.784620e+02 , -1.318064e+03 , -5.282933e+02 ,]
angleInclination_array = [0 , 0 , 0 , 0 ,]
angleAzimuth_array = [7.853982e-01 , 7.853982e-01 , 7.853982e-01 , 7.853982e-01 ,]
