% ground truth for sim_inc90_az45_run1.tif
% settings
number_of_spots = 4
pixel_size_nm = 52.000
image_size_nm = 4000.000
image_size_px = 77
wavelength = 500
par.objectiveNA = 2.17
objectiveFocalLength = 770
par.refractiveIndices = [1.310000e+00 , 2.170000e+00 , 2.170000e+00 ,]
par.nDiscretizationBFP = 129
par.backgroundNoise = 0.000
par.nPhotons = 2000
positionX_nm_array = [-9.252461e+01 ,  1.341099e+03 , -1.084852e+03 ,  1.152783e+03 ,]
positionY_nm_array = [-6.885893e+02 , -1.276305e+03 , -1.101411e+03 ,  4.795560e+02 ,]
angleInclination_array = [1.570796e+00 , 1.570796e+00 , 1.570796e+00 , 1.570796e+00 ,]
angleAzimuth_array = [7.853982e-01 , 7.853982e-01 , 7.853982e-01 , 7.853982e-01 ,]
