% ground truth for sim_inc23_az0_run1.tif
% settings
number_of_spots = 4
pixel_size_nm = 52.000
image_size_nm = 4000.000
image_size_px = 77
wavelength = 500
par.objectiveNA = 2.17
objectiveFocalLength = 770
par.refractiveIndices = [1.310000e+00 , 2.170000e+00 , 2.170000e+00 ,]
par.nDiscretizationBFP = 129
par.backgroundNoise = 0.000
par.nPhotons = 2000
positionX_nm_array = [-4.841346e+02 ,  7.331344e+02 , -1.106853e+03 , -1.214511e+03 ,]
positionY_nm_array = [3.385820e+02 ,  5.071160e+02 , -1.036655e+03 ,  1.086973e+03 ,]
angleInclination_array = [3.926991e-01 , 3.926991e-01 , 3.926991e-01 , 3.926991e-01 ,]
angleAzimuth_array = [0 , 0 , 0 , 0 ,]
