% ground truth for sim_inc0_az90_run1.tif
% settings
number_of_spots = 4
pixel_size_nm = 52.000
image_size_nm = 4000.000
image_size_px = 77
wavelength = 500
par.objectiveNA = 2.17
objectiveFocalLength = 770
par.refractiveIndices = [1.310000e+00 , 2.170000e+00 , 2.170000e+00 ,]
par.nDiscretizationBFP = 129
par.backgroundNoise = 0.000
par.nPhotons = 2000
positionX_nm_array = [5.759034e+02 , -3.830850e+02 , -1.143611e+03 ,  8.967010e+02 ,]
positionY_nm_array = [1.613107e+02 , -6.948671e+02 ,  4.448748e+02 ,  1.188995e+03 ,]
angleInclination_array = [0 , 0 , 0 , 0 ,]
angleAzimuth_array = [1.570796e+00 , 1.570796e+00 , 1.570796e+00 , 1.570796e+00 ,]
