% ground truth for sim_inc0_az270_run1.tif
% settings
number_of_spots = 4
pixel_size_nm = 52.000
image_size_nm = 4000.000
image_size_px = 77
wavelength = 500
par.objectiveNA = 2.17
objectiveFocalLength = 770
par.refractiveIndices = [1.310000e+00 , 2.170000e+00 , 2.170000e+00 ,]
par.nDiscretizationBFP = 129
par.backgroundNoise = 0.000
par.nPhotons = 2000
positionX_nm_array = [1.155013e+03 , -2.002650e+02 , -9.423096e+02 ,  1.393577e+03 ,]
positionY_nm_array = [-5.522103e+02 ,  1.118827e+03 ,  3.855110e+02 ,  5.740592e+02 ,]
angleInclination_array = [0 , 0 , 0 , 0 ,]
angleAzimuth_array = [4.712389e+00 , 4.712389e+00 , 4.712389e+00 , 4.712389e+00 ,]
