% ground truth for sim_inc0_az180_run1.tif
% settings
number_of_spots = 4
pixel_size_nm = 52.000
image_size_nm = 4000.000
image_size_px = 77
wavelength = 500
par.objectiveNA = 2.17
objectiveFocalLength = 770
par.refractiveIndices = [1.310000e+00 , 2.170000e+00 , 2.170000e+00 ,]
par.nDiscretizationBFP = 129
par.backgroundNoise = 0.000
par.nPhotons = 2000
positionX_nm_array = [1.024552e+03 , -1.271617e+03 ,  3.782535e+02 ,  1.183861e+03 ,]
positionY_nm_array = [-1.236760e+03 ,  1.363367e+03 ,  1.214923e+03 ,  2.266364e+02 ,]
angleInclination_array = [0 , 0 , 0 , 0 ,]
angleAzimuth_array = [3.141593e+00 , 3.141593e+00 , 3.141593e+00 , 3.141593e+00 ,]
