% ground truth for sim_inc45_az225_run1.tif
% settings
number_of_spots = 4
pixel_size_nm = 52.000
image_size_nm = 4000.000
image_size_px = 77
wavelength = 500
par.objectiveNA = 2.17
objectiveFocalLength = 770
par.refractiveIndices = [1.310000e+00 , 2.170000e+00 , 2.170000e+00 ,]
par.nDiscretizationBFP = 129
par.backgroundNoise = 0.000
par.nPhotons = 2000
positionX_nm_array = [6.582927e+02 , -1.252620e+03 , -7.393676e+02 ,  2.006918e+02 ,]
positionY_nm_array = [-9.963794e+02 , -1.748988e+02 , -1.193714e+03 ,  4.028203e+02 ,]
angleInclination_array = [7.853982e-01 , 7.853982e-01 , 7.853982e-01 , 7.853982e-01 ,]
angleAzimuth_array = [3.926991e+00 , 3.926991e+00 , 3.926991e+00 , 3.926991e+00 ,]
