% ground truth for sim_inc0_az315_run1.tif
% settings
number_of_spots = 4
pixel_size_nm = 52.000
image_size_nm = 4000.000
image_size_px = 77
wavelength = 500
par.objectiveNA = 2.17
objectiveFocalLength = 770
par.refractiveIndices = [1.310000e+00 , 2.170000e+00 , 2.170000e+00 ,]
par.nDiscretizationBFP = 129
par.backgroundNoise = 0.000
par.nPhotons = 2000
positionX_nm_array = [5.372143e+02 , -7.283934e+02 ,  8.905892e+02 , -1.327683e+03 ,]
positionY_nm_array = [-7.174691e+02 , -3.571384e+02 ,  2.261818e+02 ,  1.271799e+03 ,]
angleInclination_array = [0 , 0 , 0 , 0 ,]
angleAzimuth_array = [5.497787e+00 , 5.497787e+00 , 5.497787e+00 , 5.497787e+00 ,]
