% ground truth for sim_inc45_az270_run1.tif
% settings
number_of_spots = 4
pixel_size_nm = 52.000
image_size_nm = 4000.000
image_size_px = 77
wavelength = 500
par.objectiveNA = 2.17
objectiveFocalLength = 770
par.refractiveIndices = [1.310000e+00 , 2.170000e+00 , 2.170000e+00 ,]
par.nDiscretizationBFP = 129
par.backgroundNoise = 0.000
par.nPhotons = 2000
positionX_nm_array = [-1.284843e+03 , -7.457169e+01 ,  3.747553e+02 ,  1.029953e+03 ,]
positionY_nm_array = [9.845040e+02 , -1.112370e+03 ,  7.918514e+02 , -7.587129e+02 ,]
angleInclination_array = [7.853982e-01 , 7.853982e-01 , 7.853982e-01 , 7.853982e-01 ,]
angleAzimuth_array = [4.712389e+00 , 4.712389e+00 , 4.712389e+00 , 4.712389e+00 ,]
