% ground truth for sim_inc0_az225_run1.tif
% settings
number_of_spots = 4
pixel_size_nm = 52.000
image_size_nm = 4000.000
image_size_px = 77
wavelength = 500
par.objectiveNA = 2.17
objectiveFocalLength = 770
par.refractiveIndices = [1.310000e+00 , 2.170000e+00 , 2.170000e+00 ,]
par.nDiscretizationBFP = 129
par.backgroundNoise = 0.000
par.nPhotons = 2000
positionX_nm_array = [-2.227825e+02 ,  1.171476e+03 ,  1.148102e+03 ,  1.153434e+02 ,]
positionY_nm_array = [-1.244084e+03 , -6.438113e+02 ,  1.058037e+03 ,  5.771419e+02 ,]
angleInclination_array = [0 , 0 , 0 , 0 ,]
angleAzimuth_array = [3.926991e+00 , 3.926991e+00 , 3.926991e+00 , 3.926991e+00 ,]
