% ground truth for sim_inc90_az135_run1.tif
% settings
number_of_spots = 4
pixel_size_nm = 52.000
image_size_nm = 4000.000
image_size_px = 77
wavelength = 500
par.objectiveNA = 2.17
objectiveFocalLength = 770
par.refractiveIndices = [1.310000e+00 , 2.170000e+00 , 2.170000e+00 ,]
par.nDiscretizationBFP = 129
par.backgroundNoise = 0.000
par.nPhotons = 2000
positionX_nm_array = [4.910973e+02 , -4.348235e+02 ,  1.452673e+02 , -1.388036e+03 ,]
positionY_nm_array = [2.709941e+02 ,  1.287644e+03 , -1.094697e+03 , -1.415321e+02 ,]
angleInclination_array = [1.570796e+00 , 1.570796e+00 , 1.570796e+00 , 1.570796e+00 ,]
angleAzimuth_array = [2.356194e+00 , 2.356194e+00 , 2.356194e+00 , 2.356194e+00 ,]
