% ground truth for sim_inc45_az0_run1.tif
% settings
number_of_spots = 4
pixel_size_nm = 52.000
image_size_nm = 4000.000
image_size_px = 77
wavelength = 500
par.objectiveNA = 2.17
objectiveFocalLength = 770
par.refractiveIndices = [1.310000e+00 , 2.170000e+00 , 2.170000e+00 ,]
par.nDiscretizationBFP = 129
par.backgroundNoise = 0.000
par.nPhotons = 2000
positionX_nm_array = [1.332855e+03 ,  5.984474e+02 ,  3.760480e+01 , -1.141594e+03 ,]
positionY_nm_array = [5.882905e+02 , -6.885985e+02 ,  7.809601e+02 , -1.192562e+03 ,]
angleInclination_array = [7.853982e-01 , 7.853982e-01 , 7.853982e-01 , 7.853982e-01 ,]
angleAzimuth_array = [0 , 0 , 0 , 0 ,]
