% ground truth for sim_inc45_az315_run1.tif
% settings
number_of_spots = 4
pixel_size_nm = 52.000
image_size_nm = 4000.000
image_size_px = 77
wavelength = 500
par.objectiveNA = 2.17
objectiveFocalLength = 770
par.refractiveIndices = [1.310000e+00 , 2.170000e+00 , 2.170000e+00 ,]
par.nDiscretizationBFP = 129
par.backgroundNoise = 0.000
par.nPhotons = 2000
positionX_nm_array = [1.139687e+03 , -1.031851e+03 , -1.328243e+03 ,  1.964028e+02 ,]
positionY_nm_array = [1.035053e+03 ,  8.938362e+02 , -1.099958e+03 ,  3.225883e+02 ,]
angleInclination_array = [7.853982e-01 , 7.853982e-01 , 7.853982e-01 , 7.853982e-01 ,]
angleAzimuth_array = [5.497787e+00 , 5.497787e+00 , 5.497787e+00 , 5.497787e+00 ,]
