% ground truth for sim_inc68_az0_run1.tif
% settings
number_of_spots = 4
pixel_size_nm = 52.000
image_size_nm = 4000.000
image_size_px = 77
wavelength = 500
par.objectiveNA = 2.17
objectiveFocalLength = 770
par.refractiveIndices = [1.310000e+00 , 2.170000e+00 , 2.170000e+00 ,]
par.nDiscretizationBFP = 129
par.backgroundNoise = 0.000
par.nPhotons = 2000
positionX_nm_array = [-4.990365e+02 , -9.726835e+02 ,  6.248157e+02 , -5.743545e+02 ,]
positionY_nm_array = [-1.535318e+02 , -1.160252e+03 , -1.262969e+03 ,  9.664199e+02 ,]
angleInclination_array = [1.178097e+00 , 1.178097e+00 , 1.178097e+00 , 1.178097e+00 ,]
angleAzimuth_array = [0 , 0 , 0 , 0 ,]
