% Ground truth for ./output/multiple_psf_simulation/sim_5spot_theta212_phi053_run1.tif
% Settings
number_of_spots = 5;
pixel_size_nm = 52.000;
image_width_nm = 35672.000;
image_height_nm = 22776.000;
image_width_px = 686;
image_height_px = 438;
patch_size_px = 19;
wavelength = 500;
par.objectiveNA = 2.17;
objectiveFocalLength = 770;
par.refractiveIndices = [1.31 2.17 2.17];
par.nDiscretizationBFP = 129;
par.backgroundNoise = 0.000;
par.nPhotons = 2000;
% Data
positionX_nm_array = [14560.0000000000 -6292.0000000000 -1612.0000000000 -3848.0000000000 -3432.0000000000];
positionY_nm_array = [-10712.0000000000  -6864.0000000000  -2340.0000000000  -1716.0000000000   5668.0000000000];
angleInclination_array = [3.6853527102 3.6853527102 3.6853527102 3.6853527102 3.6853527102];
angleAzimuth_array = [0.9140552652 0.9140552652 0.9140552652 0.9140552652 0.9140552652];
