% ground truth for sim_inc0_az171_run1.tif
% settings
number_of_spots = 9
pixel_size_nm = 52.000
image_size_nm = 8060.000
image_size_px = 155
patch_size_px = 19
wavelength = 500
par.objectiveNA = 2.17
objectiveFocalLength = 770
par.refractiveIndices = [1.310000e+00 , 2.170000e+00 , 2.170000e+00 ,]
par.nDiscretizationBFP = 129
par.backgroundNoise = 0.000
par.nPhotons = 2000
% data
positionX_nm_array = [2184.0000000000, -2756.0000000000,  1508.0000000000,   624.0000000000, -2548.0000000000,   416.0000000000,  2964.0000000000, -1248.0000000000, -1768.0000000000,]
positionY_nm_array = [1716.0000000000,   260.0000000000, -1352.0000000000, -3484.0000000000,  2808.0000000000, -1664.0000000000,  3172.0000000000,   884.0000000000, -2912.0000000000,]
angleInclination_array = [0.0000000000, 0.0000000000, 0.0000000000, 0.0000000000, 0.0000000000, 0.0000000000, 0.0000000000, 0.0000000000, 0.0000000000,]
angleAzimuth_array = [2.8274333882, 2.8274333882, 2.8274333882, 2.8274333882, 2.8274333882, 2.8274333882, 2.8274333882, 2.8274333882, 2.8274333882,]
