% ground truth for sim_inc68_az306_run1.tif
% settings
number_of_spots = 9
pixel_size_nm = 52.000
image_size_nm = 8060.000
image_size_px = 155
patch_size_px = 19
wavelength = 500
par.objectiveNA = 2.17
objectiveFocalLength = 770
par.refractiveIndices = [1.310000e+00 , 2.170000e+00 , 2.170000e+00 ,]
par.nDiscretizationBFP = 129
par.backgroundNoise = 0.000
par.nPhotons = 2000
% data
positionX_nm_array = [1352.0000000000, -3172.0000000000,  -468.0000000000,   728.0000000000, -1716.0000000000,  3432.0000000000,  2288.0000000000, -2236.0000000000, -2340.0000000000,]
positionY_nm_array = [2860.0000000000,   260.0000000000,   624.0000000000, -2808.0000000000,  2340.0000000000,   780.0000000000, -1196.0000000000, -2548.0000000000,  -884.0000000000,]
angleInclination_array = [1.1780972451, 1.1780972451, 1.1780972451, 1.1780972451, 1.1780972451, 1.1780972451, 1.1780972451, 1.1780972451, 1.1780972451,]
angleAzimuth_array = [5.1836278784, 5.1836278784, 5.1836278784, 5.1836278784, 5.1836278784, 5.1836278784, 5.1836278784, 5.1836278784, 5.1836278784,]
