% ground truth for sim_inc68_az315_run1.tif
% settings
number_of_spots = 9
pixel_size_nm = 52.000
image_size_nm = 8060.000
image_size_px = 155
patch_size_px = 19
wavelength = 500
par.objectiveNA = 2.17
objectiveFocalLength = 770
par.refractiveIndices = [1.310000e+00 , 2.170000e+00 , 2.170000e+00 ,]
par.nDiscretizationBFP = 129
par.backgroundNoise = 0.000
par.nPhotons = 2000
% data
positionX_nm_array = [1248.0000000000, -3276.0000000000, -3120.0000000000,  2392.0000000000,  2704.0000000000, -1196.0000000000,   624.0000000000,  -832.0000000000,  1092.0000000000,]
positionY_nm_array = [-3276.0000000000,  3276.0000000000,  -936.0000000000,  1196.0000000000,  -260.0000000000, -2444.0000000000,  -364.0000000000,   988.0000000000,  1560.0000000000,]
angleInclination_array = [1.1780972451, 1.1780972451, 1.1780972451, 1.1780972451, 1.1780972451, 1.1780972451, 1.1780972451, 1.1780972451, 1.1780972451,]
angleAzimuth_array = [5.3407075111, 5.3407075111, 5.3407075111, 5.3407075111, 5.3407075111, 5.3407075111, 5.3407075111, 5.3407075111, 5.3407075111,]
