% ground truth for sim_inc23_az270_run1.tif
% settings
number_of_spots = 9
pixel_size_nm = 52.000
image_size_nm = 8060.000
image_size_px = 155
patch_size_px = 19
wavelength = 500
par.objectiveNA = 2.17
objectiveFocalLength = 770
par.refractiveIndices = [1.310000e+00 , 2.170000e+00 , 2.170000e+00 ,]
par.nDiscretizationBFP = 129
par.backgroundNoise = 0.000
par.nPhotons = 2000
% data
positionX_nm_array = [312.0000000000,  3276.0000000000,   104.0000000000, -2132.0000000000, -2080.0000000000,  -936.0000000000,   780.0000000000, -2444.0000000000, -2756.0000000000,]
positionY_nm_array = [1768.0000000000,  2236.0000000000, -1820.0000000000,  2132.0000000000,   832.0000000000,  1820.0000000000,  3328.0000000000,  3328.0000000000, -1924.0000000000,]
angleInclination_array = [0.3926990817, 0.3926990817, 0.3926990817, 0.3926990817, 0.3926990817, 0.3926990817, 0.3926990817, 0.3926990817, 0.3926990817,]
angleAzimuth_array = [4.5553093477, 4.5553093477, 4.5553093477, 4.5553093477, 4.5553093477, 4.5553093477, 4.5553093477, 4.5553093477, 4.5553093477,]
