% ground truth for sim_inc23_az108_run1.tif
% settings
number_of_spots = 9
pixel_size_nm = 52.000
image_size_nm = 8060.000
image_size_px = 155
patch_size_px = 19
wavelength = 500
par.objectiveNA = 2.17
objectiveFocalLength = 770
par.refractiveIndices = [1.310000e+00 , 2.170000e+00 , 2.170000e+00 ,]
par.nDiscretizationBFP = 129
par.backgroundNoise = 0.000
par.nPhotons = 2000
% data
positionX_nm_array = [2652.0000000000,   312.0000000000, -3380.0000000000,  -988.0000000000, -1820.0000000000,  2080.0000000000, -2548.0000000000,  3276.0000000000, -1976.0000000000,]
positionY_nm_array = [-2340.0000000000, -2704.0000000000, -3120.0000000000, -1352.0000000000,   260.0000000000,  1404.0000000000,  3328.0000000000, -3432.0000000000, -2184.0000000000,]
angleInclination_array = [0.3926990817, 0.3926990817, 0.3926990817, 0.3926990817, 0.3926990817, 0.3926990817, 0.3926990817, 0.3926990817, 0.3926990817,]
angleAzimuth_array = [1.7278759595, 1.7278759595, 1.7278759595, 1.7278759595, 1.7278759595, 1.7278759595, 1.7278759595, 1.7278759595, 1.7278759595,]
