% ground truth for sim_inc68_az342_run1.tif
% settings
number_of_spots = 9
pixel_size_nm = 52.000
image_size_nm = 8060.000
image_size_px = 155
patch_size_px = 19
wavelength = 500
par.objectiveNA = 2.17
objectiveFocalLength = 770
par.refractiveIndices = [1.310000e+00 , 2.170000e+00 , 2.170000e+00 ,]
par.nDiscretizationBFP = 129
par.backgroundNoise = 0.000
par.nPhotons = 2000
% data
positionX_nm_array = [-1040.0000000000, -1404.0000000000,  2288.0000000000,  2860.0000000000,  2392.0000000000, -3432.0000000000,  2132.0000000000, -2444.0000000000,  3224.0000000000,]
positionY_nm_array = [-2496.0000000000,  3328.0000000000, -3016.0000000000, -1196.0000000000,  3484.0000000000,  3120.0000000000,     0.0000000000, -3016.0000000000,  1768.0000000000,]
angleInclination_array = [1.1780972451, 1.1780972451, 1.1780972451, 1.1780972451, 1.1780972451, 1.1780972451, 1.1780972451, 1.1780972451, 1.1780972451,]
angleAzimuth_array = [5.8119464091, 5.8119464091, 5.8119464091, 5.8119464091, 5.8119464091, 5.8119464091, 5.8119464091, 5.8119464091, 5.8119464091,]
