% ground truth for sim_inc90_az117_run1.tif
% settings
number_of_spots = 9
pixel_size_nm = 52.000
image_size_nm = 8060.000
image_size_px = 155
patch_size_px = 19
wavelength = 500
par.objectiveNA = 2.17
objectiveFocalLength = 770
par.refractiveIndices = [1.310000e+00 , 2.170000e+00 , 2.170000e+00 ,]
par.nDiscretizationBFP = 129
par.backgroundNoise = 0.000
par.nPhotons = 2000
% data
positionX_nm_array = [312.0000000000,  1716.0000000000,  1040.0000000000,  1612.0000000000, -1924.0000000000,   780.0000000000,  3120.0000000000, -2600.0000000000,  2860.0000000000,]
positionY_nm_array = [-1040.0000000000,  1196.0000000000, -2912.0000000000,    52.0000000000,  -780.0000000000,  1716.0000000000,  2912.0000000000, -2548.0000000000,  1612.0000000000,]
angleInclination_array = [1.5707963268, 1.5707963268, 1.5707963268, 1.5707963268, 1.5707963268, 1.5707963268, 1.5707963268, 1.5707963268, 1.5707963268,]
angleAzimuth_array = [1.8849555922, 1.8849555922, 1.8849555922, 1.8849555922, 1.8849555922, 1.8849555922, 1.8849555922, 1.8849555922, 1.8849555922,]
