% ground truth for sim_inc45_az225_run1.tif
% settings
number_of_spots = 9
pixel_size_nm = 52.000
image_size_nm = 8060.000
image_size_px = 155
patch_size_px = 19
wavelength = 500
par.objectiveNA = 2.17
objectiveFocalLength = 770
par.refractiveIndices = [1.310000e+00 , 2.170000e+00 , 2.170000e+00 ,]
par.nDiscretizationBFP = 129
par.backgroundNoise = 0.000
par.nPhotons = 2000
% data
positionX_nm_array = [1040.0000000000, -2392.0000000000,  3068.0000000000,  2860.0000000000, -3432.0000000000,  2600.0000000000,  -312.0000000000, -2756.0000000000,   832.0000000000,]
positionY_nm_array = [-572.0000000000, -1196.0000000000,  2132.0000000000,   936.0000000000,  1872.0000000000, -2600.0000000000, -2808.0000000000, -2600.0000000000,   676.0000000000,]
angleInclination_array = [0.7853981634, 0.7853981634, 0.7853981634, 0.7853981634, 0.7853981634, 0.7853981634, 0.7853981634, 0.7853981634, 0.7853981634,]
angleAzimuth_array = [3.7699111843, 3.7699111843, 3.7699111843, 3.7699111843, 3.7699111843, 3.7699111843, 3.7699111843, 3.7699111843, 3.7699111843,]
