% ground truth for sim_inc23_az243_run1.tif
% settings
number_of_spots = 9
pixel_size_nm = 52.000
image_size_nm = 8060.000
image_size_px = 155
patch_size_px = 19
wavelength = 500
par.objectiveNA = 2.17
objectiveFocalLength = 770
par.refractiveIndices = [1.310000e+00 , 2.170000e+00 , 2.170000e+00 ,]
par.nDiscretizationBFP = 129
par.backgroundNoise = 0.000
par.nPhotons = 2000
% data
positionX_nm_array = [520.0000000000,  -572.0000000000, -2028.0000000000,   780.0000000000, -1092.0000000000,   988.0000000000, -3224.0000000000, -2548.0000000000, -1560.0000000000,]
positionY_nm_array = [2756.0000000000, -2600.0000000000,   936.0000000000, -1300.0000000000, -1664.0000000000,    52.0000000000, -1924.0000000000,  -780.0000000000, -3068.0000000000,]
angleInclination_array = [0.3926990817, 0.3926990817, 0.3926990817, 0.3926990817, 0.3926990817, 0.3926990817, 0.3926990817, 0.3926990817, 0.3926990817,]
angleAzimuth_array = [4.0840704497, 4.0840704497, 4.0840704497, 4.0840704497, 4.0840704497, 4.0840704497, 4.0840704497, 4.0840704497, 4.0840704497,]
