% ground truth for sim_inc90_az288_run1.tif
% settings
number_of_spots = 9
pixel_size_nm = 52.000
image_size_nm = 8060.000
image_size_px = 155
patch_size_px = 19
wavelength = 500
par.objectiveNA = 2.17
objectiveFocalLength = 770
par.refractiveIndices = [1.310000e+00 , 2.170000e+00 , 2.170000e+00 ,]
par.nDiscretizationBFP = 129
par.backgroundNoise = 0.000
par.nPhotons = 2000
% data
positionX_nm_array = [-1248.0000000000,  1508.0000000000,  1924.0000000000, -3328.0000000000,   624.0000000000,  3068.0000000000,  1196.0000000000,   884.0000000000,  3120.0000000000,]
positionY_nm_array = [1144.0000000000,  2340.0000000000, -1092.0000000000,  3016.0000000000, -3432.0000000000, -1352.0000000000,   676.0000000000, -1300.0000000000,  -260.0000000000,]
angleInclination_array = [1.5707963268, 1.5707963268, 1.5707963268, 1.5707963268, 1.5707963268, 1.5707963268, 1.5707963268, 1.5707963268, 1.5707963268,]
angleAzimuth_array = [4.8694686131, 4.8694686131, 4.8694686131, 4.8694686131, 4.8694686131, 4.8694686131, 4.8694686131, 4.8694686131, 4.8694686131,]
