% ground truth for sim_inc68_az243_run1.tif
% settings
number_of_spots = 9
pixel_size_nm = 52.000
image_size_nm = 8060.000
image_size_px = 155
patch_size_px = 19
wavelength = 500
par.objectiveNA = 2.17
objectiveFocalLength = 770
par.refractiveIndices = [1.310000e+00 , 2.170000e+00 , 2.170000e+00 ,]
par.nDiscretizationBFP = 129
par.backgroundNoise = 0.000
par.nPhotons = 2000
% data
positionX_nm_array = [2808.0000000000,  1716.0000000000, -3172.0000000000,  -260.0000000000, -1716.0000000000,  3484.0000000000,  1716.0000000000, -1248.0000000000, -2080.0000000000,]
positionY_nm_array = [364.0000000000, -2652.0000000000,  2340.0000000000, -2132.0000000000,  1768.0000000000,  2756.0000000000,  1248.0000000000, -1664.0000000000,  3068.0000000000,]
angleInclination_array = [1.1780972451, 1.1780972451, 1.1780972451, 1.1780972451, 1.1780972451, 1.1780972451, 1.1780972451, 1.1780972451, 1.1780972451,]
angleAzimuth_array = [4.0840704497, 4.0840704497, 4.0840704497, 4.0840704497, 4.0840704497, 4.0840704497, 4.0840704497, 4.0840704497, 4.0840704497,]
