% ground truth for sim_inc23_az90_run1.tif
% settings
number_of_spots = 9
pixel_size_nm = 52.000
image_size_nm = 8060.000
image_size_px = 155
patch_size_px = 19
wavelength = 500
par.objectiveNA = 2.17
objectiveFocalLength = 770
par.refractiveIndices = [1.310000e+00 , 2.170000e+00 , 2.170000e+00 ,]
par.nDiscretizationBFP = 129
par.backgroundNoise = 0.000
par.nPhotons = 2000
% data
positionX_nm_array = [-2028.0000000000, -2964.0000000000,   936.0000000000,  2652.0000000000, -3120.0000000000,  1612.0000000000, -1560.0000000000,    52.0000000000,  2808.0000000000,]
positionY_nm_array = [-1924.0000000000,  1092.0000000000, -3484.0000000000,  1404.0000000000, -3276.0000000000,   624.0000000000,  1300.0000000000,  1352.0000000000,  -104.0000000000,]
angleInclination_array = [0.3926990817, 0.3926990817, 0.3926990817, 0.3926990817, 0.3926990817, 0.3926990817, 0.3926990817, 0.3926990817, 0.3926990817,]
angleAzimuth_array = [1.4137166941, 1.4137166941, 1.4137166941, 1.4137166941, 1.4137166941, 1.4137166941, 1.4137166941, 1.4137166941, 1.4137166941,]
