% ground truth for sim_inc23_az27_run1.tif
% settings
number_of_spots = 9
pixel_size_nm = 52.000
image_size_nm = 8060.000
image_size_px = 155
patch_size_px = 19
wavelength = 500
par.objectiveNA = 2.17
objectiveFocalLength = 770
par.refractiveIndices = [1.310000e+00 , 2.170000e+00 , 2.170000e+00 ,]
par.nDiscretizationBFP = 129
par.backgroundNoise = 0.000
par.nPhotons = 2000
% data
positionX_nm_array = [-2444.0000000000, -1456.0000000000, -2704.0000000000,  3328.0000000000,  -156.0000000000, -2912.0000000000, -1716.0000000000, -1144.0000000000,  1768.0000000000,]
positionY_nm_array = [-572.0000000000, -1924.0000000000,   520.0000000000,  1040.0000000000, -1404.0000000000, -2236.0000000000,  3380.0000000000,  1872.0000000000,    52.0000000000,]
angleInclination_array = [0.3926990817, 0.3926990817, 0.3926990817, 0.3926990817, 0.3926990817, 0.3926990817, 0.3926990817, 0.3926990817, 0.3926990817,]
angleAzimuth_array = [0.3141592654, 0.3141592654, 0.3141592654, 0.3141592654, 0.3141592654, 0.3141592654, 0.3141592654, 0.3141592654, 0.3141592654,]
