% ground truth for sim_inc23_az306_run1.tif
% settings
number_of_spots = 9
pixel_size_nm = 52.000
image_size_nm = 8060.000
image_size_px = 155
patch_size_px = 19
wavelength = 500
par.objectiveNA = 2.17
objectiveFocalLength = 770
par.refractiveIndices = [1.310000e+00 , 2.170000e+00 , 2.170000e+00 ,]
par.nDiscretizationBFP = 129
par.backgroundNoise = 0.000
par.nPhotons = 2000
% data
positionX_nm_array = [-1768.0000000000, -1612.0000000000, -2236.0000000000, -2912.0000000000,  -884.0000000000,  -676.0000000000,   936.0000000000,  3484.0000000000,  -364.0000000000,]
positionY_nm_array = [728.0000000000, -1456.0000000000, -3172.0000000000,  1976.0000000000,  2080.0000000000,  3172.0000000000, -1872.0000000000, -2184.0000000000, -3380.0000000000,]
angleInclination_array = [0.3926990817, 0.3926990817, 0.3926990817, 0.3926990817, 0.3926990817, 0.3926990817, 0.3926990817, 0.3926990817, 0.3926990817,]
angleAzimuth_array = [5.1836278784, 5.1836278784, 5.1836278784, 5.1836278784, 5.1836278784, 5.1836278784, 5.1836278784, 5.1836278784, 5.1836278784,]
