% ground truth for sim_inc0_az306_run1.tif
% settings
number_of_spots = 9
pixel_size_nm = 52.000
image_size_nm = 8060.000
image_size_px = 155
patch_size_px = 19
wavelength = 500
par.objectiveNA = 2.17
objectiveFocalLength = 770
par.refractiveIndices = [1.310000e+00 , 2.170000e+00 , 2.170000e+00 ,]
par.nDiscretizationBFP = 129
par.backgroundNoise = 0.000
par.nPhotons = 2000
% data
positionX_nm_array = [-364.0000000000,  3120.0000000000, -1508.0000000000,  1144.0000000000,  2912.0000000000,   728.0000000000,   208.0000000000,  3224.0000000000, -2756.0000000000,]
positionY_nm_array = [-2548.0000000000, -1820.0000000000, -1404.0000000000,  1300.0000000000,  -104.0000000000, -2288.0000000000,  -208.0000000000,  1716.0000000000,  1872.0000000000,]
angleInclination_array = [0.0000000000, 0.0000000000, 0.0000000000, 0.0000000000, 0.0000000000, 0.0000000000, 0.0000000000, 0.0000000000, 0.0000000000,]
angleAzimuth_array = [5.1836278784, 5.1836278784, 5.1836278784, 5.1836278784, 5.1836278784, 5.1836278784, 5.1836278784, 5.1836278784, 5.1836278784,]
