% ground truth for sim_inc68_az99_run1.tif
% settings
number_of_spots = 9
pixel_size_nm = 52.000
image_size_nm = 8060.000
image_size_px = 155
patch_size_px = 19
wavelength = 500
par.objectiveNA = 2.17
objectiveFocalLength = 770
par.refractiveIndices = [1.310000e+00 , 2.170000e+00 , 2.170000e+00 ,]
par.nDiscretizationBFP = 129
par.backgroundNoise = 0.000
par.nPhotons = 2000
% data
positionX_nm_array = [572.0000000000, -1560.0000000000,   -52.0000000000, -1092.0000000000,   780.0000000000,  -988.0000000000,  2808.0000000000,  3016.0000000000,  2028.0000000000,]
positionY_nm_array = [-832.0000000000, -1352.0000000000,  1560.0000000000, -2808.0000000000,   884.0000000000,  -416.0000000000,   780.0000000000, -2132.0000000000,  -676.0000000000,]
angleInclination_array = [1.1780972451, 1.1780972451, 1.1780972451, 1.1780972451, 1.1780972451, 1.1780972451, 1.1780972451, 1.1780972451, 1.1780972451,]
angleAzimuth_array = [1.5707963268, 1.5707963268, 1.5707963268, 1.5707963268, 1.5707963268, 1.5707963268, 1.5707963268, 1.5707963268, 1.5707963268,]
