% ground truth for sim_inc90_az81_run1.tif
% settings
number_of_spots = 9
pixel_size_nm = 52.000
image_size_nm = 8060.000
image_size_px = 155
patch_size_px = 19
wavelength = 500
par.objectiveNA = 2.17
objectiveFocalLength = 770
par.refractiveIndices = [1.310000e+00 , 2.170000e+00 , 2.170000e+00 ,]
par.nDiscretizationBFP = 129
par.backgroundNoise = 0.000
par.nPhotons = 2000
% data
positionX_nm_array = [2340.0000000000, -3120.0000000000,   884.0000000000, -2340.0000000000, -1508.0000000000,  1612.0000000000,   208.0000000000, -1092.0000000000, -2860.0000000000,]
positionY_nm_array = [-2912.0000000000,  2132.0000000000,  3380.0000000000, -2080.0000000000, -2704.0000000000, -1820.0000000000,  1820.0000000000,  -208.0000000000,  -416.0000000000,]
angleInclination_array = [1.5707963268, 1.5707963268, 1.5707963268, 1.5707963268, 1.5707963268, 1.5707963268, 1.5707963268, 1.5707963268, 1.5707963268,]
angleAzimuth_array = [1.2566370614, 1.2566370614, 1.2566370614, 1.2566370614, 1.2566370614, 1.2566370614, 1.2566370614, 1.2566370614, 1.2566370614,]
