% ground truth for sim_inc90_az315_run1.tif
% settings
number_of_spots = 9
pixel_size_nm = 52.000
image_size_nm = 8060.000
image_size_px = 155
patch_size_px = 19
wavelength = 500
par.objectiveNA = 2.17
objectiveFocalLength = 770
par.refractiveIndices = [1.310000e+00 , 2.170000e+00 , 2.170000e+00 ,]
par.nDiscretizationBFP = 129
par.backgroundNoise = 0.000
par.nPhotons = 2000
% data
positionX_nm_array = [-156.0000000000,   936.0000000000,  1300.0000000000,  2756.0000000000,   312.0000000000,  1924.0000000000,   520.0000000000,  1456.0000000000, -1560.0000000000,]
positionY_nm_array = [3276.0000000000, -2444.0000000000, -1404.0000000000, -2392.0000000000,  -104.0000000000,   364.0000000000,  2184.0000000000,  1300.0000000000, -1976.0000000000,]
angleInclination_array = [1.5707963268, 1.5707963268, 1.5707963268, 1.5707963268, 1.5707963268, 1.5707963268, 1.5707963268, 1.5707963268, 1.5707963268,]
angleAzimuth_array = [5.3407075111, 5.3407075111, 5.3407075111, 5.3407075111, 5.3407075111, 5.3407075111, 5.3407075111, 5.3407075111, 5.3407075111,]
