% ground truth for sim_inc90_az90_run1.tif
% settings
number_of_spots = 9
pixel_size_nm = 52.000
image_size_nm = 8060.000
image_size_px = 155
patch_size_px = 19
wavelength = 500
par.objectiveNA = 2.17
objectiveFocalLength = 770
par.refractiveIndices = [1.310000e+00 , 2.170000e+00 , 2.170000e+00 ,]
par.nDiscretizationBFP = 129
par.backgroundNoise = 0.000
par.nPhotons = 2000
% data
positionX_nm_array = [-572.0000000000, -2340.0000000000, -1508.0000000000, -1872.0000000000, -3068.0000000000,  3276.0000000000,   884.0000000000,  3224.0000000000, -3120.0000000000,]
positionY_nm_array = [2236.0000000000, -2548.0000000000, -1664.0000000000,   468.0000000000,   624.0000000000,  2808.0000000000,  1768.0000000000, -3432.0000000000,  -624.0000000000,]
angleInclination_array = [1.5707963268, 1.5707963268, 1.5707963268, 1.5707963268, 1.5707963268, 1.5707963268, 1.5707963268, 1.5707963268, 1.5707963268,]
angleAzimuth_array = [1.4137166941, 1.4137166941, 1.4137166941, 1.4137166941, 1.4137166941, 1.4137166941, 1.4137166941, 1.4137166941, 1.4137166941,]
