% ground truth for sim_inc23_az63_run1.tif
% settings
number_of_spots = 9
pixel_size_nm = 52.000
image_size_nm = 8060.000
image_size_px = 155
patch_size_px = 19
wavelength = 500
par.objectiveNA = 2.17
objectiveFocalLength = 770
par.refractiveIndices = [1.310000e+00 , 2.170000e+00 , 2.170000e+00 ,]
par.nDiscretizationBFP = 129
par.backgroundNoise = 0.000
par.nPhotons = 2000
% data
positionX_nm_array = [-3068.0000000000,  -364.0000000000,  1040.0000000000,  3276.0000000000, -2444.0000000000,  3328.0000000000, -1768.0000000000, -1352.0000000000,  1924.0000000000,]
positionY_nm_array = [-1508.0000000000, -1560.0000000000, -2288.0000000000, -1716.0000000000,  3120.0000000000,  -208.0000000000,   260.0000000000,  -780.0000000000,  2444.0000000000,]
angleInclination_array = [0.3926990817, 0.3926990817, 0.3926990817, 0.3926990817, 0.3926990817, 0.3926990817, 0.3926990817, 0.3926990817, 0.3926990817,]
angleAzimuth_array = [0.9424777961, 0.9424777961, 0.9424777961, 0.9424777961, 0.9424777961, 0.9424777961, 0.9424777961, 0.9424777961, 0.9424777961,]
