% ground truth for sim_inc23_az36_run1.tif
% settings
number_of_spots = 9
pixel_size_nm = 52.000
image_size_nm = 8060.000
image_size_px = 155
patch_size_px = 19
wavelength = 500
par.objectiveNA = 2.17
objectiveFocalLength = 770
par.refractiveIndices = [1.310000e+00 , 2.170000e+00 , 2.170000e+00 ,]
par.nDiscretizationBFP = 129
par.backgroundNoise = 0.000
par.nPhotons = 2000
% data
positionX_nm_array = [-3016.0000000000,  2704.0000000000, -2184.0000000000,  1196.0000000000,  1300.0000000000,  2184.0000000000, -1612.0000000000,  1508.0000000000, -3432.0000000000,]
positionY_nm_array = [832.0000000000, -1040.0000000000,  3224.0000000000, -2808.0000000000,  -780.0000000000,  2184.0000000000,  1248.0000000000,  1144.0000000000, -3380.0000000000,]
angleInclination_array = [0.3926990817, 0.3926990817, 0.3926990817, 0.3926990817, 0.3926990817, 0.3926990817, 0.3926990817, 0.3926990817, 0.3926990817,]
angleAzimuth_array = [0.4712388980, 0.4712388980, 0.4712388980, 0.4712388980, 0.4712388980, 0.4712388980, 0.4712388980, 0.4712388980, 0.4712388980,]
