% ground truth for sim_inc45_az207_run1.tif
% settings
number_of_spots = 9
pixel_size_nm = 52.000
image_size_nm = 8060.000
image_size_px = 155
patch_size_px = 19
wavelength = 500
par.objectiveNA = 2.17
objectiveFocalLength = 770
par.refractiveIndices = [1.310000e+00 , 2.170000e+00 , 2.170000e+00 ,]
par.nDiscretizationBFP = 129
par.backgroundNoise = 0.000
par.nPhotons = 2000
% data
positionX_nm_array = [3380.0000000000,  3276.0000000000, -2392.0000000000,  2860.0000000000,  1820.0000000000,   208.0000000000, -1872.0000000000,  3328.0000000000,   -52.0000000000,]
positionY_nm_array = [3484.0000000000,   364.0000000000,    52.0000000000,  1456.0000000000,     0.0000000000, -1924.0000000000,  3172.0000000000, -2496.0000000000,  1352.0000000000,]
angleInclination_array = [0.7853981634, 0.7853981634, 0.7853981634, 0.7853981634, 0.7853981634, 0.7853981634, 0.7853981634, 0.7853981634, 0.7853981634,]
angleAzimuth_array = [3.4557519189, 3.4557519189, 3.4557519189, 3.4557519189, 3.4557519189, 3.4557519189, 3.4557519189, 3.4557519189, 3.4557519189,]
