% ground truth for sim_inc45_az108_run1.tif
% settings
number_of_spots = 9
pixel_size_nm = 52.000
image_size_nm = 8060.000
image_size_px = 155
patch_size_px = 19
wavelength = 500
par.objectiveNA = 2.17
objectiveFocalLength = 770
par.refractiveIndices = [1.310000e+00 , 2.170000e+00 , 2.170000e+00 ,]
par.nDiscretizationBFP = 129
par.backgroundNoise = 0.000
par.nPhotons = 2000
% data
positionX_nm_array = [-1508.0000000000, -3172.0000000000,  3484.0000000000,  2600.0000000000,  3432.0000000000, -1768.0000000000,  -104.0000000000,  2652.0000000000,  -780.0000000000,]
positionY_nm_array = [-624.0000000000,   312.0000000000,  -468.0000000000,  1404.0000000000,  2028.0000000000,  3120.0000000000, -2132.0000000000, -2548.0000000000,  1092.0000000000,]
angleInclination_array = [0.7853981634, 0.7853981634, 0.7853981634, 0.7853981634, 0.7853981634, 0.7853981634, 0.7853981634, 0.7853981634, 0.7853981634,]
angleAzimuth_array = [1.7278759595, 1.7278759595, 1.7278759595, 1.7278759595, 1.7278759595, 1.7278759595, 1.7278759595, 1.7278759595, 1.7278759595,]
