% ground truth for sim_inc45_az288_run1.tif
% settings
number_of_spots = 9
pixel_size_nm = 52.000
image_size_nm = 8060.000
image_size_px = 155
patch_size_px = 19
wavelength = 500
par.objectiveNA = 2.17
objectiveFocalLength = 770
par.refractiveIndices = [1.310000e+00 , 2.170000e+00 , 2.170000e+00 ,]
par.nDiscretizationBFP = 129
par.backgroundNoise = 0.000
par.nPhotons = 2000
% data
positionX_nm_array = [-364.0000000000, -3380.0000000000,  2704.0000000000, -2236.0000000000, -2756.0000000000,   832.0000000000,  1820.0000000000, -2080.0000000000, -1144.0000000000,]
positionY_nm_array = [-2132.0000000000,  2496.0000000000,  1664.0000000000,    52.0000000000, -1248.0000000000,  2288.0000000000,  -104.0000000000, -2288.0000000000,  1404.0000000000,]
angleInclination_array = [0.7853981634, 0.7853981634, 0.7853981634, 0.7853981634, 0.7853981634, 0.7853981634, 0.7853981634, 0.7853981634, 0.7853981634,]
angleAzimuth_array = [4.8694686131, 4.8694686131, 4.8694686131, 4.8694686131, 4.8694686131, 4.8694686131, 4.8694686131, 4.8694686131, 4.8694686131,]
