% ground truth for sim_inc90_az351_run1.tif
% settings
number_of_spots = 9
pixel_size_nm = 52.000
image_size_nm = 8060.000
image_size_px = 155
patch_size_px = 19
wavelength = 500
par.objectiveNA = 2.17
objectiveFocalLength = 770
par.refractiveIndices = [1.310000e+00 , 2.170000e+00 , 2.170000e+00 ,]
par.nDiscretizationBFP = 129
par.backgroundNoise = 0.000
par.nPhotons = 2000
% data
positionX_nm_array = [468.0000000000,  2496.0000000000,   208.0000000000,  2704.0000000000, -3068.0000000000,  3380.0000000000,  1560.0000000000,  1508.0000000000,  2756.0000000000,]
positionY_nm_array = [2756.0000000000,  -832.0000000000, -2080.0000000000, -2600.0000000000, -2548.0000000000,  2184.0000000000, -1872.0000000000,  -208.0000000000,  3068.0000000000,]
angleInclination_array = [1.5707963268, 1.5707963268, 1.5707963268, 1.5707963268, 1.5707963268, 1.5707963268, 1.5707963268, 1.5707963268, 1.5707963268,]
angleAzimuth_array = [5.9690260418, 5.9690260418, 5.9690260418, 5.9690260418, 5.9690260418, 5.9690260418, 5.9690260418, 5.9690260418, 5.9690260418,]
