% ground truth for sim_inc45_az252_run1.tif
% settings
number_of_spots = 9
pixel_size_nm = 52.000
image_size_nm = 8060.000
image_size_px = 155
patch_size_px = 19
wavelength = 500
par.objectiveNA = 2.17
objectiveFocalLength = 770
par.refractiveIndices = [1.310000e+00 , 2.170000e+00 , 2.170000e+00 ,]
par.nDiscretizationBFP = 129
par.backgroundNoise = 0.000
par.nPhotons = 2000
% data
positionX_nm_array = [416.0000000000,  -364.0000000000, -1664.0000000000,  2028.0000000000,  2496.0000000000,  2132.0000000000, -2652.0000000000, -2704.0000000000,  -936.0000000000,]
positionY_nm_array = [-832.0000000000,  1976.0000000000, -1352.0000000000,  3016.0000000000,   104.0000000000,  1352.0000000000, -2860.0000000000,  3224.0000000000, -2392.0000000000,]
angleInclination_array = [0.7853981634, 0.7853981634, 0.7853981634, 0.7853981634, 0.7853981634, 0.7853981634, 0.7853981634, 0.7853981634, 0.7853981634,]
angleAzimuth_array = [4.2411500823, 4.2411500823, 4.2411500823, 4.2411500823, 4.2411500823, 4.2411500823, 4.2411500823, 4.2411500823, 4.2411500823,]
