% ground truth for sim_inc45_az351_run1.tif
% settings
number_of_spots = 9
pixel_size_nm = 52.000
image_size_nm = 8060.000
image_size_px = 155
patch_size_px = 19
wavelength = 500
par.objectiveNA = 2.17
objectiveFocalLength = 770
par.refractiveIndices = [1.310000e+00 , 2.170000e+00 , 2.170000e+00 ,]
par.nDiscretizationBFP = 129
par.backgroundNoise = 0.000
par.nPhotons = 2000
% data
positionX_nm_array = [3172.0000000000,  1976.0000000000,  1248.0000000000, -1404.0000000000, -2912.0000000000,  1976.0000000000,  2340.0000000000,  -780.0000000000, -2652.0000000000,]
positionY_nm_array = [-3276.0000000000,  1924.0000000000, -1768.0000000000,  -364.0000000000, -1820.0000000000,   572.0000000000, -1768.0000000000, -3068.0000000000,  2652.0000000000,]
angleInclination_array = [0.7853981634, 0.7853981634, 0.7853981634, 0.7853981634, 0.7853981634, 0.7853981634, 0.7853981634, 0.7853981634, 0.7853981634,]
angleAzimuth_array = [5.9690260418, 5.9690260418, 5.9690260418, 5.9690260418, 5.9690260418, 5.9690260418, 5.9690260418, 5.9690260418, 5.9690260418,]
