% ground truth for sim_inc45_az171_run1.tif
% settings
number_of_spots = 9
pixel_size_nm = 52.000
image_size_nm = 8060.000
image_size_px = 155
patch_size_px = 19
wavelength = 500
par.objectiveNA = 2.17
objectiveFocalLength = 770
par.refractiveIndices = [1.310000e+00 , 2.170000e+00 , 2.170000e+00 ,]
par.nDiscretizationBFP = 129
par.backgroundNoise = 0.000
par.nPhotons = 2000
% data
positionX_nm_array = [2496.0000000000,  -312.0000000000,  3068.0000000000,  2964.0000000000, -2340.0000000000, -1976.0000000000, -2756.0000000000,   624.0000000000,  1872.0000000000,]
positionY_nm_array = [3380.0000000000,  3328.0000000000,  1196.0000000000, -2756.0000000000, -2080.0000000000,  -312.0000000000, -3068.0000000000, -1404.0000000000, -3016.0000000000,]
angleInclination_array = [0.7853981634, 0.7853981634, 0.7853981634, 0.7853981634, 0.7853981634, 0.7853981634, 0.7853981634, 0.7853981634, 0.7853981634,]
angleAzimuth_array = [2.8274333882, 2.8274333882, 2.8274333882, 2.8274333882, 2.8274333882, 2.8274333882, 2.8274333882, 2.8274333882, 2.8274333882,]
