% ground truth for sim_inc45_az189_run1.tif
% settings
number_of_spots = 9
pixel_size_nm = 52.000
image_size_nm = 8060.000
image_size_px = 155
patch_size_px = 19
wavelength = 500
par.objectiveNA = 2.17
objectiveFocalLength = 770
par.refractiveIndices = [1.310000e+00 , 2.170000e+00 , 2.170000e+00 ,]
par.nDiscretizationBFP = 129
par.backgroundNoise = 0.000
par.nPhotons = 2000
% data
positionX_nm_array = [1352.0000000000,  2756.0000000000, -1300.0000000000,   260.0000000000,  3068.0000000000,  1404.0000000000, -1144.0000000000,  -208.0000000000, -1820.0000000000,]
positionY_nm_array = [-1404.0000000000,   -52.0000000000, -1456.0000000000,  3224.0000000000,  2392.0000000000,  3328.0000000000,  1248.0000000000,   416.0000000000, -2652.0000000000,]
angleInclination_array = [0.7853981634, 0.7853981634, 0.7853981634, 0.7853981634, 0.7853981634, 0.7853981634, 0.7853981634, 0.7853981634, 0.7853981634,]
angleAzimuth_array = [3.1415926536, 3.1415926536, 3.1415926536, 3.1415926536, 3.1415926536, 3.1415926536, 3.1415926536, 3.1415926536, 3.1415926536,]
