% ground truth for sim_inc0_az45_run1.tif
% settings
number_of_spots = 9
pixel_size_nm = 52.000
image_size_nm = 8060.000
image_size_px = 155
patch_size_px = 19
wavelength = 500
par.objectiveNA = 2.17
objectiveFocalLength = 770
par.refractiveIndices = [1.310000e+00 , 2.170000e+00 , 2.170000e+00 ,]
par.nDiscretizationBFP = 129
par.backgroundNoise = 0.000
par.nPhotons = 2000
% data
positionX_nm_array = [3172.0000000000,  -884.0000000000,  -104.0000000000, -1300.0000000000, -2132.0000000000,  2756.0000000000, -3380.0000000000, -1352.0000000000,  3016.0000000000,]
positionY_nm_array = [104.0000000000,   -52.0000000000,  1092.0000000000,  2340.0000000000,   312.0000000000, -1664.0000000000, -2132.0000000000, -1612.0000000000, -2756.0000000000,]
angleInclination_array = [0.0000000000, 0.0000000000, 0.0000000000, 0.0000000000, 0.0000000000, 0.0000000000, 0.0000000000, 0.0000000000, 0.0000000000,]
angleAzimuth_array = [0.6283185307, 0.6283185307, 0.6283185307, 0.6283185307, 0.6283185307, 0.6283185307, 0.6283185307, 0.6283185307, 0.6283185307,]
