% ground truth for sim_inc23_az333_run1.tif
% settings
number_of_spots = 9
pixel_size_nm = 52.000
image_size_nm = 8060.000
image_size_px = 155
patch_size_px = 19
wavelength = 500
par.objectiveNA = 2.17
objectiveFocalLength = 770
par.refractiveIndices = [1.310000e+00 , 2.170000e+00 , 2.170000e+00 ,]
par.nDiscretizationBFP = 129
par.backgroundNoise = 0.000
par.nPhotons = 2000
% data
positionX_nm_array = [1976.0000000000,  1560.0000000000,  3172.0000000000, -1976.0000000000, -2028.0000000000,  -312.0000000000,  -624.0000000000,  3224.0000000000,  1820.0000000000,]
positionY_nm_array = [-3120.0000000000,  2392.0000000000, -2184.0000000000,  2028.0000000000, -3224.0000000000,  -572.0000000000,  3120.0000000000,  2652.0000000000,  1040.0000000000,]
angleInclination_array = [0.3926990817, 0.3926990817, 0.3926990817, 0.3926990817, 0.3926990817, 0.3926990817, 0.3926990817, 0.3926990817, 0.3926990817,]
angleAzimuth_array = [5.6548667765, 5.6548667765, 5.6548667765, 5.6548667765, 5.6548667765, 5.6548667765, 5.6548667765, 5.6548667765, 5.6548667765,]
