% ground truth for sim_inc90_az279_run1.tif
% settings
number_of_spots = 9
pixel_size_nm = 52.000
image_size_nm = 8060.000
image_size_px = 155
patch_size_px = 19
wavelength = 500
par.objectiveNA = 2.17
objectiveFocalLength = 770
par.refractiveIndices = [1.310000e+00 , 2.170000e+00 , 2.170000e+00 ,]
par.nDiscretizationBFP = 129
par.backgroundNoise = 0.000
par.nPhotons = 2000
% data
positionX_nm_array = [-1768.0000000000,  -104.0000000000,  2184.0000000000,  1716.0000000000,  2808.0000000000, -2236.0000000000,  2496.0000000000,  3068.0000000000,  -988.0000000000,]
positionY_nm_array = [-364.0000000000,  2808.0000000000, -2860.0000000000,  2704.0000000000,  1196.0000000000,  1248.0000000000,   -52.0000000000,  2496.0000000000, -2392.0000000000,]
angleInclination_array = [1.5707963268, 1.5707963268, 1.5707963268, 1.5707963268, 1.5707963268, 1.5707963268, 1.5707963268, 1.5707963268, 1.5707963268,]
angleAzimuth_array = [4.7123889804, 4.7123889804, 4.7123889804, 4.7123889804, 4.7123889804, 4.7123889804, 4.7123889804, 4.7123889804, 4.7123889804,]
