% ground truth for sim_inc0_az27_run1.tif
% settings
number_of_spots = 9
pixel_size_nm = 52.000
image_size_nm = 8060.000
image_size_px = 155
patch_size_px = 19
wavelength = 500
par.objectiveNA = 2.17
objectiveFocalLength = 770
par.refractiveIndices = [1.310000e+00 , 2.170000e+00 , 2.170000e+00 ,]
par.nDiscretizationBFP = 129
par.backgroundNoise = 0.000
par.nPhotons = 2000
% data
positionX_nm_array = [-3016.0000000000,  -936.0000000000,  3172.0000000000,  3016.0000000000, -2808.0000000000,  -884.0000000000, -2964.0000000000,  -676.0000000000,     0.0000000000,]
positionY_nm_array = [2080.0000000000,   364.0000000000,   988.0000000000, -1144.0000000000, -3432.0000000000, -2808.0000000000, -1612.0000000000, -1040.0000000000,  1404.0000000000,]
angleInclination_array = [0.0000000000, 0.0000000000, 0.0000000000, 0.0000000000, 0.0000000000, 0.0000000000, 0.0000000000, 0.0000000000, 0.0000000000,]
angleAzimuth_array = [0.3141592654, 0.3141592654, 0.3141592654, 0.3141592654, 0.3141592654, 0.3141592654, 0.3141592654, 0.3141592654, 0.3141592654,]
