% ground truth for sim_inc45_az135_run1.tif
% settings
number_of_spots = 9
pixel_size_nm = 52.000
image_size_nm = 8060.000
image_size_px = 155
patch_size_px = 19
wavelength = 500
par.objectiveNA = 2.17
objectiveFocalLength = 770
par.refractiveIndices = [1.310000e+00 , 2.170000e+00 , 2.170000e+00 ,]
par.nDiscretizationBFP = 129
par.backgroundNoise = 0.000
par.nPhotons = 2000
% data
positionX_nm_array = [-1768.0000000000,  3484.0000000000,  2548.0000000000,   624.0000000000, -1092.0000000000,    52.0000000000,  1300.0000000000,   -52.0000000000,  1924.0000000000,]
positionY_nm_array = [-1976.0000000000,  1924.0000000000,   676.0000000000,   416.0000000000,  2184.0000000000,  3172.0000000000, -1092.0000000000,  -988.0000000000,  3276.0000000000,]
angleInclination_array = [0.7853981634, 0.7853981634, 0.7853981634, 0.7853981634, 0.7853981634, 0.7853981634, 0.7853981634, 0.7853981634, 0.7853981634,]
angleAzimuth_array = [2.1991148575, 2.1991148575, 2.1991148575, 2.1991148575, 2.1991148575, 2.1991148575, 2.1991148575, 2.1991148575, 2.1991148575,]
