% ground truth for sim_inc90_az261_run1.tif
% settings
number_of_spots = 9
pixel_size_nm = 52.000
image_size_nm = 8060.000
image_size_px = 155
patch_size_px = 19
wavelength = 500
par.objectiveNA = 2.17
objectiveFocalLength = 770
par.refractiveIndices = [1.310000e+00 , 2.170000e+00 , 2.170000e+00 ,]
par.nDiscretizationBFP = 129
par.backgroundNoise = 0.000
par.nPhotons = 2000
% data
positionX_nm_array = [1196.0000000000,  2600.0000000000,  -260.0000000000, -1612.0000000000,  3276.0000000000,  -416.0000000000,  -312.0000000000,  -468.0000000000,  2600.0000000000,]
positionY_nm_array = [-832.0000000000, -1716.0000000000, -1976.0000000000,  2340.0000000000,  2600.0000000000,  2756.0000000000,   676.0000000000, -3172.0000000000,  1144.0000000000,]
angleInclination_array = [1.5707963268, 1.5707963268, 1.5707963268, 1.5707963268, 1.5707963268, 1.5707963268, 1.5707963268, 1.5707963268, 1.5707963268,]
angleAzimuth_array = [4.3982297150, 4.3982297150, 4.3982297150, 4.3982297150, 4.3982297150, 4.3982297150, 4.3982297150, 4.3982297150, 4.3982297150,]
