% ground truth for sim_inc0_az153_run1.tif
% settings
number_of_spots = 9
pixel_size_nm = 52.000
image_size_nm = 8060.000
image_size_px = 155
patch_size_px = 19
wavelength = 500
par.objectiveNA = 2.17
objectiveFocalLength = 770
par.refractiveIndices = [1.310000e+00 , 2.170000e+00 , 2.170000e+00 ,]
par.nDiscretizationBFP = 129
par.backgroundNoise = 0.000
par.nPhotons = 2000
% data
positionX_nm_array = [2808.0000000000, -1716.0000000000,  -260.0000000000,  3068.0000000000, -3016.0000000000, -1924.0000000000,  1872.0000000000,  1872.0000000000,  1352.0000000000,]
positionY_nm_array = [-2444.0000000000,  2860.0000000000,  -364.0000000000,   156.0000000000, -1196.0000000000,   832.0000000000,  1092.0000000000,  3224.0000000000, -1716.0000000000,]
angleInclination_array = [0.0000000000, 0.0000000000, 0.0000000000, 0.0000000000, 0.0000000000, 0.0000000000, 0.0000000000, 0.0000000000, 0.0000000000,]
angleAzimuth_array = [2.5132741229, 2.5132741229, 2.5132741229, 2.5132741229, 2.5132741229, 2.5132741229, 2.5132741229, 2.5132741229, 2.5132741229,]
