% ground truth for sim_inc45_az198_run1.tif
% settings
number_of_spots = 9
pixel_size_nm = 52.000
image_size_nm = 8060.000
image_size_px = 155
patch_size_px = 19
wavelength = 500
par.objectiveNA = 2.17
objectiveFocalLength = 770
par.refractiveIndices = [1.310000e+00 , 2.170000e+00 , 2.170000e+00 ,]
par.nDiscretizationBFP = 129
par.backgroundNoise = 0.000
par.nPhotons = 2000
% data
positionX_nm_array = [3328.0000000000, -2496.0000000000, -1352.0000000000,  3380.0000000000,  2964.0000000000,  -520.0000000000, -2028.0000000000,  2496.0000000000, -3484.0000000000,]
positionY_nm_array = [-3224.0000000000,  1716.0000000000,  1352.0000000000,  1196.0000000000,  3328.0000000000,  -312.0000000000,   -52.0000000000, -1768.0000000000,  -312.0000000000,]
angleInclination_array = [0.7853981634, 0.7853981634, 0.7853981634, 0.7853981634, 0.7853981634, 0.7853981634, 0.7853981634, 0.7853981634, 0.7853981634,]
angleAzimuth_array = [3.2986722863, 3.2986722863, 3.2986722863, 3.2986722863, 3.2986722863, 3.2986722863, 3.2986722863, 3.2986722863, 3.2986722863,]
