% ground truth for sim_inc23_az99_run1.tif
% settings
number_of_spots = 9
pixel_size_nm = 52.000
image_size_nm = 8060.000
image_size_px = 155
patch_size_px = 19
wavelength = 500
par.objectiveNA = 2.17
objectiveFocalLength = 770
par.refractiveIndices = [1.310000e+00 , 2.170000e+00 , 2.170000e+00 ,]
par.nDiscretizationBFP = 129
par.backgroundNoise = 0.000
par.nPhotons = 2000
% data
positionX_nm_array = [2704.0000000000, -1976.0000000000,  2340.0000000000,  -572.0000000000,  1040.0000000000,  -624.0000000000, -2756.0000000000,  3484.0000000000,  -312.0000000000,]
positionY_nm_array = [-2652.0000000000, -1612.0000000000,  1092.0000000000, -3328.0000000000, -2756.0000000000,  1768.0000000000,   676.0000000000,  -260.0000000000,  -260.0000000000,]
angleInclination_array = [0.3926990817, 0.3926990817, 0.3926990817, 0.3926990817, 0.3926990817, 0.3926990817, 0.3926990817, 0.3926990817, 0.3926990817,]
angleAzimuth_array = [1.5707963268, 1.5707963268, 1.5707963268, 1.5707963268, 1.5707963268, 1.5707963268, 1.5707963268, 1.5707963268, 1.5707963268,]
