% ground truth for sim_inc68_az117_run1.tif
% settings
number_of_spots = 9
pixel_size_nm = 52.000
image_size_nm = 8060.000
image_size_px = 155
patch_size_px = 19
wavelength = 500
par.objectiveNA = 2.17
objectiveFocalLength = 770
par.refractiveIndices = [1.310000e+00 , 2.170000e+00 , 2.170000e+00 ,]
par.nDiscretizationBFP = 129
par.backgroundNoise = 0.000
par.nPhotons = 2000
% data
positionX_nm_array = [936.0000000000, -1404.0000000000,  1612.0000000000,   572.0000000000,    52.0000000000, -2704.0000000000, -2808.0000000000,  2652.0000000000, -2496.0000000000,]
positionY_nm_array = [-832.0000000000,  3484.0000000000, -2652.0000000000, -3172.0000000000,  1144.0000000000, -3276.0000000000,  1092.0000000000,  -156.0000000000, -2184.0000000000,]
angleInclination_array = [1.1780972451, 1.1780972451, 1.1780972451, 1.1780972451, 1.1780972451, 1.1780972451, 1.1780972451, 1.1780972451, 1.1780972451,]
angleAzimuth_array = [1.8849555922, 1.8849555922, 1.8849555922, 1.8849555922, 1.8849555922, 1.8849555922, 1.8849555922, 1.8849555922, 1.8849555922,]
