% ground truth for sim_inc45_az279_run1.tif
% settings
number_of_spots = 9
pixel_size_nm = 52.000
image_size_nm = 8060.000
image_size_px = 155
patch_size_px = 19
wavelength = 500
par.objectiveNA = 2.17
objectiveFocalLength = 770
par.refractiveIndices = [1.310000e+00 , 2.170000e+00 , 2.170000e+00 ,]
par.nDiscretizationBFP = 129
par.backgroundNoise = 0.000
par.nPhotons = 2000
% data
positionX_nm_array = [2080.0000000000, -2288.0000000000,  2288.0000000000,  -676.0000000000, -2184.0000000000,  1404.0000000000, -2704.0000000000, -3328.0000000000,  -884.0000000000,]
positionY_nm_array = [-2496.0000000000,   832.0000000000,  -728.0000000000,  1196.0000000000, -1924.0000000000,  2392.0000000000, -3172.0000000000,  -520.0000000000, -3380.0000000000,]
angleInclination_array = [0.7853981634, 0.7853981634, 0.7853981634, 0.7853981634, 0.7853981634, 0.7853981634, 0.7853981634, 0.7853981634, 0.7853981634,]
angleAzimuth_array = [4.7123889804, 4.7123889804, 4.7123889804, 4.7123889804, 4.7123889804, 4.7123889804, 4.7123889804, 4.7123889804, 4.7123889804,]
