% ground truth for sim_inc23_az207_run1.tif
% settings
number_of_spots = 9
pixel_size_nm = 52.000
image_size_nm = 8060.000
image_size_px = 155
patch_size_px = 19
wavelength = 500
par.objectiveNA = 2.17
objectiveFocalLength = 770
par.refractiveIndices = [1.310000e+00 , 2.170000e+00 , 2.170000e+00 ,]
par.nDiscretizationBFP = 129
par.backgroundNoise = 0.000
par.nPhotons = 2000
% data
positionX_nm_array = [-3172.0000000000,  3224.0000000000,  -936.0000000000, -1508.0000000000,   104.0000000000,   -52.0000000000, -1560.0000000000, -2860.0000000000,  1612.0000000000,]
positionY_nm_array = [-1820.0000000000, -1976.0000000000, -3276.0000000000,  1612.0000000000,  1664.0000000000,  -260.0000000000,   416.0000000000,  2236.0000000000,  3172.0000000000,]
angleInclination_array = [0.3926990817, 0.3926990817, 0.3926990817, 0.3926990817, 0.3926990817, 0.3926990817, 0.3926990817, 0.3926990817, 0.3926990817,]
angleAzimuth_array = [3.4557519189, 3.4557519189, 3.4557519189, 3.4557519189, 3.4557519189, 3.4557519189, 3.4557519189, 3.4557519189, 3.4557519189,]
