% ground truth for sim_inc0_az108_run1.tif
% settings
number_of_spots = 9
pixel_size_nm = 52.000
image_size_nm = 8060.000
image_size_px = 155
patch_size_px = 19
wavelength = 500
par.objectiveNA = 2.17
objectiveFocalLength = 770
par.refractiveIndices = [1.310000e+00 , 2.170000e+00 , 2.170000e+00 ,]
par.nDiscretizationBFP = 129
par.backgroundNoise = 0.000
par.nPhotons = 2000
% data
positionX_nm_array = [-1352.0000000000,    52.0000000000,  1976.0000000000, -3380.0000000000, -1612.0000000000,  1300.0000000000, -2340.0000000000, -1612.0000000000,  -936.0000000000,]
positionY_nm_array = [-1404.0000000000, -3016.0000000000,  -780.0000000000,  1092.0000000000,  -104.0000000000, -1976.0000000000, -2652.0000000000,  2652.0000000000, -2444.0000000000,]
angleInclination_array = [0.0000000000, 0.0000000000, 0.0000000000, 0.0000000000, 0.0000000000, 0.0000000000, 0.0000000000, 0.0000000000, 0.0000000000,]
angleAzimuth_array = [1.7278759595, 1.7278759595, 1.7278759595, 1.7278759595, 1.7278759595, 1.7278759595, 1.7278759595, 1.7278759595, 1.7278759595,]
