% ground truth for sim_inc90_az9_run1.tif
% settings
number_of_spots = 9
pixel_size_nm = 52.000
image_size_nm = 8060.000
image_size_px = 155
patch_size_px = 19
wavelength = 500
par.objectiveNA = 2.17
objectiveFocalLength = 770
par.refractiveIndices = [1.310000e+00 , 2.170000e+00 , 2.170000e+00 ,]
par.nDiscretizationBFP = 129
par.backgroundNoise = 0.000
par.nPhotons = 2000
% data
positionX_nm_array = [-2080.0000000000,  -832.0000000000,  -832.0000000000,  1092.0000000000, -2288.0000000000, -3328.0000000000, -3016.0000000000,   156.0000000000,  1456.0000000000,]
positionY_nm_array = [3172.0000000000, -2860.0000000000,  -832.0000000000, -2132.0000000000,   -52.0000000000,  1508.0000000000, -1248.0000000000,   -52.0000000000,  1976.0000000000,]
angleInclination_array = [1.5707963268, 1.5707963268, 1.5707963268, 1.5707963268, 1.5707963268, 1.5707963268, 1.5707963268, 1.5707963268, 1.5707963268,]
angleAzimuth_array = [0.0000000000, 0.0000000000, 0.0000000000, 0.0000000000, 0.0000000000, 0.0000000000, 0.0000000000, 0.0000000000, 0.0000000000,]
