% ground truth for sim_inc0_az351_run1.tif
% settings
number_of_spots = 9
pixel_size_nm = 52.000
image_size_nm = 8060.000
image_size_px = 155
patch_size_px = 19
wavelength = 500
par.objectiveNA = 2.17
objectiveFocalLength = 770
par.refractiveIndices = [1.310000e+00 , 2.170000e+00 , 2.170000e+00 ,]
par.nDiscretizationBFP = 129
par.backgroundNoise = 0.000
par.nPhotons = 2000
% data
positionX_nm_array = [728.0000000000,  2808.0000000000,  1456.0000000000,  2600.0000000000,  2808.0000000000, -1404.0000000000, -2444.0000000000,  1820.0000000000, -1820.0000000000,]
positionY_nm_array = [2600.0000000000, -3276.0000000000,  -832.0000000000,  1456.0000000000,  2548.0000000000,   624.0000000000,  -572.0000000000,  3432.0000000000,  2132.0000000000,]
angleInclination_array = [0.0000000000, 0.0000000000, 0.0000000000, 0.0000000000, 0.0000000000, 0.0000000000, 0.0000000000, 0.0000000000, 0.0000000000,]
angleAzimuth_array = [5.9690260418, 5.9690260418, 5.9690260418, 5.9690260418, 5.9690260418, 5.9690260418, 5.9690260418, 5.9690260418, 5.9690260418,]
