% ground truth for sim_inc0_az261_run1.tif
% settings
number_of_spots = 9
pixel_size_nm = 52.000
image_size_nm = 8060.000
image_size_px = 155
patch_size_px = 19
wavelength = 500
par.objectiveNA = 2.17
objectiveFocalLength = 770
par.refractiveIndices = [1.310000e+00 , 2.170000e+00 , 2.170000e+00 ,]
par.nDiscretizationBFP = 129
par.backgroundNoise = 0.000
par.nPhotons = 2000
% data
positionX_nm_array = [1924.0000000000,  2496.0000000000, -2444.0000000000,   156.0000000000, -2236.0000000000, -2288.0000000000,   624.0000000000, -1092.0000000000,   676.0000000000,]
positionY_nm_array = [2548.0000000000, -2340.0000000000,  -156.0000000000, -3328.0000000000,  3172.0000000000,  2132.0000000000, -1040.0000000000,  1456.0000000000,  3120.0000000000,]
angleInclination_array = [0.0000000000, 0.0000000000, 0.0000000000, 0.0000000000, 0.0000000000, 0.0000000000, 0.0000000000, 0.0000000000, 0.0000000000,]
angleAzimuth_array = [4.3982297150, 4.3982297150, 4.3982297150, 4.3982297150, 4.3982297150, 4.3982297150, 4.3982297150, 4.3982297150, 4.3982297150,]
