% ground truth for sim_inc23_az279_run1.tif
% settings
number_of_spots = 9
pixel_size_nm = 52.000
image_size_nm = 8060.000
image_size_px = 155
patch_size_px = 19
wavelength = 500
par.objectiveNA = 2.17
objectiveFocalLength = 770
par.refractiveIndices = [1.310000e+00 , 2.170000e+00 , 2.170000e+00 ,]
par.nDiscretizationBFP = 129
par.backgroundNoise = 0.000
par.nPhotons = 2000
% data
positionX_nm_array = [-1456.0000000000,  -572.0000000000, -2964.0000000000, -1976.0000000000,  3484.0000000000,  -728.0000000000,  2340.0000000000,   728.0000000000, -3484.0000000000,]
positionY_nm_array = [-3432.0000000000,  2756.0000000000,   364.0000000000,  1144.0000000000,  2756.0000000000, -1976.0000000000,  -364.0000000000,  3068.0000000000, -2756.0000000000,]
angleInclination_array = [0.3926990817, 0.3926990817, 0.3926990817, 0.3926990817, 0.3926990817, 0.3926990817, 0.3926990817, 0.3926990817, 0.3926990817,]
angleAzimuth_array = [4.7123889804, 4.7123889804, 4.7123889804, 4.7123889804, 4.7123889804, 4.7123889804, 4.7123889804, 4.7123889804, 4.7123889804,]
