% ground truth for sim_inc0_az216_run1.tif
% settings
number_of_spots = 9
pixel_size_nm = 52.000
image_size_nm = 8060.000
image_size_px = 155
patch_size_px = 19
wavelength = 500
par.objectiveNA = 2.17
objectiveFocalLength = 770
par.refractiveIndices = [1.310000e+00 , 2.170000e+00 , 2.170000e+00 ,]
par.nDiscretizationBFP = 129
par.backgroundNoise = 0.000
par.nPhotons = 2000
% data
positionX_nm_array = [-2392.0000000000,  2860.0000000000, -3432.0000000000, -1144.0000000000,  3432.0000000000,  1300.0000000000,  -312.0000000000, -1820.0000000000,  1300.0000000000,]
positionY_nm_array = [-156.0000000000,  -260.0000000000,  1612.0000000000, -2184.0000000000,  1092.0000000000, -2652.0000000000,  2288.0000000000,  2288.0000000000,  -780.0000000000,]
angleInclination_array = [0.0000000000, 0.0000000000, 0.0000000000, 0.0000000000, 0.0000000000, 0.0000000000, 0.0000000000, 0.0000000000, 0.0000000000,]
angleAzimuth_array = [3.6128315516, 3.6128315516, 3.6128315516, 3.6128315516, 3.6128315516, 3.6128315516, 3.6128315516, 3.6128315516, 3.6128315516,]
