% ground truth for sim_inc45_az18_run1.tif
% settings
number_of_spots = 9
pixel_size_nm = 52.000
image_size_nm = 8060.000
image_size_px = 155
patch_size_px = 19
wavelength = 500
par.objectiveNA = 2.17
objectiveFocalLength = 770
par.refractiveIndices = [1.310000e+00 , 2.170000e+00 , 2.170000e+00 ,]
par.nDiscretizationBFP = 129
par.backgroundNoise = 0.000
par.nPhotons = 2000
% data
positionX_nm_array = [-1768.0000000000,  1820.0000000000,  1352.0000000000,  3328.0000000000, -3120.0000000000,  3068.0000000000,  2236.0000000000,   364.0000000000,  -156.0000000000,]
positionY_nm_array = [2080.0000000000,   728.0000000000, -2236.0000000000,  -624.0000000000,  1664.0000000000, -2704.0000000000,  -728.0000000000,  3276.0000000000,  1976.0000000000,]
angleInclination_array = [0.7853981634, 0.7853981634, 0.7853981634, 0.7853981634, 0.7853981634, 0.7853981634, 0.7853981634, 0.7853981634, 0.7853981634,]
angleAzimuth_array = [0.1570796327, 0.1570796327, 0.1570796327, 0.1570796327, 0.1570796327, 0.1570796327, 0.1570796327, 0.1570796327, 0.1570796327,]
