% ground truth for sim_inc45_az144_run1.tif
% settings
number_of_spots = 9
pixel_size_nm = 52.000
image_size_nm = 8060.000
image_size_px = 155
patch_size_px = 19
wavelength = 500
par.objectiveNA = 2.17
objectiveFocalLength = 770
par.refractiveIndices = [1.310000e+00 , 2.170000e+00 , 2.170000e+00 ,]
par.nDiscretizationBFP = 129
par.backgroundNoise = 0.000
par.nPhotons = 2000
% data
positionX_nm_array = [1768.0000000000,  -208.0000000000,  -572.0000000000,  3484.0000000000, -1976.0000000000, -3016.0000000000,  3120.0000000000,  3276.0000000000,  -520.0000000000,]
positionY_nm_array = [2080.0000000000,  2912.0000000000,  -624.0000000000,  2860.0000000000,  2132.0000000000,  -884.0000000000, -2860.0000000000,  1196.0000000000, -2288.0000000000,]
angleInclination_array = [0.7853981634, 0.7853981634, 0.7853981634, 0.7853981634, 0.7853981634, 0.7853981634, 0.7853981634, 0.7853981634, 0.7853981634,]
angleAzimuth_array = [2.3561944902, 2.3561944902, 2.3561944902, 2.3561944902, 2.3561944902, 2.3561944902, 2.3561944902, 2.3561944902, 2.3561944902,]
