% ground truth for sim_inc68_az351_run1.tif
% settings
number_of_spots = 9
pixel_size_nm = 52.000
image_size_nm = 8060.000
image_size_px = 155
patch_size_px = 19
wavelength = 500
par.objectiveNA = 2.17
objectiveFocalLength = 770
par.refractiveIndices = [1.310000e+00 , 2.170000e+00 , 2.170000e+00 ,]
par.nDiscretizationBFP = 129
par.backgroundNoise = 0.000
par.nPhotons = 2000
% data
positionX_nm_array = [2756.0000000000,   -52.0000000000, -1560.0000000000, -2652.0000000000,  -832.0000000000,  1456.0000000000,  3432.0000000000,  1716.0000000000, -2912.0000000000,]
positionY_nm_array = [2392.0000000000, -2756.0000000000, -3068.0000000000,   468.0000000000,   468.0000000000,   104.0000000000,   260.0000000000,  2288.0000000000, -2860.0000000000,]
angleInclination_array = [1.1780972451, 1.1780972451, 1.1780972451, 1.1780972451, 1.1780972451, 1.1780972451, 1.1780972451, 1.1780972451, 1.1780972451,]
angleAzimuth_array = [5.9690260418, 5.9690260418, 5.9690260418, 5.9690260418, 5.9690260418, 5.9690260418, 5.9690260418, 5.9690260418, 5.9690260418,]
