% ground truth for sim_inc45_az81_run1.tif
% settings
number_of_spots = 9
pixel_size_nm = 52.000
image_size_nm = 8060.000
image_size_px = 155
patch_size_px = 19
wavelength = 500
par.objectiveNA = 2.17
objectiveFocalLength = 770
par.refractiveIndices = [1.310000e+00 , 2.170000e+00 , 2.170000e+00 ,]
par.nDiscretizationBFP = 129
par.backgroundNoise = 0.000
par.nPhotons = 2000
% data
positionX_nm_array = [624.0000000000, -3380.0000000000,  1716.0000000000,  3380.0000000000,  -156.0000000000, -2912.0000000000, -1612.0000000000,  -572.0000000000,  1144.0000000000,]
positionY_nm_array = [-2444.0000000000, -3016.0000000000,  -988.0000000000,   572.0000000000,  2340.0000000000, -1092.0000000000, -2756.0000000000,   468.0000000000,   780.0000000000,]
angleInclination_array = [0.7853981634, 0.7853981634, 0.7853981634, 0.7853981634, 0.7853981634, 0.7853981634, 0.7853981634, 0.7853981634, 0.7853981634,]
angleAzimuth_array = [1.2566370614, 1.2566370614, 1.2566370614, 1.2566370614, 1.2566370614, 1.2566370614, 1.2566370614, 1.2566370614, 1.2566370614,]
