% ground truth for sim_inc0_az333_run1.tif
% settings
number_of_spots = 9
pixel_size_nm = 52.000
image_size_nm = 8060.000
image_size_px = 155
patch_size_px = 19
wavelength = 500
par.objectiveNA = 2.17
objectiveFocalLength = 770
par.refractiveIndices = [1.310000e+00 , 2.170000e+00 , 2.170000e+00 ,]
par.nDiscretizationBFP = 129
par.backgroundNoise = 0.000
par.nPhotons = 2000
% data
positionX_nm_array = [3276.0000000000,  -676.0000000000, -1612.0000000000,  2236.0000000000, -3276.0000000000,   780.0000000000,  -728.0000000000,   156.0000000000,  2912.0000000000,]
positionY_nm_array = [1248.0000000000,   988.0000000000,  -416.0000000000,  -832.0000000000,  1768.0000000000,  2028.0000000000,  3276.0000000000, -3484.0000000000,  3068.0000000000,]
angleInclination_array = [0.0000000000, 0.0000000000, 0.0000000000, 0.0000000000, 0.0000000000, 0.0000000000, 0.0000000000, 0.0000000000, 0.0000000000,]
angleAzimuth_array = [5.6548667765, 5.6548667765, 5.6548667765, 5.6548667765, 5.6548667765, 5.6548667765, 5.6548667765, 5.6548667765, 5.6548667765,]
