% ground truth for sim_inc0_az126_run1.tif
% settings
number_of_spots = 9
pixel_size_nm = 52.000
image_size_nm = 8060.000
image_size_px = 155
patch_size_px = 19
wavelength = 500
par.objectiveNA = 2.17
objectiveFocalLength = 770
par.refractiveIndices = [1.310000e+00 , 2.170000e+00 , 2.170000e+00 ,]
par.nDiscretizationBFP = 129
par.backgroundNoise = 0.000
par.nPhotons = 2000
% data
positionX_nm_array = [2860.0000000000, -1924.0000000000,  3484.0000000000,  -936.0000000000, -3432.0000000000,   572.0000000000,   780.0000000000,  2392.0000000000, -2704.0000000000,]
positionY_nm_array = [3120.0000000000,   260.0000000000, -2860.0000000000,  1768.0000000000,  1456.0000000000, -2392.0000000000,  -520.0000000000, -3172.0000000000, -1768.0000000000,]
angleInclination_array = [0.0000000000, 0.0000000000, 0.0000000000, 0.0000000000, 0.0000000000, 0.0000000000, 0.0000000000, 0.0000000000, 0.0000000000,]
angleAzimuth_array = [2.0420352248, 2.0420352248, 2.0420352248, 2.0420352248, 2.0420352248, 2.0420352248, 2.0420352248, 2.0420352248, 2.0420352248,]
