% ground truth for sim_inc0_az270_run1.tif
% settings
number_of_spots = 9
pixel_size_nm = 52.000
image_size_nm = 8060.000
image_size_px = 155
patch_size_px = 19
wavelength = 500
par.objectiveNA = 2.17
objectiveFocalLength = 770
par.refractiveIndices = [1.310000e+00 , 2.170000e+00 , 2.170000e+00 ,]
par.nDiscretizationBFP = 129
par.backgroundNoise = 0.000
par.nPhotons = 2000
% data
positionX_nm_array = [1872.0000000000, -1300.0000000000,  1040.0000000000,  1924.0000000000,  1456.0000000000, -3068.0000000000,  3068.0000000000, -2912.0000000000, -1248.0000000000,]
positionY_nm_array = [-936.0000000000,  2548.0000000000,   -52.0000000000, -3432.0000000000,  2392.0000000000, -1560.0000000000,  -260.0000000000,  -312.0000000000,   468.0000000000,]
angleInclination_array = [0.0000000000, 0.0000000000, 0.0000000000, 0.0000000000, 0.0000000000, 0.0000000000, 0.0000000000, 0.0000000000, 0.0000000000,]
angleAzimuth_array = [4.5553093477, 4.5553093477, 4.5553093477, 4.5553093477, 4.5553093477, 4.5553093477, 4.5553093477, 4.5553093477, 4.5553093477,]
