% ground truth for sim_inc68_az90_run1.tif
% settings
number_of_spots = 9
pixel_size_nm = 52.000
image_size_nm = 8060.000
image_size_px = 155
patch_size_px = 19
wavelength = 500
par.objectiveNA = 2.17
objectiveFocalLength = 770
par.refractiveIndices = [1.310000e+00 , 2.170000e+00 , 2.170000e+00 ,]
par.nDiscretizationBFP = 129
par.backgroundNoise = 0.000
par.nPhotons = 2000
% data
positionX_nm_array = [312.0000000000, -2236.0000000000,  -832.0000000000, -1664.0000000000,   832.0000000000,  -364.0000000000,  2756.0000000000, -3380.0000000000, -2028.0000000000,]
positionY_nm_array = [2496.0000000000, -2132.0000000000,  3120.0000000000,  2132.0000000000,  -728.0000000000, -1924.0000000000,  2704.0000000000,  2236.0000000000, -3172.0000000000,]
angleInclination_array = [1.1780972451, 1.1780972451, 1.1780972451, 1.1780972451, 1.1780972451, 1.1780972451, 1.1780972451, 1.1780972451, 1.1780972451,]
angleAzimuth_array = [1.4137166941, 1.4137166941, 1.4137166941, 1.4137166941, 1.4137166941, 1.4137166941, 1.4137166941, 1.4137166941, 1.4137166941,]
