% ground truth for sim_inc23_az315_run1.tif
% settings
number_of_spots = 9
pixel_size_nm = 52.000
image_size_nm = 8060.000
image_size_px = 155
patch_size_px = 19
wavelength = 500
par.objectiveNA = 2.17
objectiveFocalLength = 770
par.refractiveIndices = [1.310000e+00 , 2.170000e+00 , 2.170000e+00 ,]
par.nDiscretizationBFP = 129
par.backgroundNoise = 0.000
par.nPhotons = 2000
% data
positionX_nm_array = [-884.0000000000, -1404.0000000000, -3224.0000000000, -2080.0000000000, -2548.0000000000, -1040.0000000000,  2860.0000000000, -1508.0000000000,   416.0000000000,]
positionY_nm_array = [2704.0000000000,  -208.0000000000, -2912.0000000000,  3484.0000000000,  1144.0000000000,  1664.0000000000,  1716.0000000000, -2184.0000000000,  1768.0000000000,]
angleInclination_array = [0.3926990817, 0.3926990817, 0.3926990817, 0.3926990817, 0.3926990817, 0.3926990817, 0.3926990817, 0.3926990817, 0.3926990817,]
angleAzimuth_array = [5.3407075111, 5.3407075111, 5.3407075111, 5.3407075111, 5.3407075111, 5.3407075111, 5.3407075111, 5.3407075111, 5.3407075111,]
