% ground truth for sim_inc23_az189_run1.tif
% settings
number_of_spots = 9
pixel_size_nm = 52.000
image_size_nm = 8060.000
image_size_px = 155
patch_size_px = 19
wavelength = 500
par.objectiveNA = 2.17
objectiveFocalLength = 770
par.refractiveIndices = [1.310000e+00 , 2.170000e+00 , 2.170000e+00 ,]
par.nDiscretizationBFP = 129
par.backgroundNoise = 0.000
par.nPhotons = 2000
% data
positionX_nm_array = [520.0000000000,  3120.0000000000,  1196.0000000000,  -884.0000000000,   208.0000000000, -2600.0000000000, -2340.0000000000, -1924.0000000000,  2600.0000000000,]
positionY_nm_array = [3068.0000000000,  -728.0000000000,  -208.0000000000, -3120.0000000000,  -780.0000000000, -2132.0000000000,  2756.0000000000,   -52.0000000000, -2756.0000000000,]
angleInclination_array = [0.3926990817, 0.3926990817, 0.3926990817, 0.3926990817, 0.3926990817, 0.3926990817, 0.3926990817, 0.3926990817, 0.3926990817,]
angleAzimuth_array = [3.1415926536, 3.1415926536, 3.1415926536, 3.1415926536, 3.1415926536, 3.1415926536, 3.1415926536, 3.1415926536, 3.1415926536,]
