% ground truth for sim_inc68_az225_run1.tif
% settings
number_of_spots = 9
pixel_size_nm = 52.000
image_size_nm = 6000.000
image_size_px = 115
wavelength = 500
par.objectiveNA = 2.17
objectiveFocalLength = 770
par.refractiveIndices = [1.310000e+00 , 2.170000e+00 , 2.170000e+00 ,]
par.nDiscretizationBFP = 129
par.backgroundNoise = 0.000
par.nPhotons = 2000
positionX_nm_array = [1.751099e+03 , -1.359082e+03 , -2.625222e+02 ,  1.925820e+03 ,  8.656408e+02 , -1.860872e+03 ,  5.367879e+01 , -2.070009e+02 , -1.385188e+03 ,]
positionY_nm_array = [1.007342e+03 ,  5.172701e+01 ,  1.367451e+03 , -1.611596e+03 ,  1.109986e+02 , -1.468313e+03 , -1.524161e+03 ,  9.636893e+01 ,  1.909651e+03 ,]
angleInclination_array = [1.178097e+00 , 1.178097e+00 , 1.178097e+00 , 1.178097e+00 , 1.178097e+00 , 1.178097e+00 , 1.178097e+00 , 1.178097e+00 , 1.178097e+00 ,]
angleAzimuth_array = [3.926991e+00 , 3.926991e+00 , 3.926991e+00 , 3.926991e+00 , 3.926991e+00 , 3.926991e+00 , 3.926991e+00 , 3.926991e+00 , 3.926991e+00 ,]
