% ground truth for sim_inc45_az270_run1.tif
% settings
number_of_spots = 9
pixel_size_nm = 52.000
image_size_nm = 6000.000
image_size_px = 115
wavelength = 500
par.objectiveNA = 2.17
objectiveFocalLength = 770
par.refractiveIndices = [1.310000e+00 , 2.170000e+00 , 2.170000e+00 ,]
par.nDiscretizationBFP = 129
par.backgroundNoise = 0.000
par.nPhotons = 2000
positionX_nm_array = [-8.705508e+02 ,  8.394350e+02 , -3.889188e+01 ,  8.762102e+02 , -4.057042e+02 , -1.117258e+03 ,  2.076732e+03 , -1.790592e+03 ,  1.950117e+03 ,]
positionY_nm_array = [5.523941e+01 ,  1.789262e+03 , -1.523007e+03 ,  5.054191e+02 ,  1.030608e+03 , -1.819753e+03 , -7.918144e+02 , -5.046983e+02 ,  1.042679e+03 ,]
angleInclination_array = [7.853982e-01 , 7.853982e-01 , 7.853982e-01 , 7.853982e-01 , 7.853982e-01 , 7.853982e-01 , 7.853982e-01 , 7.853982e-01 , 7.853982e-01 ,]
angleAzimuth_array = [4.712389e+00 , 4.712389e+00 , 4.712389e+00 , 4.712389e+00 , 4.712389e+00 , 4.712389e+00 , 4.712389e+00 , 4.712389e+00 , 4.712389e+00 ,]
