% ground truth for sim_inc45_az0_run1.tif
% settings
number_of_spots = 9
pixel_size_nm = 52.000
image_size_nm = 6000.000
image_size_px = 115
wavelength = 500
par.objectiveNA = 2.17
objectiveFocalLength = 770
par.refractiveIndices = [1.310000e+00 , 2.170000e+00 , 2.170000e+00 ,]
par.nDiscretizationBFP = 129
par.backgroundNoise = 0.000
par.nPhotons = 2000
positionX_nm_array = [-1.459281e+03 , -7.262140e+02 ,  1.253481e+03 , -9.213708e+02 , -1.726499e+03 ,  1.815444e+02 ,  1.996134e+03 ,  1.212743e+03 , -1.741779e+02 ,]
positionY_nm_array = [-1.989126e+03 ,  2.677952e+02 , -1.753183e+02 ,  1.829100e+03 , -7.326950e+02 ,  1.935301e+03 , -1.976408e+03 ,  1.374576e+03 , -1.545095e+03 ,]
angleInclination_array = [7.853982e-01 , 7.853982e-01 , 7.853982e-01 , 7.853982e-01 , 7.853982e-01 , 7.853982e-01 , 7.853982e-01 , 7.853982e-01 , 7.853982e-01 ,]
angleAzimuth_array = [0 , 0 , 0 , 0 , 0 , 0 , 0 , 0 , 0 ,]
