% ground truth for sim_inc23_az225_run1.tif
% settings
number_of_spots = 9
pixel_size_nm = 52.000
image_size_nm = 6000.000
image_size_px = 115
wavelength = 500
par.objectiveNA = 2.17
objectiveFocalLength = 770
par.refractiveIndices = [1.310000e+00 , 2.170000e+00 , 2.170000e+00 ,]
par.nDiscretizationBFP = 129
par.backgroundNoise = 0.000
par.nPhotons = 2000
positionX_nm_array = [5.246710e+02 , -1.941772e+03 , -1.718049e+03 ,  9.348932e+02 ,  1.975331e+03 , -1.092091e+03 , -2.359218e+02 , -5.513079e+02 ,  2.063138e+03 ,]
positionY_nm_array = [1.418382e+03 ,  1.976240e+03 , -1.078980e+03 , -1.249113e+03 , -3.847861e+02 , -4.569832e+01 , -1.808136e+03 ,  1.016797e+03 , -2.027749e+03 ,]
angleInclination_array = [3.926991e-01 , 3.926991e-01 , 3.926991e-01 , 3.926991e-01 , 3.926991e-01 , 3.926991e-01 , 3.926991e-01 , 3.926991e-01 , 3.926991e-01 ,]
angleAzimuth_array = [3.926991e+00 , 3.926991e+00 , 3.926991e+00 , 3.926991e+00 , 3.926991e+00 , 3.926991e+00 , 3.926991e+00 , 3.926991e+00 , 3.926991e+00 ,]
