% ground truth for sim_inc45_az180_run1.tif
% settings
number_of_spots = 9
pixel_size_nm = 52.000
image_size_nm = 6000.000
image_size_px = 115
wavelength = 500
par.objectiveNA = 2.17
objectiveFocalLength = 770
par.refractiveIndices = [1.310000e+00 , 2.170000e+00 , 2.170000e+00 ,]
par.nDiscretizationBFP = 129
par.backgroundNoise = 0.000
par.nPhotons = 2000
positionX_nm_array = [-1.341267e+03 ,  9.521800e+02 ,  9.401479e+02 , -1.178055e+03 ,  1.672588e+03 , -7.806570e+02 , -2.493624e+01 , -1.467757e+03 ,  1.841277e+03 ,]
positionY_nm_array = [-3.535821e+02 ,  1.204434e+03 ,  5.077365e+01 ,  1.924509e+03 , -7.194161e+02 , -1.846779e+03 , -3.068900e+02 ,  7.199761e+02 , -1.793883e+03 ,]
angleInclination_array = [7.853982e-01 , 7.853982e-01 , 7.853982e-01 , 7.853982e-01 , 7.853982e-01 , 7.853982e-01 , 7.853982e-01 , 7.853982e-01 , 7.853982e-01 ,]
angleAzimuth_array = [3.141593e+00 , 3.141593e+00 , 3.141593e+00 , 3.141593e+00 , 3.141593e+00 , 3.141593e+00 , 3.141593e+00 , 3.141593e+00 , 3.141593e+00 ,]
