% ground truth for sim_inc23_az90_run1.tif
% settings
number_of_spots = 9
pixel_size_nm = 52.000
image_size_nm = 6000.000
image_size_px = 115
wavelength = 500
par.objectiveNA = 2.17
objectiveFocalLength = 770
par.refractiveIndices = [1.310000e+00 , 2.170000e+00 , 2.170000e+00 ,]
par.nDiscretizationBFP = 129
par.backgroundNoise = 0.000
par.nPhotons = 2000
positionX_nm_array = [6.196223e+02 ,  1.197060e+03 , -2.044531e+02 , -1.397651e+03 ,  1.880450e+03 , -9.184277e+02 ,  2.075082e+03 , -1.325520e+03 ,  9.372438e+02 ,]
positionY_nm_array = [-1.094361e+03 ,  1.852521e+03 ,  1.720420e+03 ,  1.193940e+03 , -4.237147e+02 , -1.183880e+02 , -1.632475e+03 , -1.103422e+03 ,  2.039397e+02 ,]
angleInclination_array = [3.926991e-01 , 3.926991e-01 , 3.926991e-01 , 3.926991e-01 , 3.926991e-01 , 3.926991e-01 , 3.926991e-01 , 3.926991e-01 , 3.926991e-01 ,]
angleAzimuth_array = [1.570796e+00 , 1.570796e+00 , 1.570796e+00 , 1.570796e+00 , 1.570796e+00 , 1.570796e+00 , 1.570796e+00 , 1.570796e+00 , 1.570796e+00 ,]
