% ground truth for sim_inc23_az270_run1.tif
% settings
number_of_spots = 9
pixel_size_nm = 52.000
image_size_nm = 6000.000
image_size_px = 115
wavelength = 500
par.objectiveNA = 2.17
objectiveFocalLength = 770
par.refractiveIndices = [1.310000e+00 , 2.170000e+00 , 2.170000e+00 ,]
par.nDiscretizationBFP = 129
par.backgroundNoise = 0.000
par.nPhotons = 2000
positionX_nm_array = [1.542293e+03 , -1.443228e+03 , -2.060338e+03 , -2.920644e+02 ,  1.040772e+03 ,  1.461593e+03 ,  4.722630e+02 , -2.487074e+02 ,  1.089575e+03 ,]
positionY_nm_array = [3.273371e+02 , -1.473583e+03 ,  1.079555e+03 , -8.880797e+02 , -6.148897e+02 ,  1.829656e+03 ,  3.214620e+02 ,  1.229593e+03 , -1.928040e+03 ,]
angleInclination_array = [3.926991e-01 , 3.926991e-01 , 3.926991e-01 , 3.926991e-01 , 3.926991e-01 , 3.926991e-01 , 3.926991e-01 , 3.926991e-01 , 3.926991e-01 ,]
angleAzimuth_array = [4.712389e+00 , 4.712389e+00 , 4.712389e+00 , 4.712389e+00 , 4.712389e+00 , 4.712389e+00 , 4.712389e+00 , 4.712389e+00 , 4.712389e+00 ,]
