% ground truth for sim_inc45_az90_run1.tif
% settings
number_of_spots = 9
pixel_size_nm = 52.000
image_size_nm = 6000.000
image_size_px = 115
wavelength = 500
par.objectiveNA = 2.17
objectiveFocalLength = 770
par.refractiveIndices = [1.310000e+00 , 2.170000e+00 , 2.170000e+00 ,]
par.nDiscretizationBFP = 129
par.backgroundNoise = 0.000
par.nPhotons = 2000
positionX_nm_array = [5.917993e+02 ,  1.458772e+03 , -8.836108e+02 , -1.436256e+03 , -2.041290e+03 ,  1.752914e+03 , -9.846714e+02 ,  6.433300e+02 , -8.602333e+02 ,]
positionY_nm_array = [-1.045064e+03 ,  1.746872e+03 , -1.805867e+02 ,  7.368097e+02 ,  2.071789e+03 , -3.390856e+01 , -1.659676e+03 ,  5.222704e+02 ,  1.705204e+03 ,]
angleInclination_array = [7.853982e-01 , 7.853982e-01 , 7.853982e-01 , 7.853982e-01 , 7.853982e-01 , 7.853982e-01 , 7.853982e-01 , 7.853982e-01 , 7.853982e-01 ,]
angleAzimuth_array = [1.570796e+00 , 1.570796e+00 , 1.570796e+00 , 1.570796e+00 , 1.570796e+00 , 1.570796e+00 , 1.570796e+00 , 1.570796e+00 , 1.570796e+00 ,]
