% ground truth for sim_inc90_az180_run1.tif
% settings
number_of_spots = 9
pixel_size_nm = 52.000
image_size_nm = 6000.000
image_size_px = 115
wavelength = 500
par.objectiveNA = 2.17
objectiveFocalLength = 770
par.refractiveIndices = [1.310000e+00 , 2.170000e+00 , 2.170000e+00 ,]
par.nDiscretizationBFP = 129
par.backgroundNoise = 0.000
par.nPhotons = 2000
positionX_nm_array = [-1.043578e+03 , -7.544139e+02 ,  1.811721e+03 , -7.851024e+02 ,  7.206731e+02 ,  9.673726e+02 , -2.052605e+03 , -2.098767e+02 ,  2.013394e+03 ,]
positionY_nm_array = [-8.774529e+01 ,  1.946524e+03 ,  1.814091e+03 , -1.785047e+03 ,  9.769726e+02 , -1.906797e+03 , -7.954984e+02 , -7.754522e+02 , -1.621336e+03 ,]
angleInclination_array = [1.570796e+00 , 1.570796e+00 , 1.570796e+00 , 1.570796e+00 , 1.570796e+00 , 1.570796e+00 , 1.570796e+00 , 1.570796e+00 , 1.570796e+00 ,]
angleAzimuth_array = [3.141593e+00 , 3.141593e+00 , 3.141593e+00 , 3.141593e+00 , 3.141593e+00 , 3.141593e+00 , 3.141593e+00 , 3.141593e+00 , 3.141593e+00 ,]
