% ground truth for sim_inc0_az45_run1.tif
% settings
number_of_spots = 9
pixel_size_nm = 52.000
image_size_nm = 6000.000
image_size_px = 115
wavelength = 500
par.objectiveNA = 2.17
objectiveFocalLength = 770
par.refractiveIndices = [1.310000e+00 , 2.170000e+00 , 2.170000e+00 ,]
par.nDiscretizationBFP = 129
par.backgroundNoise = 0.000
par.nPhotons = 2000
positionX_nm_array = [-5.897425e+02 ,  1.270885e+03 , -1.786051e+03 , -1.504854e+03 , -1.860938e+02 ,  1.033396e+01 ,  1.063482e+03 , -1.995530e+03 ,  6.273889e+02 ,]
positionY_nm_array = [1.212374e+03 ,  6.504811e+01 ,  1.229058e+03 , -1.699650e+03 , -4.963187e+02 , -1.845543e+03 , -1.711247e+03 ,  1.399531e+02 ,  1.088735e+03 ,]
angleInclination_array = [0 , 0 , 0 , 0 , 0 , 0 , 0 , 0 , 0 ,]
angleAzimuth_array = [7.853982e-01 , 7.853982e-01 , 7.853982e-01 , 7.853982e-01 , 7.853982e-01 , 7.853982e-01 , 7.853982e-01 , 7.853982e-01 , 7.853982e-01 ,]
