% ground truth for sim_inc90_az45_run1.tif
% settings
number_of_spots = 9
pixel_size_nm = 52.000
image_size_nm = 6000.000
image_size_px = 115
wavelength = 500
par.objectiveNA = 2.17
objectiveFocalLength = 770
par.refractiveIndices = [1.310000e+00 , 2.170000e+00 , 2.170000e+00 ,]
par.nDiscretizationBFP = 129
par.backgroundNoise = 0.000
par.nPhotons = 2000
positionX_nm_array = [1.291524e+03 ,  1.378895e+03 , -9.875048e+02 , -1.475815e+03 , -1.950799e+03 , -1.629824e+02 , -3.624858e+02 ,  7.122350e+02 , -1.462143e+03 ,]
positionY_nm_array = [-9.295837e+01 ,  1.715671e+03 , -1.119250e+03 ,  1.650764e+03 , -6.984544e+02 ,  8.678144e+01 ,  1.690774e+03 , -1.287988e+03 ,  6.320205e+02 ,]
angleInclination_array = [1.570796e+00 , 1.570796e+00 , 1.570796e+00 , 1.570796e+00 , 1.570796e+00 , 1.570796e+00 , 1.570796e+00 , 1.570796e+00 , 1.570796e+00 ,]
angleAzimuth_array = [7.853982e-01 , 7.853982e-01 , 7.853982e-01 , 7.853982e-01 , 7.853982e-01 , 7.853982e-01 , 7.853982e-01 , 7.853982e-01 , 7.853982e-01 ,]
