% ground truth for sim_inc23_az45_run1.tif
% settings
number_of_spots = 9
pixel_size_nm = 52.000
image_size_nm = 6000.000
image_size_px = 115
wavelength = 500
par.objectiveNA = 2.17
objectiveFocalLength = 770
par.refractiveIndices = [1.310000e+00 , 2.170000e+00 , 2.170000e+00 ,]
par.nDiscretizationBFP = 129
par.backgroundNoise = 0.000
par.nPhotons = 2000
positionX_nm_array = [-1.939863e+03 ,  5.908622e+00 ,  1.770257e+03 , -1.901608e+03 ,  6.354143e+02 , -2.829559e+02 , -1.511375e+03 , -7.485569e+02 ,  5.067259e+02 ,]
positionY_nm_array = [-1.604628e+03 , -1.559236e+02 , -1.210840e+03 , -1.361116e+02 ,  1.996254e+03 ,  8.830482e+02 ,  9.708034e+02 , -1.744467e+03 , -2.077990e+03 ,]
angleInclination_array = [3.926991e-01 , 3.926991e-01 , 3.926991e-01 , 3.926991e-01 , 3.926991e-01 , 3.926991e-01 , 3.926991e-01 , 3.926991e-01 , 3.926991e-01 ,]
angleAzimuth_array = [7.853982e-01 , 7.853982e-01 , 7.853982e-01 , 7.853982e-01 , 7.853982e-01 , 7.853982e-01 , 7.853982e-01 , 7.853982e-01 , 7.853982e-01 ,]
