% ground truth for sim_inc0_az0_run1.tif
% settings
number_of_spots = 9
pixel_size_nm = 52.000
image_size_nm = 6000.000
image_size_px = 115
wavelength = 500
par.objectiveNA = 2.17
objectiveFocalLength = 770
par.refractiveIndices = [1.310000e+00 , 2.170000e+00 , 2.170000e+00 ,]
par.nDiscretizationBFP = 129
par.backgroundNoise = 0.000
par.nPhotons = 2000
positionX_nm_array = [2.148356e+02 ,  1.118877e+03 ,  1.933778e+03 , -1.432692e+03 , -4.426725e+02 , -8.475707e+02 , -3.374234e+02 , -1.965119e+03 ,  1.686904e+03 ,]
positionY_nm_array = [-2.627952e+02 , -1.347253e+03 ,  1.734393e+03 , -1.451444e+03 , -1.715112e+03 , -5.499439e+02 ,  1.757856e+03 ,  1.199681e+03 ,  3.411801e+02 ,]
angleInclination_array = [0 , 0 , 0 , 0 , 0 , 0 , 0 , 0 , 0 ,]
angleAzimuth_array = [0 , 0 , 0 , 0 , 0 , 0 , 0 , 0 , 0 ,]
