% ground truth for sim_inc90_az135_run1.tif
% settings
number_of_spots = 9
pixel_size_nm = 52.000
image_size_nm = 6000.000
image_size_px = 115
wavelength = 500
par.objectiveNA = 2.17
objectiveFocalLength = 770
par.refractiveIndices = [1.310000e+00 , 2.170000e+00 , 2.170000e+00 ,]
par.nDiscretizationBFP = 129
par.backgroundNoise = 0.000
par.nPhotons = 2000
positionX_nm_array = [-2.085536e+03 , -1.200293e+03 , -9.466213e+01 ,  1.551842e+02 ,  4.910987e+02 ,  2.078814e+03 , -1.166545e+03 ,  1.926350e+03 , -1.011496e+03 ,]
positionY_nm_array = [-1.088931e+03 , -1.816648e+03 ,  1.358084e+03 , -1.681840e+03 ,  2.295560e+02 ,  1.751781e+03 ,  2.070588e+02 , -2.089317e+03 ,  1.849943e+03 ,]
angleInclination_array = [1.570796e+00 , 1.570796e+00 , 1.570796e+00 , 1.570796e+00 , 1.570796e+00 , 1.570796e+00 , 1.570796e+00 , 1.570796e+00 , 1.570796e+00 ,]
angleAzimuth_array = [2.356194e+00 , 2.356194e+00 , 2.356194e+00 , 2.356194e+00 , 2.356194e+00 , 2.356194e+00 , 2.356194e+00 , 2.356194e+00 , 2.356194e+00 ,]
