% ground truth for sim_inc68_az270_run1.tif
% settings
number_of_spots = 9
pixel_size_nm = 52.000
image_size_nm = 6000.000
image_size_px = 115
wavelength = 500
par.objectiveNA = 2.17
objectiveFocalLength = 770
par.refractiveIndices = [1.310000e+00 , 2.170000e+00 , 2.170000e+00 ,]
par.nDiscretizationBFP = 129
par.backgroundNoise = 0.000
par.nPhotons = 2000
positionX_nm_array = [-1.071661e+03 ,  1.757026e+03 , -1.117233e+03 ,  5.516688e+02 , -1.830180e+03 ,  2.072994e+03 ,  1.216606e+03 ,  8.289971e+02 ,  3.104122e+02 ,]
positionY_nm_array = [9.213105e+01 ,  7.628448e+02 , -9.999802e+02 ,  4.760223e+02 , -2.009174e+03 , -1.586169e+03 , -7.941800e+02 ,  1.838317e+03 , -1.866558e+03 ,]
angleInclination_array = [1.178097e+00 , 1.178097e+00 , 1.178097e+00 , 1.178097e+00 , 1.178097e+00 , 1.178097e+00 , 1.178097e+00 , 1.178097e+00 , 1.178097e+00 ,]
angleAzimuth_array = [4.712389e+00 , 4.712389e+00 , 4.712389e+00 , 4.712389e+00 , 4.712389e+00 , 4.712389e+00 , 4.712389e+00 , 4.712389e+00 , 4.712389e+00 ,]
