% ground truth for sim_inc45_az45_run1.tif
% settings
number_of_spots = 9
pixel_size_nm = 52.000
image_size_nm = 6000.000
image_size_px = 115
wavelength = 500
par.objectiveNA = 2.17
objectiveFocalLength = 770
par.refractiveIndices = [1.310000e+00 , 2.170000e+00 , 2.170000e+00 ,]
par.nDiscretizationBFP = 129
par.backgroundNoise = 0.000
par.nPhotons = 2000
positionX_nm_array = [1.316143e+03 ,  1.014756e+02 ,  2.051118e+02 , -1.869734e+03 ,  1.591256e+03 , -1.463111e+03 , -1.127485e+03 ,  1.391096e+03 ,  1.746286e+03 ,]
positionY_nm_array = [5.055749e+00 , -1.227104e+03 ,  5.234145e+02 ,  4.137475e+02 ,  1.085891e+03 ,  1.554880e+03 , -1.420413e+03 , -2.094941e+03 , -1.043262e+03 ,]
angleInclination_array = [7.853982e-01 , 7.853982e-01 , 7.853982e-01 , 7.853982e-01 , 7.853982e-01 , 7.853982e-01 , 7.853982e-01 , 7.853982e-01 , 7.853982e-01 ,]
angleAzimuth_array = [7.853982e-01 , 7.853982e-01 , 7.853982e-01 , 7.853982e-01 , 7.853982e-01 , 7.853982e-01 , 7.853982e-01 , 7.853982e-01 , 7.853982e-01 ,]
