% ground truth for sim_inc23_az315_run1.tif
% settings
number_of_spots = 9
pixel_size_nm = 52.000
image_size_nm = 6000.000
image_size_px = 115
wavelength = 500
par.objectiveNA = 2.17
objectiveFocalLength = 770
par.refractiveIndices = [1.310000e+00 , 2.170000e+00 , 2.170000e+00 ,]
par.nDiscretizationBFP = 129
par.backgroundNoise = 0.000
par.nPhotons = 2000
positionX_nm_array = [4.504055e+02 ,  9.230804e+02 ,  1.976586e+02 , -6.464373e+02 ,  1.966484e+03 ,  1.598140e+03 , -7.483992e+02 , -2.075526e+03 , -1.498457e+03 ,]
positionY_nm_array = [-5.599100e+02 , -1.901330e+03 ,  1.202846e+03 ,  1.852605e+02 , -1.516358e+03 ,  1.066303e+03 ,  2.067323e+03 ,  1.714413e+03 , -1.963859e+03 ,]
angleInclination_array = [3.926991e-01 , 3.926991e-01 , 3.926991e-01 , 3.926991e-01 , 3.926991e-01 , 3.926991e-01 , 3.926991e-01 , 3.926991e-01 , 3.926991e-01 ,]
angleAzimuth_array = [5.497787e+00 , 5.497787e+00 , 5.497787e+00 , 5.497787e+00 , 5.497787e+00 , 5.497787e+00 , 5.497787e+00 , 5.497787e+00 , 5.497787e+00 ,]
