% ground truth for sim_inc0_az225_run1.tif
% settings
number_of_spots = 9
pixel_size_nm = 52.000
image_size_nm = 6000.000
image_size_px = 115
wavelength = 500
par.objectiveNA = 2.17
objectiveFocalLength = 770
par.refractiveIndices = [1.310000e+00 , 2.170000e+00 , 2.170000e+00 ,]
par.nDiscretizationBFP = 129
par.backgroundNoise = 0.000
par.nPhotons = 2000
positionX_nm_array = [2.079555e+03 ,  1.057679e+03 ,  1.068050e+03 ,  2.412500e+02 ,  1.919826e+03 , -1.064721e+03 , -1.306699e+03 , -7.374535e+01 ,  2.090851e+03 ,]
positionY_nm_array = [-1.882660e+03 , -1.137937e+03 ,  2.779090e+01 , -1.756698e+03 ,  1.483469e+03 ,  1.463347e+02 ,  1.381466e+03 ,  1.709686e+03 , -8.654835e+02 ,]
angleInclination_array = [0 , 0 , 0 , 0 , 0 , 0 , 0 , 0 , 0 ,]
angleAzimuth_array = [3.926991e+00 , 3.926991e+00 , 3.926991e+00 , 3.926991e+00 , 3.926991e+00 , 3.926991e+00 , 3.926991e+00 , 3.926991e+00 , 3.926991e+00 ,]
