% ground truth for sim_inc23_az0_run1.tif
% settings
number_of_spots = 9
pixel_size_nm = 52.000
image_size_nm = 6000.000
image_size_px = 115
wavelength = 500
par.objectiveNA = 2.17
objectiveFocalLength = 770
par.refractiveIndices = [1.310000e+00 , 2.170000e+00 , 2.170000e+00 ,]
par.nDiscretizationBFP = 129
par.backgroundNoise = 0.000
par.nPhotons = 2000
positionX_nm_array = [1.111182e+03 ,  4.051773e+02 ,  7.121561e+02 , -1.745948e+03 , -1.611183e+03 , -4.801777e+02 , -1.002057e+03 , -2.030402e+03 ,  2.061880e+03 ,]
positionY_nm_array = [-1.577000e+03 , -4.873795e+02 ,  8.395844e+02 ,  1.145707e+03 , -1.726107e+03 , -1.750404e+03 ,  1.359617e+02 ,  1.008993e+02 ,  4.668542e+02 ,]
angleInclination_array = [3.926991e-01 , 3.926991e-01 , 3.926991e-01 , 3.926991e-01 , 3.926991e-01 , 3.926991e-01 , 3.926991e-01 , 3.926991e-01 , 3.926991e-01 ,]
angleAzimuth_array = [0 , 0 , 0 , 0 , 0 , 0 , 0 , 0 , 0 ,]
