% ground truth for sim_inc90_az270_run1.tif
% settings
number_of_spots = 9
pixel_size_nm = 52.000
image_size_nm = 6000.000
image_size_px = 115
wavelength = 500
par.objectiveNA = 2.17
objectiveFocalLength = 770
par.refractiveIndices = [1.310000e+00 , 2.170000e+00 , 2.170000e+00 ,]
par.nDiscretizationBFP = 129
par.backgroundNoise = 0.000
par.nPhotons = 2000
positionX_nm_array = [1.548218e+03 , -1.547601e+03 , -3.808520e+02 ,  8.123036e+02 , -5.514031e+02 , -1.567089e+03 ,  1.972399e+03 , -1.064965e+03 , -1.821270e+03 ,]
positionY_nm_array = [1.785757e+03 ,  2.900309e+02 , -4.217766e+02 , -1.638905e+03 ,  1.050087e+03 ,  2.081977e+03 ,  5.832371e+02 , -1.846028e+03 , -7.929294e+02 ,]
angleInclination_array = [1.570796e+00 , 1.570796e+00 , 1.570796e+00 , 1.570796e+00 , 1.570796e+00 , 1.570796e+00 , 1.570796e+00 , 1.570796e+00 , 1.570796e+00 ,]
angleAzimuth_array = [4.712389e+00 , 4.712389e+00 , 4.712389e+00 , 4.712389e+00 , 4.712389e+00 , 4.712389e+00 , 4.712389e+00 , 4.712389e+00 , 4.712389e+00 ,]
