% ground truth for sim_inc0_az90_run1.tif
% settings
number_of_spots = 9
pixel_size_nm = 52.000
image_size_nm = 6000.000
image_size_px = 115
wavelength = 500
par.objectiveNA = 2.17
objectiveFocalLength = 770
par.refractiveIndices = [1.310000e+00 , 2.170000e+00 , 2.170000e+00 ,]
par.nDiscretizationBFP = 129
par.backgroundNoise = 0.000
par.nPhotons = 2000
positionX_nm_array = [-2.437439e+02 ,  9.957896e+02 ,  2.832435e+02 , -9.255435e+02 ,  1.774717e+03 ,  7.176117e+02 , -1.925793e+03 , -1.698112e+03 , -2.034865e+03 ,]
positionY_nm_array = [5.713474e+02 , -3.074124e+02 , -1.883943e+03 , -7.233074e+02 ,  1.834663e+03 ,  2.079143e+03 ,  8.210384e+02 , -1.841048e+03 , -5.121820e+02 ,]
angleInclination_array = [0 , 0 , 0 , 0 , 0 , 0 , 0 , 0 , 0 ,]
angleAzimuth_array = [1.570796e+00 , 1.570796e+00 , 1.570796e+00 , 1.570796e+00 , 1.570796e+00 , 1.570796e+00 , 1.570796e+00 , 1.570796e+00 , 1.570796e+00 ,]
