% ground truth for sim_inc45_az135_run1.tif
% settings
number_of_spots = 9
pixel_size_nm = 52.000
image_size_nm = 6000.000
image_size_px = 115
wavelength = 500
par.objectiveNA = 2.17
objectiveFocalLength = 770
par.refractiveIndices = [1.310000e+00 , 2.170000e+00 , 2.170000e+00 ,]
par.nDiscretizationBFP = 129
par.backgroundNoise = 0.000
par.nPhotons = 2000
positionX_nm_array = [2.663616e+02 , -1.279081e+03 ,  1.901839e+03 ,  1.816072e+03 ,  1.093202e+03 , -1.861703e+03 ,  8.080017e+02 , -1.295344e+03 , -1.981459e+03 ,]
positionY_nm_array = [1.740307e+03 ,  2.009303e+03 , -1.596550e+03 ,  1.458329e+03 , -1.995316e+02 , -1.645447e+03 , -1.549837e+03 , -6.139714e+02 ,  6.259236e+02 ,]
angleInclination_array = [7.853982e-01 , 7.853982e-01 , 7.853982e-01 , 7.853982e-01 , 7.853982e-01 , 7.853982e-01 , 7.853982e-01 , 7.853982e-01 , 7.853982e-01 ,]
angleAzimuth_array = [2.356194e+00 , 2.356194e+00 , 2.356194e+00 , 2.356194e+00 , 2.356194e+00 , 2.356194e+00 , 2.356194e+00 , 2.356194e+00 , 2.356194e+00 ,]
