% ground truth for sim_inc90_az315_run1.tif
% settings
number_of_spots = 9
pixel_size_nm = 52.000
image_size_nm = 6000.000
image_size_px = 115
wavelength = 500
par.objectiveNA = 2.17
objectiveFocalLength = 770
par.refractiveIndices = [1.310000e+00 , 2.170000e+00 , 2.170000e+00 ,]
par.nDiscretizationBFP = 129
par.backgroundNoise = 0.000
par.nPhotons = 2000
positionX_nm_array = [-1.392813e+03 ,  3.282978e+00 , -1.564468e+03 , -6.783218e+02 ,  4.348781e+02 , -1.804215e+03 ,  1.573354e+03 ,  1.996161e+03 ,  1.593493e+03 ,]
positionY_nm_array = [-1.894732e+03 ,  1.523307e+03 ,  1.308657e+03 , -3.520043e+02 , -9.172875e+02 , -2.822325e+02 , -1.764954e+03 ,  1.522379e+03 , -1.709261e+02 ,]
angleInclination_array = [1.570796e+00 , 1.570796e+00 , 1.570796e+00 , 1.570796e+00 , 1.570796e+00 , 1.570796e+00 , 1.570796e+00 , 1.570796e+00 , 1.570796e+00 ,]
angleAzimuth_array = [5.497787e+00 , 5.497787e+00 , 5.497787e+00 , 5.497787e+00 , 5.497787e+00 , 5.497787e+00 , 5.497787e+00 , 5.497787e+00 , 5.497787e+00 ,]
