% ground truth for sim_inc68_az315_run1.tif
% settings
number_of_spots = 9
pixel_size_nm = 52.000
image_size_nm = 6000.000
image_size_px = 115
wavelength = 500
par.objectiveNA = 2.17
objectiveFocalLength = 770
par.refractiveIndices = [1.310000e+00 , 2.170000e+00 , 2.170000e+00 ,]
par.nDiscretizationBFP = 129
par.backgroundNoise = 0.000
par.nPhotons = 2000
positionX_nm_array = [2.048509e+03 ,  3.685368e+02 ,  6.588167e+02 , -2.059627e+03 , -1.775835e+03 ,  1.877772e+03 , -8.320780e+02 , -7.926438e+02 ,  1.784225e+03 ,]
positionY_nm_array = [-1.487885e+03 ,  3.550128e+02 , -8.662458e+02 , -1.116311e+03 ,  3.624342e+02 ,  1.588921e+03 , -4.793326e+02 ,  1.954140e+03 , -4.123502e+02 ,]
angleInclination_array = [1.178097e+00 , 1.178097e+00 , 1.178097e+00 , 1.178097e+00 , 1.178097e+00 , 1.178097e+00 , 1.178097e+00 , 1.178097e+00 , 1.178097e+00 ,]
angleAzimuth_array = [5.497787e+00 , 5.497787e+00 , 5.497787e+00 , 5.497787e+00 , 5.497787e+00 , 5.497787e+00 , 5.497787e+00 , 5.497787e+00 , 5.497787e+00 ,]
