% ground truth for sim_inc23_az135_run1.tif
% settings
number_of_spots = 9
pixel_size_nm = 52.000
image_size_nm = 6000.000
image_size_px = 115
wavelength = 500
par.objectiveNA = 2.17
objectiveFocalLength = 770
par.refractiveIndices = [1.310000e+00 , 2.170000e+00 , 2.170000e+00 ,]
par.nDiscretizationBFP = 129
par.backgroundNoise = 0.000
par.nPhotons = 2000
positionX_nm_array = [1.507624e+03 , -6.890790e+02 , -1.395594e+03 , -8.061799e+02 ,  1.727309e+03 ,  6.182931e+02 ,  6.284057e+02 ,  1.558177e+03 , -1.897052e+02 ,]
positionY_nm_array = [1.426697e+03 ,  1.577876e+03 , -8.020702e+02 , -1.805506e+03 , -1.709397e+02 , -3.440469e+02 , -1.599250e+03 , -1.165941e+03 ,  4.505296e+02 ,]
angleInclination_array = [3.926991e-01 , 3.926991e-01 , 3.926991e-01 , 3.926991e-01 , 3.926991e-01 , 3.926991e-01 , 3.926991e-01 , 3.926991e-01 , 3.926991e-01 ,]
angleAzimuth_array = [2.356194e+00 , 2.356194e+00 , 2.356194e+00 , 2.356194e+00 , 2.356194e+00 , 2.356194e+00 , 2.356194e+00 , 2.356194e+00 , 2.356194e+00 ,]
