% ground truth for sim_inc0_az315_run1.tif
% settings
number_of_spots = 9
pixel_size_nm = 52.000
image_size_nm = 6000.000
image_size_px = 115
wavelength = 500
par.objectiveNA = 2.17
objectiveFocalLength = 770
par.refractiveIndices = [1.310000e+00 , 2.170000e+00 , 2.170000e+00 ,]
par.nDiscretizationBFP = 129
par.backgroundNoise = 0.000
par.nPhotons = 2000
positionX_nm_array = [1.531795e+03 , -4.686710e+02 ,  9.152397e+02 ,  7.325492e+01 , -1.202986e+03 , -1.806616e+03 ,  3.778184e+02 ,  1.599263e+03 , -6.951380e+02 ,]
positionY_nm_array = [-7.955606e+02 ,  1.409539e+03 , -1.593498e+03 , -4.428745e+02 , -7.167820e+02 ,  8.136335e+02 ,  8.205789e+02 ,  1.283585e+03 , -1.888129e+03 ,]
angleInclination_array = [0 , 0 , 0 , 0 , 0 , 0 , 0 , 0 , 0 ,]
angleAzimuth_array = [5.497787e+00 , 5.497787e+00 , 5.497787e+00 , 5.497787e+00 , 5.497787e+00 , 5.497787e+00 , 5.497787e+00 , 5.497787e+00 , 5.497787e+00 ,]
