% ground truth for sim_inc68_az180_run1.tif
% settings
number_of_spots = 9
pixel_size_nm = 52.000
image_size_nm = 6000.000
image_size_px = 115
wavelength = 500
par.objectiveNA = 2.17
objectiveFocalLength = 770
par.refractiveIndices = [1.310000e+00 , 2.170000e+00 , 2.170000e+00 ,]
par.nDiscretizationBFP = 129
par.backgroundNoise = 0.000
par.nPhotons = 2000
positionX_nm_array = [1.889151e+03 , -1.997711e+03 , -3.459082e+02 , -1.182837e+03 , -1.797362e+02 ,  2.033202e+03 , -1.073210e+03 ,  1.222735e+03 , -1.489952e+03 ,]
positionY_nm_array = [-1.149699e+03 ,  8.892951e+02 , -1.138481e+02 , -1.925680e+03 , -1.804714e+03 ,  1.929447e+03 ,  1.326408e+03 ,  4.158915e+02 , -7.526970e+02 ,]
angleInclination_array = [1.178097e+00 , 1.178097e+00 , 1.178097e+00 , 1.178097e+00 , 1.178097e+00 , 1.178097e+00 , 1.178097e+00 , 1.178097e+00 , 1.178097e+00 ,]
angleAzimuth_array = [3.141593e+00 , 3.141593e+00 , 3.141593e+00 , 3.141593e+00 , 3.141593e+00 , 3.141593e+00 , 3.141593e+00 , 3.141593e+00 , 3.141593e+00 ,]
