% ground truth for sim_inc45_az225_run1.tif
% settings
number_of_spots = 9
pixel_size_nm = 52.000
image_size_nm = 6000.000
image_size_px = 115
wavelength = 500
par.objectiveNA = 2.17
objectiveFocalLength = 770
par.refractiveIndices = [1.310000e+00 , 2.170000e+00 , 2.170000e+00 ,]
par.nDiscretizationBFP = 129
par.backgroundNoise = 0.000
par.nPhotons = 2000
positionX_nm_array = [-8.281645e+02 ,  1.185109e+02 ,  1.315235e+03 ,  1.399040e+03 ,  9.771802e+02 , -1.808661e+03 ,  9.608236e+01 ,  9.910418e+02 , -1.433084e+03 ,]
positionY_nm_array = [1.378195e+03 , -1.366704e+03 ,  5.358996e+02 , -1.572001e+03 , -4.530693e+02 ,  1.131395e+03 ,  4.039486e+02 ,  1.943356e+03 , -3.332981e+02 ,]
angleInclination_array = [7.853982e-01 , 7.853982e-01 , 7.853982e-01 , 7.853982e-01 , 7.853982e-01 , 7.853982e-01 , 7.853982e-01 , 7.853982e-01 , 7.853982e-01 ,]
angleAzimuth_array = [3.926991e+00 , 3.926991e+00 , 3.926991e+00 , 3.926991e+00 , 3.926991e+00 , 3.926991e+00 , 3.926991e+00 , 3.926991e+00 , 3.926991e+00 ,]
