% ground truth for sim_inc23_az180_run1.tif
% settings
number_of_spots = 9
pixel_size_nm = 52.000
image_size_nm = 6000.000
image_size_px = 115
wavelength = 500
par.objectiveNA = 2.17
objectiveFocalLength = 770
par.refractiveIndices = [1.310000e+00 , 2.170000e+00 , 2.170000e+00 ,]
par.nDiscretizationBFP = 129
par.backgroundNoise = 0.000
par.nPhotons = 2000
positionX_nm_array = [-1.128221e+03 , -1.079473e+01 ,  1.338149e+03 , -1.002082e+03 ,  1.011495e+03 , -1.971822e+03 , -7.674798e+01 ,  1.226130e+03 , -5.085224e+02 ,]
positionY_nm_array = [-1.168387e+02 , -1.636868e+03 ,  7.789506e+02 ,  1.864332e+03 ,  2.067968e+03 ,  1.029267e+03 , -4.711103e+02 , -4.873466e+02 ,  7.201024e+02 ,]
angleInclination_array = [3.926991e-01 , 3.926991e-01 , 3.926991e-01 , 3.926991e-01 , 3.926991e-01 , 3.926991e-01 , 3.926991e-01 , 3.926991e-01 , 3.926991e-01 ,]
angleAzimuth_array = [3.141593e+00 , 3.141593e+00 , 3.141593e+00 , 3.141593e+00 , 3.141593e+00 , 3.141593e+00 , 3.141593e+00 , 3.141593e+00 , 3.141593e+00 ,]
