% ground truth for sim_inc90_az0_run1.tif
% settings
number_of_spots = 9
pixel_size_nm = 52.000
image_size_nm = 6000.000
image_size_px = 115
wavelength = 500
par.objectiveNA = 2.17
objectiveFocalLength = 770
par.refractiveIndices = [1.310000e+00 , 2.170000e+00 , 2.170000e+00 ,]
par.nDiscretizationBFP = 129
par.backgroundNoise = 0.000
par.nPhotons = 2000
positionX_nm_array = [-1.524967e+03 ,  7.423172e+02 ,  1.721334e+03 ,  2.642714e+02 , -2.084988e+03 , -1.911302e+03 , -4.947314e+02 ,  1.299622e+03 ,  1.363225e+02 ,]
positionY_nm_array = [-7.696367e+02 ,  1.572196e+03 , -5.190666e+02 , -6.815132e+01 ,  1.371527e+02 ,  1.702340e+03 , -8.690766e+02 , -1.769354e+03 , -1.726118e+03 ,]
angleInclination_array = [1.570796e+00 , 1.570796e+00 , 1.570796e+00 , 1.570796e+00 , 1.570796e+00 , 1.570796e+00 , 1.570796e+00 , 1.570796e+00 , 1.570796e+00 ,]
angleAzimuth_array = [0 , 0 , 0 , 0 , 0 , 0 , 0 , 0 , 0 ,]
