% ground truth for sim_inc68_az0_run1.tif
% settings
number_of_spots = 9
pixel_size_nm = 52.000
image_size_nm = 6000.000
image_size_px = 115
wavelength = 500
par.objectiveNA = 2.17
objectiveFocalLength = 770
par.refractiveIndices = [1.310000e+00 , 2.170000e+00 , 2.170000e+00 ,]
par.nDiscretizationBFP = 129
par.backgroundNoise = 0.000
par.nPhotons = 2000
positionX_nm_array = [8.521306e+02 ,  4.107835e+01 , -1.684558e+03 , -1.454492e+03 ,  1.491623e+03 , -8.864583e+02 , -1.816985e+02 ,  1.663800e+03 ,  1.794749e+03 ,]
positionY_nm_array = [-1.836043e+03 ,  5.262925e+01 , -2.032763e+03 , -1.058532e+03 ,  9.599227e+02 ,  1.153735e+03 , -1.196221e+03 , -9.480068e+02 ,  2.025703e+03 ,]
angleInclination_array = [1.178097e+00 , 1.178097e+00 , 1.178097e+00 , 1.178097e+00 , 1.178097e+00 , 1.178097e+00 , 1.178097e+00 , 1.178097e+00 , 1.178097e+00 ,]
angleAzimuth_array = [0 , 0 , 0 , 0 , 0 , 0 , 0 , 0 , 0 ,]
