% ground truth for sim_inc0_az180_run1.tif
% settings
number_of_spots = 9
pixel_size_nm = 52.000
image_size_nm = 6000.000
image_size_px = 115
wavelength = 500
par.objectiveNA = 2.17
objectiveFocalLength = 770
par.refractiveIndices = [1.310000e+00 , 2.170000e+00 , 2.170000e+00 ,]
par.nDiscretizationBFP = 129
par.backgroundNoise = 0.000
par.nPhotons = 2000
positionX_nm_array = [-9.422752e+02 , -1.405758e+03 , -1.940541e+03 , -1.636592e+03 , -3.050727e+02 ,  1.542082e+03 ,  2.008742e+01 ,  1.538212e+03 ,  1.722741e+03 ,]
positionY_nm_array = [6.140797e+02 , -1.465972e+03 ,  1.738511e+03 , -1.870534e+02 ,  1.471655e+03 , -1.547369e+03 , -1.050586e+03 ,  1.533145e+03 ,  5.479162e+02 ,]
angleInclination_array = [0 , 0 , 0 , 0 , 0 , 0 , 0 , 0 , 0 ,]
angleAzimuth_array = [3.141593e+00 , 3.141593e+00 , 3.141593e+00 , 3.141593e+00 , 3.141593e+00 , 3.141593e+00 , 3.141593e+00 , 3.141593e+00 , 3.141593e+00 ,]
