% ground truth for sim_inc45_az315_run1.tif
% settings
number_of_spots = 9
pixel_size_nm = 52.000
image_size_nm = 6000.000
image_size_px = 115
wavelength = 500
par.objectiveNA = 2.17
objectiveFocalLength = 770
par.refractiveIndices = [1.310000e+00 , 2.170000e+00 , 2.170000e+00 ,]
par.nDiscretizationBFP = 129
par.backgroundNoise = 0.000
par.nPhotons = 2000
positionX_nm_array = [-6.334461e+02 ,  8.262242e+02 ,  5.042999e+02 , -1.006778e+03 ,  1.111882e+03 , -1.728314e+03 ,  1.822002e+03 ,  1.979070e+03 , -5.373683e+02 ,]
positionY_nm_array = [-2.051025e+02 ,  1.241012e+03 , -1.998042e+03 ,  1.552056e+03 ,  2.968306e+01 , -1.531840e+03 , -1.981854e+03 ,  1.385590e+03 , -2.027826e+03 ,]
angleInclination_array = [7.853982e-01 , 7.853982e-01 , 7.853982e-01 , 7.853982e-01 , 7.853982e-01 , 7.853982e-01 , 7.853982e-01 , 7.853982e-01 , 7.853982e-01 ,]
angleAzimuth_array = [5.497787e+00 , 5.497787e+00 , 5.497787e+00 , 5.497787e+00 , 5.497787e+00 , 5.497787e+00 , 5.497787e+00 , 5.497787e+00 , 5.497787e+00 ,]
