% ground truth for sim_inc68_az90_run1.tif
% settings
number_of_spots = 9
pixel_size_nm = 52.000
image_size_nm = 6000.000
image_size_px = 115
wavelength = 500
par.objectiveNA = 2.17
objectiveFocalLength = 770
par.refractiveIndices = [1.310000e+00 , 2.170000e+00 , 2.170000e+00 ,]
par.nDiscretizationBFP = 129
par.backgroundNoise = 0.000
par.nPhotons = 2000
positionX_nm_array = [-1.069098e+03 , -7.207909e+01 ,  1.721590e+03 , -1.200871e+03 , -1.852827e+03 ,  1.787697e+02 ,  9.534765e+02 ,  1.830083e+03 , -1.973029e+03 ,]
positionY_nm_array = [-8.242592e+02 , -6.317165e+01 , -1.405846e+03 ,  2.045034e+03 ,  5.436421e+02 ,  1.145171e+03 , -4.785546e+02 ,  1.103162e+03 , -1.973030e+03 ,]
angleInclination_array = [1.178097e+00 , 1.178097e+00 , 1.178097e+00 , 1.178097e+00 , 1.178097e+00 , 1.178097e+00 , 1.178097e+00 , 1.178097e+00 , 1.178097e+00 ,]
angleAzimuth_array = [1.570796e+00 , 1.570796e+00 , 1.570796e+00 , 1.570796e+00 , 1.570796e+00 , 1.570796e+00 , 1.570796e+00 , 1.570796e+00 , 1.570796e+00 ,]
