% ground truth for sim_inc90_az225_run1.tif
% settings
number_of_spots = 9
pixel_size_nm = 52.000
image_size_nm = 6000.000
image_size_px = 115
wavelength = 500
par.objectiveNA = 2.17
objectiveFocalLength = 770
par.refractiveIndices = [1.310000e+00 , 2.170000e+00 , 2.170000e+00 ,]
par.nDiscretizationBFP = 129
par.backgroundNoise = 0.000
par.nPhotons = 2000
positionX_nm_array = [4.029885e+02 ,  1.320664e+03 , -5.552019e+02 , -1.708425e+03 , -1.529179e+03 ,  1.085017e+03 ,  3.127567e+02 ,  1.538098e+03 , -1.608951e+03 ,]
positionY_nm_array = [9.932781e+01 ,  1.652241e+03 , -1.246832e+03 , -1.851258e+03 ,  3.560318e+02 , -1.837345e+03 ,  1.481442e+03 ,  5.125337e+02 ,  1.978694e+03 ,]
angleInclination_array = [1.570796e+00 , 1.570796e+00 , 1.570796e+00 , 1.570796e+00 , 1.570796e+00 , 1.570796e+00 , 1.570796e+00 , 1.570796e+00 , 1.570796e+00 ,]
angleAzimuth_array = [3.926991e+00 , 3.926991e+00 , 3.926991e+00 , 3.926991e+00 , 3.926991e+00 , 3.926991e+00 , 3.926991e+00 , 3.926991e+00 , 3.926991e+00 ,]
