% ground truth for sim_inc0_az135_run1.tif
% settings
number_of_spots = 9
pixel_size_nm = 52.000
image_size_nm = 6000.000
image_size_px = 115
wavelength = 500
par.objectiveNA = 2.17
objectiveFocalLength = 770
par.refractiveIndices = [1.310000e+00 , 2.170000e+00 , 2.170000e+00 ,]
par.nDiscretizationBFP = 129
par.backgroundNoise = 0.000
par.nPhotons = 2000
positionX_nm_array = [1.526186e+03 ,  8.547398e+02 ,  9.344677e+02 , -2.026474e+03 , -7.454353e+01 , -2.099393e+03 , -7.786736e+02 , -1.789819e+03 ,  4.220607e+02 ,]
positionY_nm_array = [-8.485312e+02 , -1.620670e+03 ,  1.131020e+03 , -1.651678e+03 ,  6.413663e+02 ,  1.155443e+03 ,  1.474959e+03 , -4.938444e+01 , -2.459703e+02 ,]
angleInclination_array = [0 , 0 , 0 , 0 , 0 , 0 , 0 , 0 , 0 ,]
angleAzimuth_array = [2.356194e+00 , 2.356194e+00 , 2.356194e+00 , 2.356194e+00 , 2.356194e+00 , 2.356194e+00 , 2.356194e+00 , 2.356194e+00 , 2.356194e+00 ,]
