% ground truth for sim_inc0_az270_run1.tif
% settings
number_of_spots = 9
pixel_size_nm = 52.000
image_size_nm = 6000.000
image_size_px = 115
wavelength = 500
par.objectiveNA = 2.17
objectiveFocalLength = 770
par.refractiveIndices = [1.310000e+00 , 2.170000e+00 , 2.170000e+00 ,]
par.nDiscretizationBFP = 129
par.backgroundNoise = 0.000
par.nPhotons = 2000
positionX_nm_array = [-2.089192e+03 ,  1.167381e+03 ,  1.750695e+03 , -8.488813e+02 , -8.356966e+01 , -7.519656e+02 ,  1.784788e+03 , -1.633845e+02 , -1.404250e+03 ,]
positionY_nm_array = [1.365972e+03 ,  1.129600e+03 , -1.784998e+03 ,  1.979769e+03 ,  1.093654e+03 , -2.076820e+03 , -2.092810e+01 , -1.017598e+03 , -6.479198e+01 ,]
angleInclination_array = [0 , 0 , 0 , 0 , 0 , 0 , 0 , 0 , 0 ,]
angleAzimuth_array = [4.712389e+00 , 4.712389e+00 , 4.712389e+00 , 4.712389e+00 , 4.712389e+00 , 4.712389e+00 , 4.712389e+00 , 4.712389e+00 , 4.712389e+00 ,]
