% ground truth for sim_inc68_az135_run1.tif
% settings
number_of_spots = 9
pixel_size_nm = 52.000
image_size_nm = 6000.000
image_size_px = 115
wavelength = 500
par.objectiveNA = 2.17
objectiveFocalLength = 770
par.refractiveIndices = [1.310000e+00 , 2.170000e+00 , 2.170000e+00 ,]
par.nDiscretizationBFP = 129
par.backgroundNoise = 0.000
par.nPhotons = 2000
positionX_nm_array = [1.521391e+03 ,  1.565110e+03 , -6.636656e+02 ,  5.083998e+01 ,  3.822297e+02 , -1.819512e+03 , -1.687178e+03 , -6.063452e+02 ,  1.933948e+03 ,]
positionY_nm_array = [-6.124270e+02 ,  1.086066e+03 ,  1.120167e+03 , -4.344587e+02 ,  1.548163e+03 , -1.146245e+03 ,  8.241084e+02 , -1.698390e+03 , -1.651654e+03 ,]
angleInclination_array = [1.178097e+00 , 1.178097e+00 , 1.178097e+00 , 1.178097e+00 , 1.178097e+00 , 1.178097e+00 , 1.178097e+00 , 1.178097e+00 , 1.178097e+00 ,]
angleAzimuth_array = [2.356194e+00 , 2.356194e+00 , 2.356194e+00 , 2.356194e+00 , 2.356194e+00 , 2.356194e+00 , 2.356194e+00 , 2.356194e+00 , 2.356194e+00 ,]
