% ground truth for sim_inc90_az90_run1.tif
% settings
number_of_spots = 9
pixel_size_nm = 52.000
image_size_nm = 6000.000
image_size_px = 115
wavelength = 500
par.objectiveNA = 2.17
objectiveFocalLength = 770
par.refractiveIndices = [1.310000e+00 , 2.170000e+00 , 2.170000e+00 ,]
par.nDiscretizationBFP = 129
par.backgroundNoise = 0.000
par.nPhotons = 2000
positionX_nm_array = [1.699873e+03 , -1.417770e+03 ,  8.936621e+02 , -9.527813e+02 ,  5.279166e+02 , -1.336062e+03 ,  1.567381e+03 ,  5.314654e+02 , -9.452173e+02 ,]
positionY_nm_array = [-7.821845e+02 , -8.758541e+02 ,  1.803115e+03 ,  1.580107e+03 ,  2.237912e+02 ,  1.296130e+02 ,  6.795573e+02 , -1.811128e+03 , -2.039700e+03 ,]
angleInclination_array = [1.570796e+00 , 1.570796e+00 , 1.570796e+00 , 1.570796e+00 , 1.570796e+00 , 1.570796e+00 , 1.570796e+00 , 1.570796e+00 , 1.570796e+00 ,]
angleAzimuth_array = [1.570796e+00 , 1.570796e+00 , 1.570796e+00 , 1.570796e+00 , 1.570796e+00 , 1.570796e+00 , 1.570796e+00 , 1.570796e+00 , 1.570796e+00 ,]
