% ground truth for sim_inc68_az45_run1.tif
% settings
number_of_spots = 9
pixel_size_nm = 52.000
image_size_nm = 6000.000
image_size_px = 115
wavelength = 500
par.objectiveNA = 2.17
objectiveFocalLength = 770
par.refractiveIndices = [1.310000e+00 , 2.170000e+00 , 2.170000e+00 ,]
par.nDiscretizationBFP = 129
par.backgroundNoise = 0.000
par.nPhotons = 2000
positionX_nm_array = [8.809703e+02 , -1.748234e+03 , -1.361636e+03 , -7.236280e+02 ,  3.983274e+02 , -3.637007e+02 , -1.287542e+03 ,  1.013341e+03 ,  2.086324e+03 ,]
positionY_nm_array = [3.656827e+01 , -2.594643e+02 ,  8.825434e+02 , -7.212844e+02 ,  1.973192e+03 ,  2.883893e+02 , -1.751714e+03 ,  1.068890e+03 , -1.025871e+03 ,]
angleInclination_array = [1.178097e+00 , 1.178097e+00 , 1.178097e+00 , 1.178097e+00 , 1.178097e+00 , 1.178097e+00 , 1.178097e+00 , 1.178097e+00 , 1.178097e+00 ,]
angleAzimuth_array = [7.853982e-01 , 7.853982e-01 , 7.853982e-01 , 7.853982e-01 , 7.853982e-01 , 7.853982e-01 , 7.853982e-01 , 7.853982e-01 , 7.853982e-01 ,]
