% ground truth for sim_inc80_az40.tif
% settings
number_of_spots = 50
pixel_size_nm = 51.200
image_size_nm = 14142.136
image_size_px = 275
wavelength = 500
par.objectiveNA = 2.17
objectiveFocalLength = 770
par.refractiveIndices = [1.310000e+00 , 2.170000e+00 , 2.170000e+00 ,]
par.nDiscretizationBFP = 129
par.backgroundNoise = 0.020
par.nPhotons = 500
positionX_nm_array = [3.895058e+03 , -2.823124e+03 ,  3.040678e+03 , -4.588680e+03 ,  8.635456e+02 , -2.974076e+03 , -1.786559e+03 ,  8.367550e+02 , -4.889897e+03 , -1.498572e+03 ,  3.042634e+03 ,  1.649634e+03 , -4.109405e+03 , -4.731240e+03 ,  5.876260e+02 , -2.964361e+03 ,  3.533525e+03 ,  4.454834e+03 , -3.400635e+03 , -4.986478e+02 ,  3.448311e+03 , -2.791559e+02 , -2.648917e+03 , -1.785717e+03 ,  4.381988e+03 , -1.205730e+03 ,  1.342064e+03 , -4.795616e+03 , -2.209265e+03 , -4.606545e+03 , -1.572610e+02 , -3.280634e+03 , -2.310506e+03 ,  1.560761e+03 ,  1.829638e+03 , -2.752953e+02 , -4.427126e+03 ,  4.856329e+03 ,  1.878549e+03 ,  2.308375e+03 ,  4.450802e+03 ,  4.026508e+03 ,  5.067386e+02 , -3.205960e+03 ,  2.345901e+03 ,  3.293267e+03 , -7.149735e+02 ,  2.977230e+03 , -7.037009e+02 ,  4.925889e+03 ,]
positionY_nm_array = [-3.481546e+03 ,  3.309627e+03 ,  4.779604e+03 ,  4.621523e+03 ,  4.310778e+03 , -4.493731e+03 , -4.133104e+03 , -1.301708e+03 , -4.085184e+03 ,  8.070081e+02 ,  2.063663e+02 ,  2.990744e+03 ,  1.231298e+03 , -2.787835e+03 ,  1.155267e+03 , -1.378674e+03 , -2.028256e+03 ,  3.263342e+03 , -2.310921e+03 , -1.075804e+03 ,  3.063372e+03 , -4.031344e+03 ,  8.996938e+02 ,  2.272994e+03 , -5.534071e+02 ,  4.661038e+03 , -4.586246e+03 ,  3.400249e+03 ,  4.473767e+03 , -1.528288e+02 ,  4.503753e+03 ,  4.367306e+03 , -2.826117e+03 , -3.163947e+03 ,  1.301558e+03 , -2.826436e+03 ,  2.454182e+03 ,  4.809388e+03 , -1.862065e+03 , -8.805319e+02 ,  8.414245e+02 , -4.743949e+03 ,  2.881473e+03 ,  2.021712e+03 ,  3.718456e+03 ,  1.970298e+03 ,  3.391154e+03 , -4.101156e+03 ,  2.190210e+03 , -4.224929e+03 ,]
angleInclination_array = [1.396263e+00 , 1.396263e+00 , 1.396263e+00 , 1.396263e+00 , 1.396263e+00 , 1.396263e+00 , 1.396263e+00 , 1.396263e+00 , 1.396263e+00 , 1.396263e+00 , 1.396263e+00 , 1.396263e+00 , 1.396263e+00 , 1.396263e+00 , 1.396263e+00 , 1.396263e+00 , 1.396263e+00 , 1.396263e+00 , 1.396263e+00 , 1.396263e+00 , 1.396263e+00 , 1.396263e+00 , 1.396263e+00 , 1.396263e+00 , 1.396263e+00 , 1.396263e+00 , 1.396263e+00 , 1.396263e+00 , 1.396263e+00 , 1.396263e+00 , 1.396263e+00 , 1.396263e+00 , 1.396263e+00 , 1.396263e+00 , 1.396263e+00 , 1.396263e+00 , 1.396263e+00 , 1.396263e+00 , 1.396263e+00 , 1.396263e+00 , 1.396263e+00 , 1.396263e+00 , 1.396263e+00 , 1.396263e+00 , 1.396263e+00 , 1.396263e+00 , 1.396263e+00 , 1.396263e+00 , 1.396263e+00 , 1.396263e+00 ,]
angleAzimuth_array = [6.981317e-01 , 6.981317e-01 , 6.981317e-01 , 6.981317e-01 , 6.981317e-01 , 6.981317e-01 , 6.981317e-01 , 6.981317e-01 , 6.981317e-01 , 6.981317e-01 , 6.981317e-01 , 6.981317e-01 , 6.981317e-01 , 6.981317e-01 , 6.981317e-01 , 6.981317e-01 , 6.981317e-01 , 6.981317e-01 , 6.981317e-01 , 6.981317e-01 , 6.981317e-01 , 6.981317e-01 , 6.981317e-01 , 6.981317e-01 , 6.981317e-01 , 6.981317e-01 , 6.981317e-01 , 6.981317e-01 , 6.981317e-01 , 6.981317e-01 , 6.981317e-01 , 6.981317e-01 , 6.981317e-01 , 6.981317e-01 , 6.981317e-01 , 6.981317e-01 , 6.981317e-01 , 6.981317e-01 , 6.981317e-01 , 6.981317e-01 , 6.981317e-01 , 6.981317e-01 , 6.981317e-01 , 6.981317e-01 , 6.981317e-01 , 6.981317e-01 , 6.981317e-01 , 6.981317e-01 , 6.981317e-01 , 6.981317e-01 ,]
