% ground truth for sim_inc20_az40.tif
% settings
number_of_spots = 50
pixel_size_nm = 51.200
image_size_nm = 14142.136
image_size_px = 275
wavelength = 500
par.objectiveNA = 2.17
objectiveFocalLength = 770
par.refractiveIndices = [1.310000e+00 , 2.170000e+00 , 2.170000e+00 ,]
par.nDiscretizationBFP = 129
par.backgroundNoise = 0.020
par.nPhotons = 500
positionX_nm_array = [-3.635463e+03 , -4.894097e+03 , -2.803310e+03 ,  4.191251e+03 ,  4.269352e+03 ,  1.022764e+03 ,  2.222601e+03 , -1.797095e+03 , -4.525853e+03 ,  2.498882e+03 ,  1.987869e+03 ,  3.958924e+03 , -4.719004e+03 , -1.853018e+03 ,  1.095746e+03 ,  3.605792e+03 ,  3.799286e+03 , -2.758492e+03 ,  9.450504e+02 , -2.997534e+02 , -9.031786e+01 , -5.506846e+02 , -3.276262e+03 , -2.765512e+03 ,  1.305459e+03 , -1.746831e+03 , -3.396331e+03 ,  3.723426e+03 , -3.240661e+02 ,  2.913580e+03 ,  4.657284e+03 , -1.452745e+03 ,  6.307252e+02 ,  1.297118e+03 , -1.617445e+03 , -1.170471e+03 , -1.298727e+03 ,  2.997606e+03 , -4.333925e+03 , -2.778244e+03 ,  4.399841e+03 ,  2.433629e+03 , -2.289097e+03 ,  2.060390e+03 ,  2.880109e+03 , -1.031025e+03 , -4.894876e+03 ,  1.389831e+03 ,  4.941731e+03 ,  3.097681e+03 ,]
positionY_nm_array = [-2.829744e+03 ,  2.950303e+03 , -5.308837e+02 ,  4.556536e+03 , -2.098772e+02 , -3.197200e+03 , -1.784934e+03 ,  3.471450e+03 ,  3.818631e+01 , -4.798746e+03 ,  2.151937e+03 ,  1.497107e+03 , -3.068338e+03 ,  2.344818e+03 , -2.747366e+02 ,  3.161928e+03 , -1.882038e+03 , -1.622203e+03 ,  3.503811e+03 ,  3.802597e+03 , -8.947223e+02 ,  1.957144e+03 , -4.798720e+03 ,  4.338947e+03 , -2.194519e+03 , -1.911608e+03 ,  2.793055e+03 , -3.472129e+03 , -2.606018e+03 , -1.007613e+03 ,  3.280255e+03 ,  1.942017e+02 ,  4.507953e+03 ,  1.309461e+03 , -4.881727e+03 , -9.277419e+02 , -3.650243e+03 ,  1.870461e+03 ,  4.233931e+03 ,  4.875720e+02 , -4.307132e+03 ,  3.564473e+03 , -3.303682e+03 ,  4.614830e+03 ,  3.835954e+02 ,  4.562085e+03 , -1.109079e+03 , -4.517136e+03 ,  9.279748e+02 ,  4.684942e+03 ,]
angleInclination_array = [3.490659e-01 , 3.490659e-01 , 3.490659e-01 , 3.490659e-01 , 3.490659e-01 , 3.490659e-01 , 3.490659e-01 , 3.490659e-01 , 3.490659e-01 , 3.490659e-01 , 3.490659e-01 , 3.490659e-01 , 3.490659e-01 , 3.490659e-01 , 3.490659e-01 , 3.490659e-01 , 3.490659e-01 , 3.490659e-01 , 3.490659e-01 , 3.490659e-01 , 3.490659e-01 , 3.490659e-01 , 3.490659e-01 , 3.490659e-01 , 3.490659e-01 , 3.490659e-01 , 3.490659e-01 , 3.490659e-01 , 3.490659e-01 , 3.490659e-01 , 3.490659e-01 , 3.490659e-01 , 3.490659e-01 , 3.490659e-01 , 3.490659e-01 , 3.490659e-01 , 3.490659e-01 , 3.490659e-01 , 3.490659e-01 , 3.490659e-01 , 3.490659e-01 , 3.490659e-01 , 3.490659e-01 , 3.490659e-01 , 3.490659e-01 , 3.490659e-01 , 3.490659e-01 , 3.490659e-01 , 3.490659e-01 , 3.490659e-01 ,]
angleAzimuth_array = [6.981317e-01 , 6.981317e-01 , 6.981317e-01 , 6.981317e-01 , 6.981317e-01 , 6.981317e-01 , 6.981317e-01 , 6.981317e-01 , 6.981317e-01 , 6.981317e-01 , 6.981317e-01 , 6.981317e-01 , 6.981317e-01 , 6.981317e-01 , 6.981317e-01 , 6.981317e-01 , 6.981317e-01 , 6.981317e-01 , 6.981317e-01 , 6.981317e-01 , 6.981317e-01 , 6.981317e-01 , 6.981317e-01 , 6.981317e-01 , 6.981317e-01 , 6.981317e-01 , 6.981317e-01 , 6.981317e-01 , 6.981317e-01 , 6.981317e-01 , 6.981317e-01 , 6.981317e-01 , 6.981317e-01 , 6.981317e-01 , 6.981317e-01 , 6.981317e-01 , 6.981317e-01 , 6.981317e-01 , 6.981317e-01 , 6.981317e-01 , 6.981317e-01 , 6.981317e-01 , 6.981317e-01 , 6.981317e-01 , 6.981317e-01 , 6.981317e-01 , 6.981317e-01 , 6.981317e-01 , 6.981317e-01 , 6.981317e-01 ,]
