% ground truth for sim_inc110_az80.tif
% settings
number_of_spots = 50
pixel_size_nm = 51.200
image_size_nm = 14142.136
image_size_px = 275
wavelength = 500
par.objectiveNA = 2.17
objectiveFocalLength = 770
par.refractiveIndices = [1.310000e+00 , 2.170000e+00 , 2.170000e+00 ,]
par.nDiscretizationBFP = 129
par.backgroundNoise = 0.020
par.nPhotons = 500
positionX_nm_array = [-3.400883e+03 ,  7.596543e+01 ,  3.561880e+03 , -4.295478e+03 , -2.281439e+03 ,  2.465608e+03 ,  1.805959e+03 ,  4.918350e+03 ,  3.712286e+03 ,  2.247319e+03 ,  8.387900e+02 , -1.968913e+03 ,  1.215933e+03 , -3.653787e+03 , -4.717222e+03 ,  1.578839e+03 , -3.434173e+03 ,  3.869694e+03 ,  2.221869e+03 , -3.535708e+03 ,  4.075539e+03 , -1.136792e+03 ,  2.610037e+02 , -1.567221e+03 , -4.861132e+03 ,  1.832651e+02 , -1.046089e+03 , -1.106563e+03 ,  2.971392e+03 ,  4.926923e+03 , -1.789274e+03 , -7.215185e+02 ,  1.589184e+03 , -3.948490e+02 , -2.577693e+03 ,  4.613862e+03 , -2.357170e+03 ,  4.941445e+03 ,  2.636987e+03 , -3.238852e+02 ,  4.871387e+03 ,  4.866717e+03 , -8.478222e+02 , -3.181581e+03 , -4.833131e+03 , -2.426410e+03 ,  2.443321e+03 ,  3.968861e+03 , -4.394701e+03 ,  1.302261e+03 ,]
positionY_nm_array = [1.109930e+03 , -2.345073e+03 ,  1.911402e+03 , -3.102993e+03 , -2.610250e+03 ,  3.238845e+03 ,  4.219312e+02 ,  1.754490e+03 ,  3.765194e+03 , -3.750140e+03 ,  1.866112e+03 , -5.846059e+02 , -4.628308e+03 ,  3.155697e+03 , -5.173016e+02 , -1.844129e+03 , -4.947683e+03 , -7.609608e+02 ,  4.936685e+03 , -1.268271e+03 , -3.001559e+03 , -1.831963e+03 , -1.436955e+02 ,  4.389564e+02 , -3.963213e+03 ,  4.613590e+03 ,  3.179526e+03 , -4.210585e+03 , -1.583127e+03 ,  6.521080e+02 ,  1.481343e+03 , -3.111301e+03 , -7.357900e+02 ,  9.590966e+02 ,  4.282747e+03 , -4.035541e+03 ,  2.834409e+03 , -5.245283e+02 ,  1.130561e+03 , -4.893950e+03 , -2.221422e+03 ,  2.947190e+03 ,  2.033407e+03 , -3.691839e+03 ,  7.056750e+02 , -4.837269e+03 ,  2.161401e+03 , -4.863014e+03 ,  4.583650e+03 ,  4.454208e+03 ,]
angleInclination_array = [1.919862e+00 , 1.919862e+00 , 1.919862e+00 , 1.919862e+00 , 1.919862e+00 , 1.919862e+00 , 1.919862e+00 , 1.919862e+00 , 1.919862e+00 , 1.919862e+00 , 1.919862e+00 , 1.919862e+00 , 1.919862e+00 , 1.919862e+00 , 1.919862e+00 , 1.919862e+00 , 1.919862e+00 , 1.919862e+00 , 1.919862e+00 , 1.919862e+00 , 1.919862e+00 , 1.919862e+00 , 1.919862e+00 , 1.919862e+00 , 1.919862e+00 , 1.919862e+00 , 1.919862e+00 , 1.919862e+00 , 1.919862e+00 , 1.919862e+00 , 1.919862e+00 , 1.919862e+00 , 1.919862e+00 , 1.919862e+00 , 1.919862e+00 , 1.919862e+00 , 1.919862e+00 , 1.919862e+00 , 1.919862e+00 , 1.919862e+00 , 1.919862e+00 , 1.919862e+00 , 1.919862e+00 , 1.919862e+00 , 1.919862e+00 , 1.919862e+00 , 1.919862e+00 , 1.919862e+00 , 1.919862e+00 , 1.919862e+00 ,]
angleAzimuth_array = [1.396263e+00 , 1.396263e+00 , 1.396263e+00 , 1.396263e+00 , 1.396263e+00 , 1.396263e+00 , 1.396263e+00 , 1.396263e+00 , 1.396263e+00 , 1.396263e+00 , 1.396263e+00 , 1.396263e+00 , 1.396263e+00 , 1.396263e+00 , 1.396263e+00 , 1.396263e+00 , 1.396263e+00 , 1.396263e+00 , 1.396263e+00 , 1.396263e+00 , 1.396263e+00 , 1.396263e+00 , 1.396263e+00 , 1.396263e+00 , 1.396263e+00 , 1.396263e+00 , 1.396263e+00 , 1.396263e+00 , 1.396263e+00 , 1.396263e+00 , 1.396263e+00 , 1.396263e+00 , 1.396263e+00 , 1.396263e+00 , 1.396263e+00 , 1.396263e+00 , 1.396263e+00 , 1.396263e+00 , 1.396263e+00 , 1.396263e+00 , 1.396263e+00 , 1.396263e+00 , 1.396263e+00 , 1.396263e+00 , 1.396263e+00 , 1.396263e+00 , 1.396263e+00 , 1.396263e+00 , 1.396263e+00 , 1.396263e+00 ,]
