% ground truth for sim_inc10_az320.tif
% settings
number_of_spots = 50
pixel_size_nm = 51.200
image_size_nm = 14142.136
image_size_px = 275
wavelength = 500
par.objectiveNA = 2.17
objectiveFocalLength = 770
par.refractiveIndices = [1.310000e+00 , 2.170000e+00 , 2.170000e+00 ,]
par.nDiscretizationBFP = 129
par.backgroundNoise = 0.020
par.nPhotons = 500
positionX_nm_array = [-3.973812e+03 ,  4.802043e+03 ,  3.037864e+03 ,  1.239839e+03 , -2.701952e+03 , -6.560908e+02 ,  4.050620e+03 ,  2.871927e+03 ,  4.149888e+03 ,  2.483481e+03 ,  2.732188e+03 , -1.337449e+03 ,  3.486517e+03 , -3.199001e+03 , -2.929582e+03 , -8.610205e+02 , -1.403135e+03 , -4.327241e+03 ,  3.557264e+02 , -1.496220e+03 ,  1.851004e+03 , -4.519878e+03 ,  4.355126e+03 , -3.653580e+03 , -1.993104e+03 , -8.490828e+02 ,  2.833628e+03 ,  1.934396e+03 ,  2.996375e+03 , -4.582991e+03 ,  8.848877e+02 ,  1.268241e+03 , -4.382064e+03 ,  3.729777e+03 , -2.168748e+03 , -4.096990e+03 ,  8.295906e+02 ,  2.118042e+03 ,  8.070112e+01 ,  4.461728e+03 , -3.083601e+03 ,  4.543898e+03 ,  3.463867e+02 , -2.219447e+03 ,  4.369408e+03 , -4.665946e+03 ,  4.190729e+02 , -3.662112e+03 ,  1.676934e+03 , -4.723607e+03 ,]
positionY_nm_array = [-2.530479e+03 , -8.268964e+02 ,  2.937702e+03 ,  4.024521e+03 , -3.639546e+03 ,  3.284920e+03 ,  4.486794e+03 ,  4.570129e+03 , -1.801740e+03 , -2.602785e+03 ,  1.411714e+03 , -3.831057e+03 , -3.466564e+03 , -2.319964e+01 ,  1.333423e+03 ,  7.806287e+02 ,  2.036838e+03 ,  2.598979e+03 , -6.298235e+02 , -7.039667e+02 , -4.362409e+02 ,  4.542257e+03 , -4.215586e+03 , -1.218113e+03 ,  3.209373e+02 , -2.668896e+03 , -1.536673e+03 ,  3.302089e+03 , -4.771172e+03 , -7.707046e+02 , -3.439007e+03 , -1.577974e+03 ,  4.632829e+02 , -5.810235e+02 , -2.003617e+03 ,  1.500481e+03 ,  2.802873e+02 , -3.609517e+03 ,  1.285678e+03 ,  2.994942e+03 ,  3.761488e+03 ,  4.633685e+02 ,  2.512708e+03 , -4.844805e+03 ,  1.717936e+03 , -4.670404e+03 , -4.772146e+03 , -4.783414e+03 ,  1.675377e+03 , -1.868357e+03 ,]
angleInclination_array = [1.745329e-01 , 1.745329e-01 , 1.745329e-01 , 1.745329e-01 , 1.745329e-01 , 1.745329e-01 , 1.745329e-01 , 1.745329e-01 , 1.745329e-01 , 1.745329e-01 , 1.745329e-01 , 1.745329e-01 , 1.745329e-01 , 1.745329e-01 , 1.745329e-01 , 1.745329e-01 , 1.745329e-01 , 1.745329e-01 , 1.745329e-01 , 1.745329e-01 , 1.745329e-01 , 1.745329e-01 , 1.745329e-01 , 1.745329e-01 , 1.745329e-01 , 1.745329e-01 , 1.745329e-01 , 1.745329e-01 , 1.745329e-01 , 1.745329e-01 , 1.745329e-01 , 1.745329e-01 , 1.745329e-01 , 1.745329e-01 , 1.745329e-01 , 1.745329e-01 , 1.745329e-01 , 1.745329e-01 , 1.745329e-01 , 1.745329e-01 , 1.745329e-01 , 1.745329e-01 , 1.745329e-01 , 1.745329e-01 , 1.745329e-01 , 1.745329e-01 , 1.745329e-01 , 1.745329e-01 , 1.745329e-01 , 1.745329e-01 ,]
angleAzimuth_array = [5.585054e+00 , 5.585054e+00 , 5.585054e+00 , 5.585054e+00 , 5.585054e+00 , 5.585054e+00 , 5.585054e+00 , 5.585054e+00 , 5.585054e+00 , 5.585054e+00 , 5.585054e+00 , 5.585054e+00 , 5.585054e+00 , 5.585054e+00 , 5.585054e+00 , 5.585054e+00 , 5.585054e+00 , 5.585054e+00 , 5.585054e+00 , 5.585054e+00 , 5.585054e+00 , 5.585054e+00 , 5.585054e+00 , 5.585054e+00 , 5.585054e+00 , 5.585054e+00 , 5.585054e+00 , 5.585054e+00 , 5.585054e+00 , 5.585054e+00 , 5.585054e+00 , 5.585054e+00 , 5.585054e+00 , 5.585054e+00 , 5.585054e+00 , 5.585054e+00 , 5.585054e+00 , 5.585054e+00 , 5.585054e+00 , 5.585054e+00 , 5.585054e+00 , 5.585054e+00 , 5.585054e+00 , 5.585054e+00 , 5.585054e+00 , 5.585054e+00 , 5.585054e+00 , 5.585054e+00 , 5.585054e+00 , 5.585054e+00 ,]
