% ground truth for sim_inc160_az180.tif
% settings
number_of_spots = 50
pixel_size_nm = 51.200
image_size_nm = 14142.136
image_size_px = 275
wavelength = 500
par.objectiveNA = 2.17
objectiveFocalLength = 770
par.refractiveIndices = [1.310000e+00 , 2.170000e+00 , 2.170000e+00 ,]
par.nDiscretizationBFP = 129
par.backgroundNoise = 0.020
par.nPhotons = 500
positionX_nm_array = [5.892795e+02 , -3.234611e+02 ,  2.410833e+03 ,  4.026837e+03 , -7.424543e+02 , -4.744883e+03 , -1.962709e+03 , -1.210775e+03 ,  3.026035e+02 , -7.653748e+02 ,  4.287307e+03 , -2.367683e+03 ,  4.805129e+03 ,  2.766984e+03 , -3.877394e+03 , -2.513731e+03 ,  3.608530e+03 ,  3.322164e+03 ,  8.057031e+02 , -2.868355e+03 , -1.813507e+03 ,  6.863645e+01 ,  2.023913e+03 , -7.186273e+02 ,  3.641298e+03 ,  1.527836e+03 ,  6.266344e+02 , -4.314345e+03 , -1.486618e+03 , -3.832561e+03 ,  8.811164e+02 ,  4.728430e+03 , -4.848783e+03 , -9.195117e+02 , -3.803225e+03 ,  4.533944e+03 , -2.333473e+03 ,  1.808074e+03 , -3.413105e+03 ,  2.826973e+03 ,  6.580936e+02 ,  4.255835e+03 , -3.097662e+03 , -1.780567e+03 ,  1.740432e+03 ,  2.161676e+03 , -4.928534e+03 , -3.836670e+03 ,  2.936333e+03 ,  3.182092e+03 ,]
positionY_nm_array = [-4.545139e+03 , -4.373275e+02 ,  3.235228e+03 , -3.772190e+03 ,  8.202831e+02 ,  4.448993e+03 , -1.730846e+03 ,  3.557406e+03 , -1.948071e+03 , -4.160635e+03 ,  4.829921e+03 ,  2.013234e+03 , -6.828766e+02 , -4.803096e+03 , -4.218032e+03 ,  3.833561e+03 ,  3.429766e+03 ,  2.460220e+03 , -3.371312e+03 , -3.347733e+03 , -3.242190e+03 ,  3.536084e+03 ,  1.239459e+03 , -2.301144e+03 , -1.732447e+03 , -1.995385e+03 ,  2.032984e+03 ,  4.739082e+02 , -7.675681e+02 , -1.381641e+03 ,  1.564927e+02 ,  1.678141e+03 , -2.655668e+03 ,  4.893939e+03 ,  1.435993e+03 , -2.215420e+03 ,  1.121822e+02 , -6.114959e+02 ,  2.491839e+03 , -2.418635e+03 ,  4.372728e+03 ,  5.964605e+02 ,  4.765852e+03 , -4.643376e+03 ,  4.284330e+03 , -3.817636e+03 ,  2.872327e+03 ,  3.714801e+03 ,  4.708870e+03 ,  6.320022e+02 ,]
angleInclination_array = [2.792527e+00 , 2.792527e+00 , 2.792527e+00 , 2.792527e+00 , 2.792527e+00 , 2.792527e+00 , 2.792527e+00 , 2.792527e+00 , 2.792527e+00 , 2.792527e+00 , 2.792527e+00 , 2.792527e+00 , 2.792527e+00 , 2.792527e+00 , 2.792527e+00 , 2.792527e+00 , 2.792527e+00 , 2.792527e+00 , 2.792527e+00 , 2.792527e+00 , 2.792527e+00 , 2.792527e+00 , 2.792527e+00 , 2.792527e+00 , 2.792527e+00 , 2.792527e+00 , 2.792527e+00 , 2.792527e+00 , 2.792527e+00 , 2.792527e+00 , 2.792527e+00 , 2.792527e+00 , 2.792527e+00 , 2.792527e+00 , 2.792527e+00 , 2.792527e+00 , 2.792527e+00 , 2.792527e+00 , 2.792527e+00 , 2.792527e+00 , 2.792527e+00 , 2.792527e+00 , 2.792527e+00 , 2.792527e+00 , 2.792527e+00 , 2.792527e+00 , 2.792527e+00 , 2.792527e+00 , 2.792527e+00 , 2.792527e+00 ,]
angleAzimuth_array = [3.141593e+00 , 3.141593e+00 , 3.141593e+00 , 3.141593e+00 , 3.141593e+00 , 3.141593e+00 , 3.141593e+00 , 3.141593e+00 , 3.141593e+00 , 3.141593e+00 , 3.141593e+00 , 3.141593e+00 , 3.141593e+00 , 3.141593e+00 , 3.141593e+00 , 3.141593e+00 , 3.141593e+00 , 3.141593e+00 , 3.141593e+00 , 3.141593e+00 , 3.141593e+00 , 3.141593e+00 , 3.141593e+00 , 3.141593e+00 , 3.141593e+00 , 3.141593e+00 , 3.141593e+00 , 3.141593e+00 , 3.141593e+00 , 3.141593e+00 , 3.141593e+00 , 3.141593e+00 , 3.141593e+00 , 3.141593e+00 , 3.141593e+00 , 3.141593e+00 , 3.141593e+00 , 3.141593e+00 , 3.141593e+00 , 3.141593e+00 , 3.141593e+00 , 3.141593e+00 , 3.141593e+00 , 3.141593e+00 , 3.141593e+00 , 3.141593e+00 , 3.141593e+00 , 3.141593e+00 , 3.141593e+00 , 3.141593e+00 ,]
