% ground truth for sim_inc0_az360.tif
% settings
number_of_spots = 50
pixel_size_nm = 51.200
image_size_nm = 14142.136
image_size_px = 275
wavelength = 500
par.objectiveNA = 2.17
objectiveFocalLength = 770
par.refractiveIndices = [1.310000e+00 , 2.170000e+00 , 2.170000e+00 ,]
par.nDiscretizationBFP = 129
par.backgroundNoise = 0.020
par.nPhotons = 500
positionX_nm_array = [-2.805474e+03 ,  1.783756e+03 , -2.541226e+03 ,  3.230983e+03 ,  7.703601e+02 ,  3.781472e+03 ,  9.799311e+02 , -3.681379e+02 ,  1.359195e+03 ,  1.738806e+01 , -2.909354e+03 ,  4.844791e+03 ,  4.516218e+03 , -8.169944e+02 ,  3.576051e+03 , -1.300834e+03 ,  4.308130e+03 ,  3.645434e+03 , -3.013228e+03 , -3.726878e+03 ,  2.402554e+02 , -4.413812e+03 , -3.920414e+03 , -3.666656e+03 ,  2.246510e+03 , -3.615721e+03 , -4.916992e+03 ,  3.738887e+03 , -2.847677e+02 , -2.376489e+03 , -2.033006e+02 , -4.553459e+03 ,  2.814149e+02 , -6.492480e+02 ,  2.225071e+03 ,  4.474397e+03 , -2.761508e+03 ,  3.216492e+03 , -8.014447e+01 , -4.487732e+03 , -1.010927e+03 , -1.865812e+03 , -2.322918e+03 ,  2.993091e+03 ,  2.657899e+03 , -1.395252e+03 , -3.293831e+03 , -1.712136e+03 , -4.754333e+03 , -1.512241e+03 ,]
positionY_nm_array = [-2.098486e+03 , -6.664729e+02 , -3.277912e+01 , -3.484278e+03 ,  4.405316e+03 ,  3.128862e+03 , -4.113151e+03 ,  1.466571e+03 , -2.406582e+03 , -6.881980e+02 ,  3.320312e+03 ,  1.331617e+03 , -4.044792e+03 ,  4.884385e+03 , -4.942514e+03 , -2.113943e+02 ,  4.857012e+03 , -1.682815e+03 , -3.561122e+03 ,  4.355423e+03 ,  2.592263e+03 , -4.059546e+03 ,  1.032426e+03 , -2.638391e+03 ,  2.261885e+03 , -8.125783e+02 , -1.910052e+03 ,  1.935371e+03 ,  4.012862e+02 ,  1.831574e+03 , -4.601720e+03 ,  1.905371e+03 , -3.060734e+03 , -2.676994e+03 ,  4.638995e+03 , -4.719966e+02 , -4.802610e+03 ,  4.948170e+03 ,  3.848424e+03 ,  3.185588e+03 , -1.234527e+03 , -3.188947e+03 ,  4.400847e+03 ,  5.391653e+02 , -1.873576e+03 ,  2.701124e+03 ,  2.287402e+03 , -4.653221e+03 ,  4.751181e+03 ,  1.085654e+03 ,]
angleInclination_array = [0 , 0 , 0 , 0 , 0 , 0 , 0 , 0 , 0 , 0 , 0 , 0 , 0 , 0 , 0 , 0 , 0 , 0 , 0 , 0 , 0 , 0 , 0 , 0 , 0 , 0 , 0 , 0 , 0 , 0 , 0 , 0 , 0 , 0 , 0 , 0 , 0 , 0 , 0 , 0 , 0 , 0 , 0 , 0 , 0 , 0 , 0 , 0 , 0 , 0 ,]
angleAzimuth_array = [6.283185e+00 , 6.283185e+00 , 6.283185e+00 , 6.283185e+00 , 6.283185e+00 , 6.283185e+00 , 6.283185e+00 , 6.283185e+00 , 6.283185e+00 , 6.283185e+00 , 6.283185e+00 , 6.283185e+00 , 6.283185e+00 , 6.283185e+00 , 6.283185e+00 , 6.283185e+00 , 6.283185e+00 , 6.283185e+00 , 6.283185e+00 , 6.283185e+00 , 6.283185e+00 , 6.283185e+00 , 6.283185e+00 , 6.283185e+00 , 6.283185e+00 , 6.283185e+00 , 6.283185e+00 , 6.283185e+00 , 6.283185e+00 , 6.283185e+00 , 6.283185e+00 , 6.283185e+00 , 6.283185e+00 , 6.283185e+00 , 6.283185e+00 , 6.283185e+00 , 6.283185e+00 , 6.283185e+00 , 6.283185e+00 , 6.283185e+00 , 6.283185e+00 , 6.283185e+00 , 6.283185e+00 , 6.283185e+00 , 6.283185e+00 , 6.283185e+00 , 6.283185e+00 , 6.283185e+00 , 6.283185e+00 , 6.283185e+00 ,]
