% ground truth for sim_inc170_az100.tif
% settings
number_of_spots = 50
pixel_size_nm = 51.200
image_size_nm = 14142.136
image_size_px = 275
wavelength = 500
par.objectiveNA = 2.17
objectiveFocalLength = 770
par.refractiveIndices = [1.310000e+00 , 2.170000e+00 , 2.170000e+00 ,]
par.nDiscretizationBFP = 129
par.backgroundNoise = 0.020
par.nPhotons = 500
positionX_nm_array = [4.008819e+02 , -2.148088e+03 , -4.010800e+02 ,  4.316170e+03 ,  4.365224e+03 , -4.909609e+03 , -4.600496e+03 , -1.617575e+03 , -3.873662e+03 ,  1.327891e+03 , -4.820912e+03 , -1.579095e+03 ,  2.275884e+03 , -4.275748e+02 ,  1.564485e+03 ,  3.424210e+03 , -9.671094e+02 ,  2.281475e+02 ,  1.939286e+03 , -5.914374e+02 ,  2.681358e+03 , -1.834433e+03 , -2.649725e+03 ,  3.389433e+03 ,  4.775735e+03 , -3.037144e+03 ,  8.535509e+02 ,  4.911428e+03 , -3.831673e+03 , -4.368968e+03 , -8.028416e+02 , -1.422289e+03 ,  3.366359e+03 ,  3.702232e+03 , -3.610702e+03 , -1.846843e+03 ,  2.821940e+03 ,  3.666629e+03 ,  3.731248e+02 ,  1.922469e+03 , -3.578221e+03 ,  1.006098e+03 ,  1.703560e+03 ,  3.384082e+02 ,  4.360246e+03 , -1.848998e+03 , -2.615226e+03 , -4.573269e+03 , -2.892763e+03 , -1.433389e+03 ,]
positionY_nm_array = [4.135926e+03 ,  3.685502e+03 , -1.642679e+02 ,  3.840287e+02 , -3.458105e+03 ,  2.230267e+03 , -1.670188e+03 , -4.630611e+03 , -4.372971e+03 , -3.797721e+03 ,  3.928108e+03 , -9.474352e+02 ,  3.048502e+02 , -2.072220e+03 ,  3.289563e+03 ,  1.413976e+03 ,  3.895732e+03 ,  2.281637e+03 ,  2.192550e+03 , -4.313389e+03 ,  4.104254e+03 ,  2.819862e+02 , -1.802886e+03 , -2.446071e+03 ,  2.971818e+03 ,  4.201762e+03 , -4.695098e+03 ,  4.544060e+03 , -4.879737e+02 ,  5.931105e+02 ,  2.775127e+03 ,  4.920878e+03 ,  4.691339e+01 , -4.225677e+03 ,  3.051809e+03 ,  2.473070e+03 , -3.558769e+03 ,  2.866873e+03 , -1.436245e+03 , -1.245677e+03 ,  1.269868e+03 ,  1.870786e+02 ,  4.661566e+03 , -3.386136e+03 , -1.217113e+03 ,  1.423323e+03 , -2.811418e+03 , -3.392842e+03 ,  2.234783e+02 , -2.765553e+03 ,]
angleInclination_array = [2.967060e+00 , 2.967060e+00 , 2.967060e+00 , 2.967060e+00 , 2.967060e+00 , 2.967060e+00 , 2.967060e+00 , 2.967060e+00 , 2.967060e+00 , 2.967060e+00 , 2.967060e+00 , 2.967060e+00 , 2.967060e+00 , 2.967060e+00 , 2.967060e+00 , 2.967060e+00 , 2.967060e+00 , 2.967060e+00 , 2.967060e+00 , 2.967060e+00 , 2.967060e+00 , 2.967060e+00 , 2.967060e+00 , 2.967060e+00 , 2.967060e+00 , 2.967060e+00 , 2.967060e+00 , 2.967060e+00 , 2.967060e+00 , 2.967060e+00 , 2.967060e+00 , 2.967060e+00 , 2.967060e+00 , 2.967060e+00 , 2.967060e+00 , 2.967060e+00 , 2.967060e+00 , 2.967060e+00 , 2.967060e+00 , 2.967060e+00 , 2.967060e+00 , 2.967060e+00 , 2.967060e+00 , 2.967060e+00 , 2.967060e+00 , 2.967060e+00 , 2.967060e+00 , 2.967060e+00 , 2.967060e+00 , 2.967060e+00 ,]
angleAzimuth_array = [1.745329e+00 , 1.745329e+00 , 1.745329e+00 , 1.745329e+00 , 1.745329e+00 , 1.745329e+00 , 1.745329e+00 , 1.745329e+00 , 1.745329e+00 , 1.745329e+00 , 1.745329e+00 , 1.745329e+00 , 1.745329e+00 , 1.745329e+00 , 1.745329e+00 , 1.745329e+00 , 1.745329e+00 , 1.745329e+00 , 1.745329e+00 , 1.745329e+00 , 1.745329e+00 , 1.745329e+00 , 1.745329e+00 , 1.745329e+00 , 1.745329e+00 , 1.745329e+00 , 1.745329e+00 , 1.745329e+00 , 1.745329e+00 , 1.745329e+00 , 1.745329e+00 , 1.745329e+00 , 1.745329e+00 , 1.745329e+00 , 1.745329e+00 , 1.745329e+00 , 1.745329e+00 , 1.745329e+00 , 1.745329e+00 , 1.745329e+00 , 1.745329e+00 , 1.745329e+00 , 1.745329e+00 , 1.745329e+00 , 1.745329e+00 , 1.745329e+00 , 1.745329e+00 , 1.745329e+00 , 1.745329e+00 , 1.745329e+00 ,]
