% ground truth for sim_inc140_az60.tif
% settings
number_of_spots = 50
pixel_size_nm = 51.200
image_size_nm = 14142.136
image_size_px = 275
wavelength = 500
par.objectiveNA = 2.17
objectiveFocalLength = 770
par.refractiveIndices = [1.310000e+00 , 2.170000e+00 , 2.170000e+00 ,]
par.nDiscretizationBFP = 129
par.backgroundNoise = 0.020
par.nPhotons = 500
positionX_nm_array = [9.207734e+02 ,  6.833391e+02 ,  4.405257e+03 ,  2.942892e+03 , -4.631374e+03 , -1.796460e+03 ,  3.783167e+03 , -2.190903e+03 ,  1.489167e+03 ,  3.368991e+03 ,  4.211352e+03 ,  1.021153e+03 ,  4.309592e+03 , -9.682169e+02 , -4.175664e+03 , -3.452045e+03 , -3.236206e+03 ,  2.850390e+03 , -2.173269e+03 , -1.630842e+03 , -2.115730e+03 ,  4.885460e+03 , -4.855948e+03 ,  5.743754e+02 , -4.263622e+02 ,  2.737683e+03 ,  3.015917e+03 , -1.949003e+02 , -6.185120e+02 ,  3.536717e+03 , -6.616324e+02 , -5.634465e+02 ,  1.678125e+03 ,  3.789417e+01 ,  1.451048e+03 , -4.542376e+03 , -3.102059e+03 , -1.487033e+03 , -4.905692e+03 , -2.479487e+03 ,  1.822154e+03 ,  2.304389e+03 ,  4.583839e+03 ,  2.020382e+03 , -4.806349e+03 , -1.028747e+03 , -3.236461e+03 , -3.885752e+03 , -3.145041e+03 , -3.321441e+03 ,]
positionY_nm_array = [-3.217508e+03 ,  3.005785e+03 , -2.194309e+03 ,  2.480043e+03 ,  2.912490e+03 , -2.852209e+03 ,  4.032640e+03 ,  2.410236e+03 ,  1.877824e+03 , -3.463711e+03 ,  5.031791e+02 ,  2.315170e+02 ,  2.328435e+03 , -2.121110e+03 , -5.179417e+02 , -2.600506e+03 , -4.596205e+03 ,  1.061560e+03 , -3.840314e+03 ,  3.932052e+03 , -7.265462e+01 , -1.142398e+03 , -2.702324e+03 , -1.807811e+03 , -7.874750e+02 ,  3.542656e+03 , -2.453172e+03 ,  8.781186e+02 , -4.788764e+03 , -1.570971e+03 ,  2.288323e+03 ,  3.550795e+03 , -4.581653e+03 , -3.794865e+03 ,  4.829745e+03 , -1.704395e+03 ,  3.259921e+03 , -1.082432e+03 ,  8.289300e+02 ,  4.940878e+03 , -2.349725e+03 , -3.724431e+03 , -3.659035e+03 , -9.331782e+01 , -4.714428e+03 ,  4.923116e+03 , -4.246371e+01 ,  4.063635e+03 , -3.558183e+03 ,  9.874182e+02 ,]
angleInclination_array = [2.443461e+00 , 2.443461e+00 , 2.443461e+00 , 2.443461e+00 , 2.443461e+00 , 2.443461e+00 , 2.443461e+00 , 2.443461e+00 , 2.443461e+00 , 2.443461e+00 , 2.443461e+00 , 2.443461e+00 , 2.443461e+00 , 2.443461e+00 , 2.443461e+00 , 2.443461e+00 , 2.443461e+00 , 2.443461e+00 , 2.443461e+00 , 2.443461e+00 , 2.443461e+00 , 2.443461e+00 , 2.443461e+00 , 2.443461e+00 , 2.443461e+00 , 2.443461e+00 , 2.443461e+00 , 2.443461e+00 , 2.443461e+00 , 2.443461e+00 , 2.443461e+00 , 2.443461e+00 , 2.443461e+00 , 2.443461e+00 , 2.443461e+00 , 2.443461e+00 , 2.443461e+00 , 2.443461e+00 , 2.443461e+00 , 2.443461e+00 , 2.443461e+00 , 2.443461e+00 , 2.443461e+00 , 2.443461e+00 , 2.443461e+00 , 2.443461e+00 , 2.443461e+00 , 2.443461e+00 , 2.443461e+00 , 2.443461e+00 ,]
angleAzimuth_array = [1.047198e+00 , 1.047198e+00 , 1.047198e+00 , 1.047198e+00 , 1.047198e+00 , 1.047198e+00 , 1.047198e+00 , 1.047198e+00 , 1.047198e+00 , 1.047198e+00 , 1.047198e+00 , 1.047198e+00 , 1.047198e+00 , 1.047198e+00 , 1.047198e+00 , 1.047198e+00 , 1.047198e+00 , 1.047198e+00 , 1.047198e+00 , 1.047198e+00 , 1.047198e+00 , 1.047198e+00 , 1.047198e+00 , 1.047198e+00 , 1.047198e+00 , 1.047198e+00 , 1.047198e+00 , 1.047198e+00 , 1.047198e+00 , 1.047198e+00 , 1.047198e+00 , 1.047198e+00 , 1.047198e+00 , 1.047198e+00 , 1.047198e+00 , 1.047198e+00 , 1.047198e+00 , 1.047198e+00 , 1.047198e+00 , 1.047198e+00 , 1.047198e+00 , 1.047198e+00 , 1.047198e+00 , 1.047198e+00 , 1.047198e+00 , 1.047198e+00 , 1.047198e+00 , 1.047198e+00 , 1.047198e+00 , 1.047198e+00 ,]
