% ground truth for sim_inc150_az260.tif
% settings
number_of_spots = 50
pixel_size_nm = 51.200
image_size_nm = 14142.136
image_size_px = 275
wavelength = 500
par.objectiveNA = 2.17
objectiveFocalLength = 770
par.refractiveIndices = [1.310000e+00 , 2.170000e+00 , 2.170000e+00 ,]
par.nDiscretizationBFP = 129
par.backgroundNoise = 0.020
par.nPhotons = 500
positionX_nm_array = [-1.506543e+03 ,  5.285353e+02 ,  4.910949e+03 ,  3.897954e+03 ,  3.430503e+03 , -4.040794e+03 , -6.483344e+02 ,  3.906783e+02 , -3.029892e+03 ,  6.687976e+02 , -4.463443e+03 ,  1.890886e+03 ,  8.357721e+02 , -2.727416e+03 ,  4.209815e+03 ,  2.835255e+03 , -1.121975e+03 ,  1.893505e+03 ,  4.197201e+03 ,  1.756423e+03 ,  2.044922e+03 , -4.662219e+03 ,  2.556622e+03 , -3.409957e+02 ,  2.403608e+03 ,  3.157609e+02 ,  3.787264e+03 , -4.164219e+03 , -2.036124e+03 , -4.010040e+03 ,  4.458467e+03 , -3.596860e+03 , -2.186761e+03 ,  3.745286e+02 , -3.321397e+03 , -3.271320e+03 , -2.443574e+02 , -4.749210e+03 ,  3.668394e+03 ,  1.052328e+03 , -1.838809e+03 , -2.888917e+03 , -4.403808e+03 , -4.907732e+02 , -2.254664e+03 , -4.631280e+03 ,  2.774717e+03 , -7.313111e+02 , -4.264030e+03 ,  9.365606e+02 ,]
positionY_nm_array = [2.199575e+03 ,  4.646858e+03 , -2.187364e+03 , -1.157399e+03 , -2.849734e+03 ,  5.095161e+02 , -4.627480e+03 , -1.097135e+03 ,  2.151080e+03 ,  1.349621e+03 , -3.743299e+03 ,  2.255443e+02 , -3.653545e+03 ,  6.698579e+02 ,  4.728172e+03 ,  2.220034e+03 , -1.327900e+03 , -1.045680e+03 ,  2.863994e+03 ,  4.317195e+03 , -3.233580e+03 , -3.470723e+02 , -4.468377e+03 ,  2.011415e+03 ,  1.237878e+03 ,  3.415384e+03 , -3.140937e+01 ,  3.340132e+03 , -4.110537e+03 , -2.707638e+03 , -3.696712e+03 , -7.931732e+02 , -1.387234e+03 , -4.774339e+03 ,  4.601320e+03 , -4.205424e+03 , -1.312583e+02 , -4.764026e+03 ,  3.767844e+03 , -2.582972e+03 ,  3.671651e+03 , -2.857056e+03 ,  4.428961e+03 ,  4.725705e+03 ,  4.815222e+03 , -1.724408e+03 , -3.818587e+02 ,  3.385870e+03 ,  2.063593e+03 ,  2.568186e+03 ,]
angleInclination_array = [2.617994e+00 , 2.617994e+00 , 2.617994e+00 , 2.617994e+00 , 2.617994e+00 , 2.617994e+00 , 2.617994e+00 , 2.617994e+00 , 2.617994e+00 , 2.617994e+00 , 2.617994e+00 , 2.617994e+00 , 2.617994e+00 , 2.617994e+00 , 2.617994e+00 , 2.617994e+00 , 2.617994e+00 , 2.617994e+00 , 2.617994e+00 , 2.617994e+00 , 2.617994e+00 , 2.617994e+00 , 2.617994e+00 , 2.617994e+00 , 2.617994e+00 , 2.617994e+00 , 2.617994e+00 , 2.617994e+00 , 2.617994e+00 , 2.617994e+00 , 2.617994e+00 , 2.617994e+00 , 2.617994e+00 , 2.617994e+00 , 2.617994e+00 , 2.617994e+00 , 2.617994e+00 , 2.617994e+00 , 2.617994e+00 , 2.617994e+00 , 2.617994e+00 , 2.617994e+00 , 2.617994e+00 , 2.617994e+00 , 2.617994e+00 , 2.617994e+00 , 2.617994e+00 , 2.617994e+00 , 2.617994e+00 , 2.617994e+00 ,]
angleAzimuth_array = [4.537856e+00 , 4.537856e+00 , 4.537856e+00 , 4.537856e+00 , 4.537856e+00 , 4.537856e+00 , 4.537856e+00 , 4.537856e+00 , 4.537856e+00 , 4.537856e+00 , 4.537856e+00 , 4.537856e+00 , 4.537856e+00 , 4.537856e+00 , 4.537856e+00 , 4.537856e+00 , 4.537856e+00 , 4.537856e+00 , 4.537856e+00 , 4.537856e+00 , 4.537856e+00 , 4.537856e+00 , 4.537856e+00 , 4.537856e+00 , 4.537856e+00 , 4.537856e+00 , 4.537856e+00 , 4.537856e+00 , 4.537856e+00 , 4.537856e+00 , 4.537856e+00 , 4.537856e+00 , 4.537856e+00 , 4.537856e+00 , 4.537856e+00 , 4.537856e+00 , 4.537856e+00 , 4.537856e+00 , 4.537856e+00 , 4.537856e+00 , 4.537856e+00 , 4.537856e+00 , 4.537856e+00 , 4.537856e+00 , 4.537856e+00 , 4.537856e+00 , 4.537856e+00 , 4.537856e+00 , 4.537856e+00 , 4.537856e+00 ,]
