% ground truth for sim_inc170_az120.tif
% settings
number_of_spots = 50
pixel_size_nm = 51.200
image_size_nm = 14142.136
image_size_px = 275
wavelength = 500
par.objectiveNA = 2.17
objectiveFocalLength = 770
par.refractiveIndices = [1.310000e+00 , 2.170000e+00 , 2.170000e+00 ,]
par.nDiscretizationBFP = 129
par.backgroundNoise = 0.020
par.nPhotons = 500
positionX_nm_array = [-1.143480e+03 ,  2.769076e+03 , -4.944600e+03 , -4.518453e+03 , -2.663495e+02 , -2.835958e+03 ,  2.063124e+03 ,  3.259167e+03 , -3.290431e+03 , -1.902805e+03 ,  4.575739e+03 ,  3.184156e+03 ,  3.085598e+03 , -2.175488e+03 , -1.800727e+03 , -4.107748e+03 ,  8.920229e+01 ,  1.788381e+03 ,  1.304585e+03 ,  4.614478e+03 ,  7.551117e+02 ,  2.206259e+03 ,  1.518023e+03 , -3.443962e+03 ,  2.682242e+02 , -3.188284e+03 , -4.915605e+03 , -1.814753e+03 ,  4.530305e+03 ,  1.522993e+03 , -1.654466e+03 , -4.814331e+03 , -1.515737e+03 ,  3.613963e+03 , -5.831484e+02 , -3.305542e+03 ,  3.467950e+03 ,  3.854101e+02 ,  4.707441e+03 , -1.988023e+03 , -3.217956e+02 , -3.046266e+03 ,  8.240165e+02 , -5.983983e+02 , -3.803085e+02 ,  2.468480e+03 , -3.573882e+03 ,  4.579917e+03 , -7.679273e+02 ,  4.222919e+03 ,]
positionY_nm_array = [8.762952e+02 ,  9.156812e+02 ,  2.402786e+03 , -4.836075e+03 ,  1.911862e+03 ,  1.473567e+03 , -3.905392e+03 , -1.680330e+03 , -3.552369e+03 ,  2.873311e+03 ,  6.029529e+02 , -3.510697e+02 ,  4.661182e+03 , -7.070537e+01 , -3.290455e+03 ,  1.383666e+03 ,  4.408225e+03 , -1.114297e+03 ,  4.798495e+03 ,  3.778421e+03 , -4.303067e+03 ,  2.708597e+03 ,  1.814185e+02 ,  4.863941e+02 ,  2.063743e+02 , -2.497917e+03 ,  4.142574e+03 ,  1.700205e+03 , -3.232268e+03 , -2.547961e+03 , -4.674897e+03 , -1.635092e+03 , -1.827599e+03 , -4.583732e+03 , -4.888699e+03 ,  2.575246e+03 ,  2.314693e+03 ,  2.892177e+03 ,  2.612848e+03 ,  4.222140e+03 , -2.870169e+03 ,  4.430723e+03 , -1.827212e+03 , -4.940707e+02 , -1.671560e+03 ,  3.782940e+03 , -1.135471e+03 , -1.081076e+03 ,  3.356853e+03 ,  4.749715e+03 ,]
angleInclination_array = [2.967060e+00 , 2.967060e+00 , 2.967060e+00 , 2.967060e+00 , 2.967060e+00 , 2.967060e+00 , 2.967060e+00 , 2.967060e+00 , 2.967060e+00 , 2.967060e+00 , 2.967060e+00 , 2.967060e+00 , 2.967060e+00 , 2.967060e+00 , 2.967060e+00 , 2.967060e+00 , 2.967060e+00 , 2.967060e+00 , 2.967060e+00 , 2.967060e+00 , 2.967060e+00 , 2.967060e+00 , 2.967060e+00 , 2.967060e+00 , 2.967060e+00 , 2.967060e+00 , 2.967060e+00 , 2.967060e+00 , 2.967060e+00 , 2.967060e+00 , 2.967060e+00 , 2.967060e+00 , 2.967060e+00 , 2.967060e+00 , 2.967060e+00 , 2.967060e+00 , 2.967060e+00 , 2.967060e+00 , 2.967060e+00 , 2.967060e+00 , 2.967060e+00 , 2.967060e+00 , 2.967060e+00 , 2.967060e+00 , 2.967060e+00 , 2.967060e+00 , 2.967060e+00 , 2.967060e+00 , 2.967060e+00 , 2.967060e+00 ,]
angleAzimuth_array = [2.094395e+00 , 2.094395e+00 , 2.094395e+00 , 2.094395e+00 , 2.094395e+00 , 2.094395e+00 , 2.094395e+00 , 2.094395e+00 , 2.094395e+00 , 2.094395e+00 , 2.094395e+00 , 2.094395e+00 , 2.094395e+00 , 2.094395e+00 , 2.094395e+00 , 2.094395e+00 , 2.094395e+00 , 2.094395e+00 , 2.094395e+00 , 2.094395e+00 , 2.094395e+00 , 2.094395e+00 , 2.094395e+00 , 2.094395e+00 , 2.094395e+00 , 2.094395e+00 , 2.094395e+00 , 2.094395e+00 , 2.094395e+00 , 2.094395e+00 , 2.094395e+00 , 2.094395e+00 , 2.094395e+00 , 2.094395e+00 , 2.094395e+00 , 2.094395e+00 , 2.094395e+00 , 2.094395e+00 , 2.094395e+00 , 2.094395e+00 , 2.094395e+00 , 2.094395e+00 , 2.094395e+00 , 2.094395e+00 , 2.094395e+00 , 2.094395e+00 , 2.094395e+00 , 2.094395e+00 , 2.094395e+00 , 2.094395e+00 ,]
