% ground truth for sim_inc0_az20.tif
% settings
number_of_spots = 50
pixel_size_nm = 51.200
image_size_nm = 14142.136
image_size_px = 275
wavelength = 500
par.objectiveNA = 2.17
objectiveFocalLength = 770
par.refractiveIndices = [1.310000e+00 , 2.170000e+00 , 2.170000e+00 ,]
par.nDiscretizationBFP = 129
par.backgroundNoise = 0.020
par.nPhotons = 500
positionX_nm_array = [1.910519e+02 , -1.686381e+03 ,  3.352355e+03 ,  2.698926e+03 ,  4.840682e+03 ,  4.865538e+02 ,  4.394407e+03 , -2.079781e+03 ,  1.976060e+03 ,  4.245548e+03 , -2.880656e+03 , -3.305747e+03 ,  8.473233e+02 ,  9.880300e+01 , -2.991767e+03 ,  3.738898e+03 ,  4.345729e+03 ,  1.122299e+03 ,  1.554410e+03 , -4.041434e+03 , -6.127856e+02 ,  1.011194e+03 ,  3.575204e+03 ,  1.804680e+03 , -2.264215e+03 , -2.930967e+03 , -3.677196e+03 , -6.290133e+02 ,  2.062255e+03 , -4.494685e+03 , -4.442803e+03 , -1.712768e+03 ,  3.715651e+03 ,  4.528656e+03 ,  2.831890e+03 , -2.115508e+03 , -4.411247e+03 , -6.973887e+02 , -4.709771e+03 ,  2.518588e+03 ,  1.634374e+03 , -1.111565e+03 ,  4.292124e+03 ,  3.529655e+03 ,  2.178886e+03 , -2.458623e+03 , -4.889774e+03 , -3.067765e+03 , -1.668609e+03 , -1.381667e+02 ,]
positionY_nm_array = [-2.853642e+03 , -6.535475e+02 , -7.564753e+00 ,  1.435494e+03 , -2.925118e+03 ,  1.347067e+03 ,  4.639947e+03 , -4.466628e+03 ,  3.375521e+03 , -1.736967e+03 ,  1.361365e+03 , -1.755756e+03 , -7.377228e+02 ,  4.049146e+03 ,  4.807059e+03 ,  2.376839e+03 ,  1.104842e+03 , -3.391082e+03 , -1.642380e+03 ,  3.493403e+03 , -1.732115e+03 , -4.470856e+03 , -3.704382e+03 ,  2.201568e+03 ,  2.312155e+03 ,  2.369737e+02 , -6.466296e+02 ,  2.177959e+03 , -7.311801e+02 ,  1.969087e+02 , -4.500160e+03 ,  3.843056e+03 , -4.793986e+03 , -6.695656e+02 ,  4.599122e+03 , -1.734295e+03 ,  4.584668e+03 ,  3.181702e+03 , -1.523220e+03 , -3.503381e+03 ,  4.772827e+03 , -3.824307e+03 ,  3.264940e+03 , -2.588443e+03 ,  5.315171e+02 , -3.495578e+03 , -3.288627e+03 , -4.931689e+03 ,  1.116211e+03 , -4.153015e+03 ,]
angleInclination_array = [0 , 0 , 0 , 0 , 0 , 0 , 0 , 0 , 0 , 0 , 0 , 0 , 0 , 0 , 0 , 0 , 0 , 0 , 0 , 0 , 0 , 0 , 0 , 0 , 0 , 0 , 0 , 0 , 0 , 0 , 0 , 0 , 0 , 0 , 0 , 0 , 0 , 0 , 0 , 0 , 0 , 0 , 0 , 0 , 0 , 0 , 0 , 0 , 0 , 0 ,]
angleAzimuth_array = [3.490659e-01 , 3.490659e-01 , 3.490659e-01 , 3.490659e-01 , 3.490659e-01 , 3.490659e-01 , 3.490659e-01 , 3.490659e-01 , 3.490659e-01 , 3.490659e-01 , 3.490659e-01 , 3.490659e-01 , 3.490659e-01 , 3.490659e-01 , 3.490659e-01 , 3.490659e-01 , 3.490659e-01 , 3.490659e-01 , 3.490659e-01 , 3.490659e-01 , 3.490659e-01 , 3.490659e-01 , 3.490659e-01 , 3.490659e-01 , 3.490659e-01 , 3.490659e-01 , 3.490659e-01 , 3.490659e-01 , 3.490659e-01 , 3.490659e-01 , 3.490659e-01 , 3.490659e-01 , 3.490659e-01 , 3.490659e-01 , 3.490659e-01 , 3.490659e-01 , 3.490659e-01 , 3.490659e-01 , 3.490659e-01 , 3.490659e-01 , 3.490659e-01 , 3.490659e-01 , 3.490659e-01 , 3.490659e-01 , 3.490659e-01 , 3.490659e-01 , 3.490659e-01 , 3.490659e-01 , 3.490659e-01 , 3.490659e-01 ,]
