% ground truth for sim_inc180_az220.tif
% settings
number_of_spots = 50
pixel_size_nm = 51.200
image_size_nm = 14142.136
image_size_px = 275
wavelength = 500
par.objectiveNA = 2.17
objectiveFocalLength = 770
par.refractiveIndices = [1.310000e+00 , 2.170000e+00 , 2.170000e+00 ,]
par.nDiscretizationBFP = 129
par.backgroundNoise = 0.020
par.nPhotons = 500
positionX_nm_array = [2.572015e+03 ,  3.802446e+03 , -3.268033e+03 , -1.097914e+03 , -7.247796e+02 ,  3.225649e+03 , -2.375973e+03 ,  1.228980e+02 ,  2.093376e+03 , -5.029060e+02 ,  1.275353e+03 , -2.542098e+02 , -4.202148e+03 ,  2.115657e+03 ,  2.990946e+03 , -2.148377e+03 , -2.548146e+03 , -2.373515e+03 ,  4.454657e+03 ,  4.941324e+03 ,  2.370370e+02 ,  4.502410e+03 , -4.326487e+03 , -4.772687e+03 , -4.680018e+03 , -1.463692e+03 , -4.049942e+03 ,  1.540095e+03 , -3.774302e+03 , -3.568769e+02 ,  1.166392e+03 ,  1.217275e+03 ,  3.203473e+03 ,  4.255688e+03 ,  3.770192e+03 , -4.867902e+03 , -3.065856e+03 ,  4.825874e+03 , -6.582002e+02 , -4.818524e+03 ,  2.125812e+03 , -2.233414e+03 ,  4.847349e+03 , -3.115235e+03 ,  2.407081e+03 , -1.020581e+03 , -1.584846e+03 ,  2.659588e+03 ,  1.215193e+03 ,  4.699983e+02 ,]
positionY_nm_array = [-2.448946e+03 ,  6.119593e+02 ,  1.936030e+03 , -2.985586e+02 , -3.963464e+03 , -3.493826e+03 ,  4.114186e+03 ,  1.827820e+03 ,  2.436615e+03 ,  9.619751e+02 , -3.608045e+03 ,  4.097432e+03 ,  4.277537e+03 ,  1.155095e+03 ,  4.398068e+03 , -3.268928e+03 , -2.120782e+03 , -4.722547e+03 , -3.920477e+03 ,  2.005336e+03 , -1.462946e+03 , -1.931691e+03 , -1.676947e+02 , -1.468752e+03 ,  8.073330e+02 , -1.307167e+03 , -2.248595e+03 ,  2.618674e+02 , -4.459726e+03 , -2.904903e+03 , -1.859344e+03 ,  4.847243e+03 ,  2.576435e+03 , -5.426464e+02 , -4.684795e+03 , -3.596519e+03 ,  2.709302e+02 ,  3.942587e+03 ,  2.960666e+03 ,  3.251334e+03 , -4.352321e+03 ,  2.057535e+03 ,  2.865403e+02 , -7.930195e+02 ,  3.428968e+03 ,  1.919208e+03 ,  8.982358e+02 , -6.338635e+02 , -4.768558e+03 , -4.643489e+02 ,]
angleInclination_array = [3.141593e+00 , 3.141593e+00 , 3.141593e+00 , 3.141593e+00 , 3.141593e+00 , 3.141593e+00 , 3.141593e+00 , 3.141593e+00 , 3.141593e+00 , 3.141593e+00 , 3.141593e+00 , 3.141593e+00 , 3.141593e+00 , 3.141593e+00 , 3.141593e+00 , 3.141593e+00 , 3.141593e+00 , 3.141593e+00 , 3.141593e+00 , 3.141593e+00 , 3.141593e+00 , 3.141593e+00 , 3.141593e+00 , 3.141593e+00 , 3.141593e+00 , 3.141593e+00 , 3.141593e+00 , 3.141593e+00 , 3.141593e+00 , 3.141593e+00 , 3.141593e+00 , 3.141593e+00 , 3.141593e+00 , 3.141593e+00 , 3.141593e+00 , 3.141593e+00 , 3.141593e+00 , 3.141593e+00 , 3.141593e+00 , 3.141593e+00 , 3.141593e+00 , 3.141593e+00 , 3.141593e+00 , 3.141593e+00 , 3.141593e+00 , 3.141593e+00 , 3.141593e+00 , 3.141593e+00 , 3.141593e+00 , 3.141593e+00 ,]
angleAzimuth_array = [3.839724e+00 , 3.839724e+00 , 3.839724e+00 , 3.839724e+00 , 3.839724e+00 , 3.839724e+00 , 3.839724e+00 , 3.839724e+00 , 3.839724e+00 , 3.839724e+00 , 3.839724e+00 , 3.839724e+00 , 3.839724e+00 , 3.839724e+00 , 3.839724e+00 , 3.839724e+00 , 3.839724e+00 , 3.839724e+00 , 3.839724e+00 , 3.839724e+00 , 3.839724e+00 , 3.839724e+00 , 3.839724e+00 , 3.839724e+00 , 3.839724e+00 , 3.839724e+00 , 3.839724e+00 , 3.839724e+00 , 3.839724e+00 , 3.839724e+00 , 3.839724e+00 , 3.839724e+00 , 3.839724e+00 , 3.839724e+00 , 3.839724e+00 , 3.839724e+00 , 3.839724e+00 , 3.839724e+00 , 3.839724e+00 , 3.839724e+00 , 3.839724e+00 , 3.839724e+00 , 3.839724e+00 , 3.839724e+00 , 3.839724e+00 , 3.839724e+00 , 3.839724e+00 , 3.839724e+00 , 3.839724e+00 , 3.839724e+00 ,]
