% ground truth for sim_inc140_az320.tif
% settings
number_of_spots = 50
pixel_size_nm = 51.200
image_size_nm = 14142.136
image_size_px = 275
wavelength = 500
par.objectiveNA = 2.17
objectiveFocalLength = 770
par.refractiveIndices = [1.310000e+00 , 2.170000e+00 , 2.170000e+00 ,]
par.nDiscretizationBFP = 129
par.backgroundNoise = 0.020
par.nPhotons = 500
positionX_nm_array = [-4.292851e+02 , -2.973284e+03 ,  3.478125e+03 ,  3.635580e+03 ,  3.697361e+03 , -4.818111e+03 , -5.629404e+02 ,  2.573107e+03 , -3.628110e+03 , -4.375558e+03 ,  3.685223e+02 ,  4.446413e+03 ,  1.630299e+03 , -3.875578e+03 ,  5.940135e+02 , -2.483513e+03 , -1.702859e+03 , -4.106907e+03 ,  2.573807e+03 ,  2.711956e+03 ,  3.815139e+03 , -1.353055e+03 , -1.703521e+03 , -1.864419e+03 ,  1.297458e+03 , -2.551482e+03 ,  1.260868e+03 ,  4.778198e+02 , -4.794838e+03 ,  4.863822e+03 ,  2.527144e+03 ,  1.137308e+03 ,  4.787211e+03 ,  1.847208e+03 , -4.602197e+03 , -5.779529e+02 ,  2.477418e+03 ,  4.739108e+03 ,  3.724971e+03 ,  3.860627e+02 , -1.067434e+03 , -2.132473e+03 ,  9.921107e+01 , -4.655370e+03 , -3.443659e+03 , -7.601669e+02 , -1.056333e+03 , -3.596809e+03 ,  1.941205e+03 ,  3.870848e+03 ,]
positionY_nm_array = [-1.781075e+03 , -1.133923e+02 ,  1.633715e+03 , -3.705233e+03 ,  4.393330e+02 ,  1.705247e+02 ,  2.906307e+03 ,  2.468219e+03 , -3.513262e+03 ,  4.711656e+03 ,  4.415257e+03 ,  2.947028e+03 ,  1.918796e+03 , -1.988827e+03 , -3.878507e+03 ,  3.486829e+03 , -2.110918e+03 ,  1.773715e+03 , -3.415103e+03 ,  3.980136e+03 ,  4.705134e+03 , -5.918338e+02 ,  1.210390e+03 ,  2.483276e+03 , -4.469441e+02 , -4.752682e+03 ,  3.148116e+03 ,  1.096264e+03 , -3.003214e+03 ,  1.566929e+03 , -1.046304e+03 , -2.773674e+03 , -2.039936e+03 , -4.394687e+03 ,  3.185221e+03 ,  4.057382e+03 ,  1.403055e+02 , -9.177943e+02 , -1.155739e+03 , -9.235833e+02 , -3.598665e+03 , -3.454215e+03 , -2.851433e+03 , -4.036523e+03 ,  9.613757e+02 ,  6.589536e+02 , -4.772724e+03 ,  3.768852e+03 ,  4.661837e+03 , -4.895649e+03 ,]
angleInclination_array = [2.443461e+00 , 2.443461e+00 , 2.443461e+00 , 2.443461e+00 , 2.443461e+00 , 2.443461e+00 , 2.443461e+00 , 2.443461e+00 , 2.443461e+00 , 2.443461e+00 , 2.443461e+00 , 2.443461e+00 , 2.443461e+00 , 2.443461e+00 , 2.443461e+00 , 2.443461e+00 , 2.443461e+00 , 2.443461e+00 , 2.443461e+00 , 2.443461e+00 , 2.443461e+00 , 2.443461e+00 , 2.443461e+00 , 2.443461e+00 , 2.443461e+00 , 2.443461e+00 , 2.443461e+00 , 2.443461e+00 , 2.443461e+00 , 2.443461e+00 , 2.443461e+00 , 2.443461e+00 , 2.443461e+00 , 2.443461e+00 , 2.443461e+00 , 2.443461e+00 , 2.443461e+00 , 2.443461e+00 , 2.443461e+00 , 2.443461e+00 , 2.443461e+00 , 2.443461e+00 , 2.443461e+00 , 2.443461e+00 , 2.443461e+00 , 2.443461e+00 , 2.443461e+00 , 2.443461e+00 , 2.443461e+00 , 2.443461e+00 ,]
angleAzimuth_array = [5.585054e+00 , 5.585054e+00 , 5.585054e+00 , 5.585054e+00 , 5.585054e+00 , 5.585054e+00 , 5.585054e+00 , 5.585054e+00 , 5.585054e+00 , 5.585054e+00 , 5.585054e+00 , 5.585054e+00 , 5.585054e+00 , 5.585054e+00 , 5.585054e+00 , 5.585054e+00 , 5.585054e+00 , 5.585054e+00 , 5.585054e+00 , 5.585054e+00 , 5.585054e+00 , 5.585054e+00 , 5.585054e+00 , 5.585054e+00 , 5.585054e+00 , 5.585054e+00 , 5.585054e+00 , 5.585054e+00 , 5.585054e+00 , 5.585054e+00 , 5.585054e+00 , 5.585054e+00 , 5.585054e+00 , 5.585054e+00 , 5.585054e+00 , 5.585054e+00 , 5.585054e+00 , 5.585054e+00 , 5.585054e+00 , 5.585054e+00 , 5.585054e+00 , 5.585054e+00 , 5.585054e+00 , 5.585054e+00 , 5.585054e+00 , 5.585054e+00 , 5.585054e+00 , 5.585054e+00 , 5.585054e+00 , 5.585054e+00 ,]
