% ground truth for sim_inc90_az20.tif
% settings
number_of_spots = 50
pixel_size_nm = 51.200
image_size_nm = 14142.136
image_size_px = 275
wavelength = 500
par.objectiveNA = 2.17
objectiveFocalLength = 770
par.refractiveIndices = [1.310000e+00 , 2.170000e+00 , 2.170000e+00 ,]
par.nDiscretizationBFP = 129
par.backgroundNoise = 0.020
par.nPhotons = 500
positionX_nm_array = [6.981795e+02 ,  1.020095e+02 , -1.201483e+03 ,  1.433417e+03 , -1.875503e+03 , -3.655880e+03 , -3.411128e+03 ,  2.571783e+03 , -4.188439e+01 , -3.838588e+03 , -1.200141e+03 , -2.248286e+03 ,  3.299129e+03 ,  1.290578e+03 ,  4.391442e+03 ,  1.252965e+03 ,  1.727711e+03 ,  2.655272e+03 , -4.404326e+03 , -3.129048e+03 ,  3.222592e+03 , -2.226071e+03 , -2.082590e+03 ,  4.495658e+03 ,  4.913383e+03 , -3.669452e+03 , -4.722686e+03 ,  3.824893e+03 ,  2.605478e+03 ,  1.225850e+03 ,  3.748248e+03 , -4.364511e+03 , -1.771624e+03 , -1.393702e+03 , -4.304316e+03 , -1.105620e+03 ,  2.989800e+03 , -2.906061e+03 , -4.909412e+03 ,  3.979040e+02 , -5.399943e+02 ,  4.823851e+03 , -1.052442e+03 ,  1.681022e+00 ,  7.488599e+02 ,  3.848841e+03 ,  2.735526e+03 ,  5.109677e+01 ,  4.127919e+03 , -2.445814e+03 ,]
positionY_nm_array = [-1.943989e+03 ,  3.865156e+03 , -1.376369e+03 ,  2.762573e+03 ,  4.120022e+03 ,  2.204249e+03 ,  4.713934e+03 , -2.071384e+03 , -4.466796e+03 ,  6.075839e+02 , -4.751669e+03 , -1.904390e+02 , -3.139475e+03 , -4.236004e+03 , -2.969819e+03 ,  9.125095e+02 , -9.789966e+02 ,  2.033773e+03 , -4.827175e+03 , -3.156535e+03 ,  3.863094e+03 , -4.186445e+03 ,  1.947379e+03 ,  4.841275e+03 , -4.454527e+03 , -1.687150e+03 ,  1.527351e+03 ,  2.728431e+03 , -4.696283e+03 ,  4.761419e+03 ,  1.637202e+03 ,  4.087762e+03 ,  8.205578e+02 , -2.459484e+03 , -5.294538e+02 , -3.667734e+03 , -5.712099e+02 ,  3.258159e+03 , -3.118677e+03 ,  1.387052e+02 ,  1.002306e+03 ,  3.763588e+03 ,  2.419509e+03 ,  2.156551e+03 , -3.230155e+03 ,  1.220102e+02 ,  6.016984e+02 , -9.985572e+02 , -1.404632e+03 , -1.917329e+03 ,]
angleInclination_array = [1.570796e+00 , 1.570796e+00 , 1.570796e+00 , 1.570796e+00 , 1.570796e+00 , 1.570796e+00 , 1.570796e+00 , 1.570796e+00 , 1.570796e+00 , 1.570796e+00 , 1.570796e+00 , 1.570796e+00 , 1.570796e+00 , 1.570796e+00 , 1.570796e+00 , 1.570796e+00 , 1.570796e+00 , 1.570796e+00 , 1.570796e+00 , 1.570796e+00 , 1.570796e+00 , 1.570796e+00 , 1.570796e+00 , 1.570796e+00 , 1.570796e+00 , 1.570796e+00 , 1.570796e+00 , 1.570796e+00 , 1.570796e+00 , 1.570796e+00 , 1.570796e+00 , 1.570796e+00 , 1.570796e+00 , 1.570796e+00 , 1.570796e+00 , 1.570796e+00 , 1.570796e+00 , 1.570796e+00 , 1.570796e+00 , 1.570796e+00 , 1.570796e+00 , 1.570796e+00 , 1.570796e+00 , 1.570796e+00 , 1.570796e+00 , 1.570796e+00 , 1.570796e+00 , 1.570796e+00 , 1.570796e+00 , 1.570796e+00 ,]
angleAzimuth_array = [3.490659e-01 , 3.490659e-01 , 3.490659e-01 , 3.490659e-01 , 3.490659e-01 , 3.490659e-01 , 3.490659e-01 , 3.490659e-01 , 3.490659e-01 , 3.490659e-01 , 3.490659e-01 , 3.490659e-01 , 3.490659e-01 , 3.490659e-01 , 3.490659e-01 , 3.490659e-01 , 3.490659e-01 , 3.490659e-01 , 3.490659e-01 , 3.490659e-01 , 3.490659e-01 , 3.490659e-01 , 3.490659e-01 , 3.490659e-01 , 3.490659e-01 , 3.490659e-01 , 3.490659e-01 , 3.490659e-01 , 3.490659e-01 , 3.490659e-01 , 3.490659e-01 , 3.490659e-01 , 3.490659e-01 , 3.490659e-01 , 3.490659e-01 , 3.490659e-01 , 3.490659e-01 , 3.490659e-01 , 3.490659e-01 , 3.490659e-01 , 3.490659e-01 , 3.490659e-01 , 3.490659e-01 , 3.490659e-01 , 3.490659e-01 , 3.490659e-01 , 3.490659e-01 , 3.490659e-01 , 3.490659e-01 , 3.490659e-01 ,]
