% ground truth for sim_inc30_az220.tif
% settings
number_of_spots = 50
pixel_size_nm = 51.200
image_size_nm = 14142.136
image_size_px = 275
wavelength = 500
par.objectiveNA = 2.17
objectiveFocalLength = 770
par.refractiveIndices = [1.310000e+00 , 2.170000e+00 , 2.170000e+00 ,]
par.nDiscretizationBFP = 129
par.backgroundNoise = 0.020
par.nPhotons = 500
positionX_nm_array = [4.511637e+03 , -1.978249e+03 ,  2.289307e+03 , -3.399965e+03 ,  4.241443e+02 , -4.857896e+02 ,  1.967377e+03 , -1.177846e+03 ,  2.771295e+03 ,  1.908599e+03 , -2.495071e+03 ,  2.371450e+03 , -2.040812e+03 , -2.089376e+03 , -3.380958e+03 , -4.835560e+03 ,  3.717537e+03 ,  1.038472e+03 ,  4.736741e+03 , -4.100527e+02 ,  3.401106e+03 , -4.275389e+03 ,  4.410336e+03 , -1.154902e+03 , -3.506007e+03 , -1.314117e+01 ,  4.436342e+03 , -1.107617e+03 ,  1.171862e+03 ,  1.805864e+02 , -4.370405e+03 , -7.230840e+00 ,  3.440552e+03 ,  4.796607e+03 , -4.006685e+03 , -1.221890e+03 , -3.510663e+03 ,  4.071279e+03 , -2.220995e+03 ,  2.391988e+03 , -3.454761e+03 ,  1.485371e+03 , -2.754313e+03 , -1.184144e+02 , -2.036462e+03 ,  3.861376e+03 ,  8.638075e+02 , -1.168621e+03 ,  1.877424e+03 , -1.588713e+03 ,]
positionY_nm_array = [-1.701797e+03 , -3.054430e+03 ,  3.515376e+03 , -4.750766e+03 ,  1.630045e+03 , -4.603036e+03 , -1.544700e+03 ,  2.561904e+03 ,  2.494879e+03 ,  1.026367e+03 , -4.640528e+02 , -2.728165e+03 ,  4.636026e+03 ,  2.085576e+03 ,  3.584803e+03 ,  2.907350e+03 , -4.784019e+03 ,  2.956817e+03 , -4.325127e+03 , -2.725842e+03 ,  4.806713e+03 , -1.984586e+03 ,  4.785448e+03 ,  3.887840e+03 ,  1.402083e+03 , -1.619172e+03 , -1.895341e+02 , -1.747415e+03 , -4.915022e+03 ,  3.132209e+02 , -3.764784e+03 ,  3.185385e+03 ,  4.173788e+01 ,  3.434313e+03 ,  4.842848e+03 ,  6.577130e+01 , -3.576366e+02 ,  1.376821e+03 ,  9.083461e+02 , -4.643218e+03 , -2.831781e+03 ,  4.470174e+03 , -3.910568e+03 ,  4.193826e+03 ,  3.113990e+03 ,  2.910589e+03 , -2.663100e+03 ,  1.226712e+03 , -2.578629e+02 , -4.513056e+03 ,]
angleInclination_array = [5.235988e-01 , 5.235988e-01 , 5.235988e-01 , 5.235988e-01 , 5.235988e-01 , 5.235988e-01 , 5.235988e-01 , 5.235988e-01 , 5.235988e-01 , 5.235988e-01 , 5.235988e-01 , 5.235988e-01 , 5.235988e-01 , 5.235988e-01 , 5.235988e-01 , 5.235988e-01 , 5.235988e-01 , 5.235988e-01 , 5.235988e-01 , 5.235988e-01 , 5.235988e-01 , 5.235988e-01 , 5.235988e-01 , 5.235988e-01 , 5.235988e-01 , 5.235988e-01 , 5.235988e-01 , 5.235988e-01 , 5.235988e-01 , 5.235988e-01 , 5.235988e-01 , 5.235988e-01 , 5.235988e-01 , 5.235988e-01 , 5.235988e-01 , 5.235988e-01 , 5.235988e-01 , 5.235988e-01 , 5.235988e-01 , 5.235988e-01 , 5.235988e-01 , 5.235988e-01 , 5.235988e-01 , 5.235988e-01 , 5.235988e-01 , 5.235988e-01 , 5.235988e-01 , 5.235988e-01 , 5.235988e-01 , 5.235988e-01 ,]
angleAzimuth_array = [3.839724e+00 , 3.839724e+00 , 3.839724e+00 , 3.839724e+00 , 3.839724e+00 , 3.839724e+00 , 3.839724e+00 , 3.839724e+00 , 3.839724e+00 , 3.839724e+00 , 3.839724e+00 , 3.839724e+00 , 3.839724e+00 , 3.839724e+00 , 3.839724e+00 , 3.839724e+00 , 3.839724e+00 , 3.839724e+00 , 3.839724e+00 , 3.839724e+00 , 3.839724e+00 , 3.839724e+00 , 3.839724e+00 , 3.839724e+00 , 3.839724e+00 , 3.839724e+00 , 3.839724e+00 , 3.839724e+00 , 3.839724e+00 , 3.839724e+00 , 3.839724e+00 , 3.839724e+00 , 3.839724e+00 , 3.839724e+00 , 3.839724e+00 , 3.839724e+00 , 3.839724e+00 , 3.839724e+00 , 3.839724e+00 , 3.839724e+00 , 3.839724e+00 , 3.839724e+00 , 3.839724e+00 , 3.839724e+00 , 3.839724e+00 , 3.839724e+00 , 3.839724e+00 , 3.839724e+00 , 3.839724e+00 , 3.839724e+00 ,]
