% ground truth for sim_inc10_az160.tif
% settings
number_of_spots = 50
pixel_size_nm = 51.200
image_size_nm = 14142.136
image_size_px = 275
wavelength = 500
par.objectiveNA = 2.17
objectiveFocalLength = 770
par.refractiveIndices = [1.310000e+00 , 2.170000e+00 , 2.170000e+00 ,]
par.nDiscretizationBFP = 129
par.backgroundNoise = 0.020
par.nPhotons = 500
positionX_nm_array = [-3.822854e+03 ,  4.414248e+03 , -6.140280e+02 , -2.133672e+03 ,  3.056775e+03 , -2.759379e+03 , -7.804569e+01 ,  1.735559e+03 ,  3.571752e+03 ,  1.413438e+03 , -3.302881e+03 , -4.718046e+03 ,  2.621256e+03 , -1.617880e+03 , -1.922683e+03 , -2.436667e+02 ,  2.384753e+03 ,  8.760719e+02 , -2.507384e+03 , -3.431645e+03 ,  3.727066e+03 ,  1.971767e+03 , -4.275889e+03 ,  7.610663e+02 ,  1.202764e+03 ,  2.943182e+03 ,  4.672524e+03 , -8.326576e+02 , -1.535180e+03 ,  2.261696e+03 ,  4.746005e+03 , -2.436673e+03 ,  4.448668e+01 ,  3.592188e+03 , -4.100663e+03 ,  4.711842e+03 , -4.870050e+03 ,  6.257666e+02 , -1.328642e+03 ,  4.862650e+03 , -4.689011e+03 , -4.647586e+03 ,  2.784866e+03 ,  4.790976e+03 , -1.433843e+03 ,  3.375253e+02 , -3.334817e+02 ,  4.719314e+03 , -3.325170e+03 ,  3.719418e+03 ,]
positionY_nm_array = [-2.331145e+03 ,  4.391791e+03 ,  5.481861e+02 ,  4.074992e+02 ,  1.727242e+03 ,  1.417642e+03 , -3.518015e+02 ,  4.369240e+03 , -4.141754e+03 ,  2.468847e+02 , -6.948708e+02 ,  4.925224e+01 ,  2.548544e+02 , -2.201407e+03 ,  3.475360e+03 , -2.960062e+03 , -1.497549e+03 , -4.684843e+03 , -1.692684e+03 ,  3.305564e+03 , -1.953566e+03 , -2.489580e+03 , -4.861011e+03 , -1.816918e+03 ,  3.154017e+03 ,  3.299275e+03 , -3.423497e+03 ,  4.674406e+03 , -9.474298e+02 , -4.302822e+03 , -1.380391e+03 , -3.882070e+03 ,  3.431138e+03 , -8.603717e+02 ,  2.361146e+03 , -1.004740e+02 , -3.901245e+03 ,  1.227369e+03 ,  2.108537e+03 ,  1.218798e+03 ,  4.792410e+03 ,  1.119638e+03 ,  4.540809e+03 , -4.786241e+03 , -3.300841e+03 ,  2.453104e+03 , -4.945086e+03 ,  2.448983e+03 ,  4.714880e+03 ,  6.912493e+02 ,]
angleInclination_array = [1.745329e-01 , 1.745329e-01 , 1.745329e-01 , 1.745329e-01 , 1.745329e-01 , 1.745329e-01 , 1.745329e-01 , 1.745329e-01 , 1.745329e-01 , 1.745329e-01 , 1.745329e-01 , 1.745329e-01 , 1.745329e-01 , 1.745329e-01 , 1.745329e-01 , 1.745329e-01 , 1.745329e-01 , 1.745329e-01 , 1.745329e-01 , 1.745329e-01 , 1.745329e-01 , 1.745329e-01 , 1.745329e-01 , 1.745329e-01 , 1.745329e-01 , 1.745329e-01 , 1.745329e-01 , 1.745329e-01 , 1.745329e-01 , 1.745329e-01 , 1.745329e-01 , 1.745329e-01 , 1.745329e-01 , 1.745329e-01 , 1.745329e-01 , 1.745329e-01 , 1.745329e-01 , 1.745329e-01 , 1.745329e-01 , 1.745329e-01 , 1.745329e-01 , 1.745329e-01 , 1.745329e-01 , 1.745329e-01 , 1.745329e-01 , 1.745329e-01 , 1.745329e-01 , 1.745329e-01 , 1.745329e-01 , 1.745329e-01 ,]
angleAzimuth_array = [2.792527e+00 , 2.792527e+00 , 2.792527e+00 , 2.792527e+00 , 2.792527e+00 , 2.792527e+00 , 2.792527e+00 , 2.792527e+00 , 2.792527e+00 , 2.792527e+00 , 2.792527e+00 , 2.792527e+00 , 2.792527e+00 , 2.792527e+00 , 2.792527e+00 , 2.792527e+00 , 2.792527e+00 , 2.792527e+00 , 2.792527e+00 , 2.792527e+00 , 2.792527e+00 , 2.792527e+00 , 2.792527e+00 , 2.792527e+00 , 2.792527e+00 , 2.792527e+00 , 2.792527e+00 , 2.792527e+00 , 2.792527e+00 , 2.792527e+00 , 2.792527e+00 , 2.792527e+00 , 2.792527e+00 , 2.792527e+00 , 2.792527e+00 , 2.792527e+00 , 2.792527e+00 , 2.792527e+00 , 2.792527e+00 , 2.792527e+00 , 2.792527e+00 , 2.792527e+00 , 2.792527e+00 , 2.792527e+00 , 2.792527e+00 , 2.792527e+00 , 2.792527e+00 , 2.792527e+00 , 2.792527e+00 , 2.792527e+00 ,]
