% ground truth for sim_inc50_az20.tif
% settings
number_of_spots = 50
pixel_size_nm = 51.200
image_size_nm = 14142.136
image_size_px = 275
wavelength = 500
par.objectiveNA = 2.17
objectiveFocalLength = 770
par.refractiveIndices = [1.310000e+00 , 2.170000e+00 , 2.170000e+00 ,]
par.nDiscretizationBFP = 129
par.backgroundNoise = 0.020
par.nPhotons = 500
positionX_nm_array = [-1.781381e+03 ,  4.049714e+03 ,  3.311938e+03 , -4.819162e+03 , -1.483780e+02 , -3.453749e+03 ,  3.253164e+03 ,  1.488368e+03 , -1.436976e+03 , -1.087483e+01 , -4.220711e+03 ,  5.082711e+02 ,  2.128944e+03 ,  4.109968e+02 , -3.207632e+03 , -1.443485e+03 ,  3.249976e+03 ,  4.061091e+03 , -2.108667e+03 , -4.477579e+03 ,  4.935362e+03 ,  1.108248e+03 ,  3.235233e+03 ,  3.909963e+03 , -4.287667e+03 , -5.582845e+01 ,  2.535096e+03 , -4.732732e+03 , -4.588311e+03 , -1.031847e+03 ,  1.334067e+03 , -1.145163e+03 ,  1.006968e+03 ,  3.546064e+03 , -2.767586e+03 , -3.961428e+03 , -1.168436e+03 ,  4.806129e+03 , -3.672397e+03 ,  8.890691e+02 , -1.880327e+03 , -2.828236e+03 ,  2.327600e+03 , -3.837302e+03 ,  4.286505e+03 , -2.846259e+03 , -1.224680e+03 ,  4.222939e+03 ,  2.227626e+03 ,  2.220254e+03 ,]
positionY_nm_array = [-1.513060e+03 ,  4.015140e+03 ,  4.729988e+03 ,  4.017434e+02 ,  3.168930e+03 ,  4.224930e+03 , -2.451304e+03 ,  2.371208e+03 ,  2.989919e+03 , -5.039166e+02 , -1.984028e+03 , -4.227001e+03 , -1.232562e+03 ,  2.128455e+03 , -3.587974e+02 , -4.265891e+03 ,  2.866151e+02 , -3.462670e+03 , -3.381003e+03 ,  4.249924e+03 ,  1.845215e+02 ,  4.481222e+03 , -4.118072e+03 , -7.680908e+02 , -7.820514e+02 , -1.851306e+03 ,  1.553221e+03 , -3.696576e+03 ,  1.384116e+03 ,  9.417137e+02 , -2.660780e+03 , -3.004218e+03 , -3.425297e+02 ,  2.622651e+03 ,  2.968355e+03 ,  3.202313e+03 , -3.101329e+02 , -4.301677e+03 ,  1.817735e+03 ,  1.162608e+03 ,  1.726125e+03 ,  5.901254e+02 , -3.529425e+03 , -4.762671e+03 ,  1.399655e+03 , -1.885573e+03 ,  4.160374e+03 , -2.184203e+03 ,  5.089470e+02 ,  3.613525e+03 ,]
angleInclination_array = [8.726646e-01 , 8.726646e-01 , 8.726646e-01 , 8.726646e-01 , 8.726646e-01 , 8.726646e-01 , 8.726646e-01 , 8.726646e-01 , 8.726646e-01 , 8.726646e-01 , 8.726646e-01 , 8.726646e-01 , 8.726646e-01 , 8.726646e-01 , 8.726646e-01 , 8.726646e-01 , 8.726646e-01 , 8.726646e-01 , 8.726646e-01 , 8.726646e-01 , 8.726646e-01 , 8.726646e-01 , 8.726646e-01 , 8.726646e-01 , 8.726646e-01 , 8.726646e-01 , 8.726646e-01 , 8.726646e-01 , 8.726646e-01 , 8.726646e-01 , 8.726646e-01 , 8.726646e-01 , 8.726646e-01 , 8.726646e-01 , 8.726646e-01 , 8.726646e-01 , 8.726646e-01 , 8.726646e-01 , 8.726646e-01 , 8.726646e-01 , 8.726646e-01 , 8.726646e-01 , 8.726646e-01 , 8.726646e-01 , 8.726646e-01 , 8.726646e-01 , 8.726646e-01 , 8.726646e-01 , 8.726646e-01 , 8.726646e-01 ,]
angleAzimuth_array = [3.490659e-01 , 3.490659e-01 , 3.490659e-01 , 3.490659e-01 , 3.490659e-01 , 3.490659e-01 , 3.490659e-01 , 3.490659e-01 , 3.490659e-01 , 3.490659e-01 , 3.490659e-01 , 3.490659e-01 , 3.490659e-01 , 3.490659e-01 , 3.490659e-01 , 3.490659e-01 , 3.490659e-01 , 3.490659e-01 , 3.490659e-01 , 3.490659e-01 , 3.490659e-01 , 3.490659e-01 , 3.490659e-01 , 3.490659e-01 , 3.490659e-01 , 3.490659e-01 , 3.490659e-01 , 3.490659e-01 , 3.490659e-01 , 3.490659e-01 , 3.490659e-01 , 3.490659e-01 , 3.490659e-01 , 3.490659e-01 , 3.490659e-01 , 3.490659e-01 , 3.490659e-01 , 3.490659e-01 , 3.490659e-01 , 3.490659e-01 , 3.490659e-01 , 3.490659e-01 , 3.490659e-01 , 3.490659e-01 , 3.490659e-01 , 3.490659e-01 , 3.490659e-01 , 3.490659e-01 , 3.490659e-01 , 3.490659e-01 ,]
