% ground truth for sim_inc150_az300.tif
% settings
number_of_spots = 50
pixel_size_nm = 51.200
image_size_nm = 14142.136
image_size_px = 275
wavelength = 500
par.objectiveNA = 2.17
objectiveFocalLength = 770
par.refractiveIndices = [1.310000e+00 , 2.170000e+00 , 2.170000e+00 ,]
par.nDiscretizationBFP = 129
par.backgroundNoise = 0.020
par.nPhotons = 500
positionX_nm_array = [1.875336e+03 , -4.793637e+03 ,  3.514775e+03 , -1.770864e+00 , -3.100748e+03 ,  1.553212e+03 ,  2.168334e+03 ,  1.008374e+02 , -2.700261e+03 , -1.767754e+03 ,  4.407968e+03 ,  6.885951e+02 , -1.558248e+03 , -2.964665e+03 ,  3.847966e+03 ,  4.238848e+03 , -3.150727e+03 ,  9.469557e+02 , -4.254089e+03 ,  6.387062e+02 , -1.905348e+03 ,  3.285632e+03 ,  2.352016e+03 , -2.182653e+03 , -4.122090e+03 , -8.656335e+02 ,  2.564591e+03 ,  3.779493e+03 , -9.450955e+02 , -6.108876e+02 ,  3.540862e+03 , -3.816690e+03 ,  2.634713e+03 , -1.250170e+03 , -4.851142e+03 ,  2.231710e+03 , -3.580380e+03 , -1.900024e+02 ,  2.473166e+03 , -1.486716e+03 ,  9.936343e+02 , -3.687782e+03 ,  3.667304e+03 ,  1.370384e+02 , -4.238071e+03 ,  4.589239e+03 , -2.340703e+03 ,  9.698358e+02 ,  3.512444e+03 ,  4.617835e+03 ,]
positionY_nm_array = [8.808400e+02 ,  2.056965e+03 , -2.238712e+03 , -4.484214e+03 ,  2.340588e+03 ,  2.959224e+03 ,  4.534487e+03 ,  1.630661e+03 , -5.462295e+02 , -4.224836e+03 , -3.120997e+03 ,  3.437588e+02 , -1.280882e+02 , -2.343604e+03 , -5.762175e+02 ,  1.374819e+03 ,  4.197677e+03 , -3.001817e+03 ,  4.544440e+03 ,  4.244427e+03 ,  2.655170e+03 , -4.839937e+03 , -4.181883e+03 ,  3.714475e+03 , -7.481378e+00 , -2.570650e+03 ,  1.852531e+03 ,  4.932445e+03 ,  3.866413e+03 ,  2.473351e+02 ,  2.525462e+03 , -4.734677e+03 ,  3.080006e+03 ,  1.103262e+03 , -2.287020e+03 , -6.246923e+02 , -3.191599e+03 , -1.508314e+03 , -2.538773e+03 , -1.744184e+03 , -1.359735e+03 , -1.162657e+03 , -3.858866e+03 ,  2.944806e+03 ,  3.214921e+03 ,  2.916646e+03 ,  8.293846e+02 , -4.070620e+03 ,  3.949331e+03 ,  1.264717e+02 ,]
angleInclination_array = [2.617994e+00 , 2.617994e+00 , 2.617994e+00 , 2.617994e+00 , 2.617994e+00 , 2.617994e+00 , 2.617994e+00 , 2.617994e+00 , 2.617994e+00 , 2.617994e+00 , 2.617994e+00 , 2.617994e+00 , 2.617994e+00 , 2.617994e+00 , 2.617994e+00 , 2.617994e+00 , 2.617994e+00 , 2.617994e+00 , 2.617994e+00 , 2.617994e+00 , 2.617994e+00 , 2.617994e+00 , 2.617994e+00 , 2.617994e+00 , 2.617994e+00 , 2.617994e+00 , 2.617994e+00 , 2.617994e+00 , 2.617994e+00 , 2.617994e+00 , 2.617994e+00 , 2.617994e+00 , 2.617994e+00 , 2.617994e+00 , 2.617994e+00 , 2.617994e+00 , 2.617994e+00 , 2.617994e+00 , 2.617994e+00 , 2.617994e+00 , 2.617994e+00 , 2.617994e+00 , 2.617994e+00 , 2.617994e+00 , 2.617994e+00 , 2.617994e+00 , 2.617994e+00 , 2.617994e+00 , 2.617994e+00 , 2.617994e+00 ,]
angleAzimuth_array = [5.235988e+00 , 5.235988e+00 , 5.235988e+00 , 5.235988e+00 , 5.235988e+00 , 5.235988e+00 , 5.235988e+00 , 5.235988e+00 , 5.235988e+00 , 5.235988e+00 , 5.235988e+00 , 5.235988e+00 , 5.235988e+00 , 5.235988e+00 , 5.235988e+00 , 5.235988e+00 , 5.235988e+00 , 5.235988e+00 , 5.235988e+00 , 5.235988e+00 , 5.235988e+00 , 5.235988e+00 , 5.235988e+00 , 5.235988e+00 , 5.235988e+00 , 5.235988e+00 , 5.235988e+00 , 5.235988e+00 , 5.235988e+00 , 5.235988e+00 , 5.235988e+00 , 5.235988e+00 , 5.235988e+00 , 5.235988e+00 , 5.235988e+00 , 5.235988e+00 , 5.235988e+00 , 5.235988e+00 , 5.235988e+00 , 5.235988e+00 , 5.235988e+00 , 5.235988e+00 , 5.235988e+00 , 5.235988e+00 , 5.235988e+00 , 5.235988e+00 , 5.235988e+00 , 5.235988e+00 , 5.235988e+00 , 5.235988e+00 ,]
