% ground truth for sim_inc110_az320.tif
% settings
number_of_spots = 50
pixel_size_nm = 51.200
image_size_nm = 14142.136
image_size_px = 275
wavelength = 500
par.objectiveNA = 2.17
objectiveFocalLength = 770
par.refractiveIndices = [1.310000e+00 , 2.170000e+00 , 2.170000e+00 ,]
par.nDiscretizationBFP = 129
par.backgroundNoise = 0.020
par.nPhotons = 500
positionX_nm_array = [-1.262074e+03 , -2.247808e+03 , -4.347879e+03 , -1.129306e+03 , -3.411647e+03 ,  3.179454e+03 ,  4.562586e+03 ,  2.512333e+03 ,  1.683787e+03 ,  2.687031e+03 ,  3.807222e+03 ,  1.235644e+03 , -4.111598e+03 ,  3.500874e+03 , -1.714609e+03 , -2.383175e+03 ,  6.095271e+02 ,  4.781518e+03 ,  1.459191e+03 , -2.423092e+03 , -4.687084e+03 ,  3.938389e+03 , -5.522358e+02 , -4.128622e+02 , -1.070986e+03 , -1.468451e+02 , -3.394153e+03 , -1.408482e+03 ,  1.752002e+03 ,  2.417458e+03 ,  1.359729e+03 ,  9.951033e+02 , -2.474883e+03 , -4.797265e+03 ,  4.927786e+03 , -5.700323e+02 , -6.649847e+02 , -4.106686e+03 ,  8.267648e+02 , -3.167984e+03 , -4.700946e+03 ,  3.634200e+03 ,  2.975842e+02 ,  1.190834e+02 , -1.454178e+03 , -2.823506e+03 ,  3.879975e+03 ,  3.894800e+03 , -3.797683e+03 ,  1.705405e+03 ,]
positionY_nm_array = [-4.747860e+03 , -1.529721e+03 ,  2.542839e+03 ,  4.751658e+03 ,  1.636584e+03 ,  4.792903e+03 ,  4.075819e+03 , -3.578508e+03 ,  1.082709e+03 , -1.992051e+03 , -8.913052e+02 , -3.695105e+03 ,  4.657283e+03 ,  1.151918e+03 ,  1.515741e+03 , -4.407239e+03 , -2.186856e+03 , -9.339228e+01 , -4.750874e+03 ,  3.903277e+03 , -4.746416e+03 , -4.442994e+03 , -2.752189e+02 ,  7.484075e+02 ,  3.081793e+03 , -3.099731e+03 , -4.626001e+03 , -3.282602e+03 , -7.625085e+02 ,  2.659655e+03 ,  2.435212e+03 ,  3.128844e+02 ,  1.897671e+02 , -1.237750e+03 ,  1.993498e+03 ,  1.902447e+03 , -2.175258e+03 , -2.999432e+03 ,  4.433825e+03 , -2.177369e+03 ,  1.290687e+01 ,  3.362206e+03 ,  3.167224e+03 , -4.679313e+03 ,  4.918672e+02 , -3.154116e+03 ,  2.209334e+03 , -2.585629e+03 , -8.571341e+02 ,  3.478125e+03 ,]
angleInclination_array = [1.919862e+00 , 1.919862e+00 , 1.919862e+00 , 1.919862e+00 , 1.919862e+00 , 1.919862e+00 , 1.919862e+00 , 1.919862e+00 , 1.919862e+00 , 1.919862e+00 , 1.919862e+00 , 1.919862e+00 , 1.919862e+00 , 1.919862e+00 , 1.919862e+00 , 1.919862e+00 , 1.919862e+00 , 1.919862e+00 , 1.919862e+00 , 1.919862e+00 , 1.919862e+00 , 1.919862e+00 , 1.919862e+00 , 1.919862e+00 , 1.919862e+00 , 1.919862e+00 , 1.919862e+00 , 1.919862e+00 , 1.919862e+00 , 1.919862e+00 , 1.919862e+00 , 1.919862e+00 , 1.919862e+00 , 1.919862e+00 , 1.919862e+00 , 1.919862e+00 , 1.919862e+00 , 1.919862e+00 , 1.919862e+00 , 1.919862e+00 , 1.919862e+00 , 1.919862e+00 , 1.919862e+00 , 1.919862e+00 , 1.919862e+00 , 1.919862e+00 , 1.919862e+00 , 1.919862e+00 , 1.919862e+00 , 1.919862e+00 ,]
angleAzimuth_array = [5.585054e+00 , 5.585054e+00 , 5.585054e+00 , 5.585054e+00 , 5.585054e+00 , 5.585054e+00 , 5.585054e+00 , 5.585054e+00 , 5.585054e+00 , 5.585054e+00 , 5.585054e+00 , 5.585054e+00 , 5.585054e+00 , 5.585054e+00 , 5.585054e+00 , 5.585054e+00 , 5.585054e+00 , 5.585054e+00 , 5.585054e+00 , 5.585054e+00 , 5.585054e+00 , 5.585054e+00 , 5.585054e+00 , 5.585054e+00 , 5.585054e+00 , 5.585054e+00 , 5.585054e+00 , 5.585054e+00 , 5.585054e+00 , 5.585054e+00 , 5.585054e+00 , 5.585054e+00 , 5.585054e+00 , 5.585054e+00 , 5.585054e+00 , 5.585054e+00 , 5.585054e+00 , 5.585054e+00 , 5.585054e+00 , 5.585054e+00 , 5.585054e+00 , 5.585054e+00 , 5.585054e+00 , 5.585054e+00 , 5.585054e+00 , 5.585054e+00 , 5.585054e+00 , 5.585054e+00 , 5.585054e+00 , 5.585054e+00 ,]
