% ground truth for sim_inc150_az140.tif
% settings
number_of_spots = 50
pixel_size_nm = 51.200
image_size_nm = 14142.136
image_size_px = 275
wavelength = 500
par.objectiveNA = 2.17
objectiveFocalLength = 770
par.refractiveIndices = [1.310000e+00 , 2.170000e+00 , 2.170000e+00 ,]
par.nDiscretizationBFP = 129
par.backgroundNoise = 0.020
par.nPhotons = 500
positionX_nm_array = [-3.407246e+03 , -3.927353e+03 ,  3.064480e+03 , -4.107753e+03 ,  2.250252e+02 ,  4.224552e+03 ,  3.680080e+03 ,  2.526499e+03 ,  8.919726e+01 ,  3.032303e+03 ,  4.180578e+02 , -4.726322e+03 , -7.413976e+02 ,  4.886145e+03 , -4.388739e+03 , -1.520530e+03 , -1.101077e+03 ,  2.331506e+03 ,  2.735241e+03 ,  8.275146e+02 , -2.410624e+03 , -2.823326e+03 , -9.933797e+02 ,  3.731488e+03 ,  2.697494e+03 , -3.044249e+03 ,  1.355460e+03 , -1.930813e+03 ,  5.286928e+02 ,  4.701647e+03 , -4.849156e+03 ,  3.431497e+03 ,  1.234498e+03 ,  1.851176e+03 , -3.982482e+02 , -1.172685e+03 , -1.361081e+03 ,  1.407698e+03 ,  3.623886e+03 , -4.718093e+03 ,  4.738389e+03 ,  2.381301e+03 ,  4.767016e+03 , -3.196762e+03 ,  4.778871e+03 , -3.055855e+01 , -4.628085e+03 ,  1.064810e+03 , -4.832643e+03 , -1.196269e+03 ,]
positionY_nm_array = [-3.448491e+03 ,  2.291918e+03 , -3.264839e+03 ,  3.308439e+03 ,  1.669412e+03 , -7.093610e+00 , -1.371109e+03 , -4.737624e+03 , -3.333321e+03 ,  8.435962e+02 ,  4.633636e+03 , -4.235223e+02 , -4.481505e+03 ,  2.729451e+03 , -1.410009e+03 ,  6.186706e+01 ,  1.745162e+03 , -2.182699e+02 ,  3.996390e+03 ,  3.356848e+03 , -1.083541e+03 ,  4.885668e+03 ,  4.619724e+03 , -4.296619e+03 , -1.721069e+03 ,  3.536085e+03 , -4.619538e+03 , -4.284933e+03 , -1.135157e+03 ,  4.452895e+03 ,  8.842750e+02 ,  2.580691e+03 , -2.158191e+03 , -3.553580e+03 , -4.185578e+02 , -1.058829e+03 ,  3.092402e+03 ,  3.339288e+02 ,  4.926531e+03 , -3.989601e+03 ,  1.146345e+03 ,  2.793317e+03 , -4.345647e+03 , -2.310032e+02 , -1.997799e+03 , -2.132968e+03 , -2.778473e+03 ,  2.336539e+03 ,  4.218044e+03 , -2.451517e+03 ,]
angleInclination_array = [2.617994e+00 , 2.617994e+00 , 2.617994e+00 , 2.617994e+00 , 2.617994e+00 , 2.617994e+00 , 2.617994e+00 , 2.617994e+00 , 2.617994e+00 , 2.617994e+00 , 2.617994e+00 , 2.617994e+00 , 2.617994e+00 , 2.617994e+00 , 2.617994e+00 , 2.617994e+00 , 2.617994e+00 , 2.617994e+00 , 2.617994e+00 , 2.617994e+00 , 2.617994e+00 , 2.617994e+00 , 2.617994e+00 , 2.617994e+00 , 2.617994e+00 , 2.617994e+00 , 2.617994e+00 , 2.617994e+00 , 2.617994e+00 , 2.617994e+00 , 2.617994e+00 , 2.617994e+00 , 2.617994e+00 , 2.617994e+00 , 2.617994e+00 , 2.617994e+00 , 2.617994e+00 , 2.617994e+00 , 2.617994e+00 , 2.617994e+00 , 2.617994e+00 , 2.617994e+00 , 2.617994e+00 , 2.617994e+00 , 2.617994e+00 , 2.617994e+00 , 2.617994e+00 , 2.617994e+00 , 2.617994e+00 , 2.617994e+00 ,]
angleAzimuth_array = [2.443461e+00 , 2.443461e+00 , 2.443461e+00 , 2.443461e+00 , 2.443461e+00 , 2.443461e+00 , 2.443461e+00 , 2.443461e+00 , 2.443461e+00 , 2.443461e+00 , 2.443461e+00 , 2.443461e+00 , 2.443461e+00 , 2.443461e+00 , 2.443461e+00 , 2.443461e+00 , 2.443461e+00 , 2.443461e+00 , 2.443461e+00 , 2.443461e+00 , 2.443461e+00 , 2.443461e+00 , 2.443461e+00 , 2.443461e+00 , 2.443461e+00 , 2.443461e+00 , 2.443461e+00 , 2.443461e+00 , 2.443461e+00 , 2.443461e+00 , 2.443461e+00 , 2.443461e+00 , 2.443461e+00 , 2.443461e+00 , 2.443461e+00 , 2.443461e+00 , 2.443461e+00 , 2.443461e+00 , 2.443461e+00 , 2.443461e+00 , 2.443461e+00 , 2.443461e+00 , 2.443461e+00 , 2.443461e+00 , 2.443461e+00 , 2.443461e+00 , 2.443461e+00 , 2.443461e+00 , 2.443461e+00 , 2.443461e+00 ,]
