% ground truth for sim_inc150_az340.tif
% settings
number_of_spots = 50
pixel_size_nm = 51.200
image_size_nm = 14142.136
image_size_px = 275
wavelength = 500
par.objectiveNA = 2.17
objectiveFocalLength = 770
par.refractiveIndices = [1.310000e+00 , 2.170000e+00 , 2.170000e+00 ,]
par.nDiscretizationBFP = 129
par.backgroundNoise = 0.020
par.nPhotons = 500
positionX_nm_array = [-6.165240e+02 , -1.401865e+03 ,  1.437061e+03 , -3.633169e+03 ,  2.833136e+03 , -6.413125e+02 , -2.129703e+03 ,  1.649988e+03 , -2.091144e+02 , -4.446906e+03 , -4.421689e+03 ,  1.422413e+03 , -3.133070e+03 , -2.247890e+03 , -4.407816e+03 , -4.489947e+03 , -2.982105e+03 ,  2.469199e+03 ,  2.293346e+03 , -4.921813e+03 ,  2.650107e+03 ,  2.108753e+02 ,  1.844885e+02 ,  4.413490e+03 , -3.293706e+03 ,  3.205431e+01 ,  4.817745e+03 , -4.067322e+03 ,  1.061288e+03 ,  4.932497e+03 ,  3.448151e+03 ,  1.049029e+03 ,  3.795393e+03 ,  3.877616e+03 ,  4.896041e+03 , -4.191200e+02 , -1.421828e+03 , -4.232289e+03 ,  3.169778e+03 , -4.517058e+03 ,  2.143819e+03 ,  1.781978e+03 ,  4.246527e+03 , -2.584350e+03 , -3.186606e+03 , -2.946693e+02 , -2.130311e+03 ,  4.571856e+03 ,  3.828045e+03 , -1.217217e+03 ,]
positionY_nm_array = [-1.316351e+03 ,  3.565451e+03 ,  2.722878e+03 ,  4.265128e+02 ,  3.529735e+03 ,  1.643479e+03 , -4.259389e+03 , -1.630147e+03 ,  1.348984e+02 , -1.820489e+03 ,  3.372417e+03 ,  1.499457e+03 ,  1.730812e+03 , -3.880872e+02 ,  2.218715e+03 ,  1.141581e+03 , -3.065722e+03 ,  6.304844e+02 , -3.554075e+03 ,  4.623465e+03 , -4.071540e+02 ,  2.344456e+03 , -2.030941e+03 ,  2.780536e+03 ,  4.263210e+03 , -4.863711e+03 , -4.750249e+03 , -4.722628e+03 ,  4.650922e+03 ,  4.024621e+02 , -4.863705e+03 , -2.515074e+02 , -4.280324e+02 , -2.533574e+03 ,  4.660330e+03 , -3.154896e+03 ,  5.233352e+02 , -3.491551e+03 , -1.500562e+03 , -3.139267e+02 , -4.899442e+03 ,  3.827894e+03 , -3.868981e+03 , -1.417659e+03 ,  2.745209e+03 ,  3.767362e+03 ,  4.746436e+03 ,  1.588815e+03 ,  4.109854e+03 , -2.185413e+03 ,]
angleInclination_array = [2.617994e+00 , 2.617994e+00 , 2.617994e+00 , 2.617994e+00 , 2.617994e+00 , 2.617994e+00 , 2.617994e+00 , 2.617994e+00 , 2.617994e+00 , 2.617994e+00 , 2.617994e+00 , 2.617994e+00 , 2.617994e+00 , 2.617994e+00 , 2.617994e+00 , 2.617994e+00 , 2.617994e+00 , 2.617994e+00 , 2.617994e+00 , 2.617994e+00 , 2.617994e+00 , 2.617994e+00 , 2.617994e+00 , 2.617994e+00 , 2.617994e+00 , 2.617994e+00 , 2.617994e+00 , 2.617994e+00 , 2.617994e+00 , 2.617994e+00 , 2.617994e+00 , 2.617994e+00 , 2.617994e+00 , 2.617994e+00 , 2.617994e+00 , 2.617994e+00 , 2.617994e+00 , 2.617994e+00 , 2.617994e+00 , 2.617994e+00 , 2.617994e+00 , 2.617994e+00 , 2.617994e+00 , 2.617994e+00 , 2.617994e+00 , 2.617994e+00 , 2.617994e+00 , 2.617994e+00 , 2.617994e+00 , 2.617994e+00 ,]
angleAzimuth_array = [5.934119e+00 , 5.934119e+00 , 5.934119e+00 , 5.934119e+00 , 5.934119e+00 , 5.934119e+00 , 5.934119e+00 , 5.934119e+00 , 5.934119e+00 , 5.934119e+00 , 5.934119e+00 , 5.934119e+00 , 5.934119e+00 , 5.934119e+00 , 5.934119e+00 , 5.934119e+00 , 5.934119e+00 , 5.934119e+00 , 5.934119e+00 , 5.934119e+00 , 5.934119e+00 , 5.934119e+00 , 5.934119e+00 , 5.934119e+00 , 5.934119e+00 , 5.934119e+00 , 5.934119e+00 , 5.934119e+00 , 5.934119e+00 , 5.934119e+00 , 5.934119e+00 , 5.934119e+00 , 5.934119e+00 , 5.934119e+00 , 5.934119e+00 , 5.934119e+00 , 5.934119e+00 , 5.934119e+00 , 5.934119e+00 , 5.934119e+00 , 5.934119e+00 , 5.934119e+00 , 5.934119e+00 , 5.934119e+00 , 5.934119e+00 , 5.934119e+00 , 5.934119e+00 , 5.934119e+00 , 5.934119e+00 , 5.934119e+00 ,]
