% ground truth for sim_inc110_az240.tif
% settings
number_of_spots = 50
pixel_size_nm = 51.200
image_size_nm = 14142.136
image_size_px = 275
wavelength = 500
par.objectiveNA = 2.17
objectiveFocalLength = 770
par.refractiveIndices = [1.310000e+00 , 2.170000e+00 , 2.170000e+00 ,]
par.nDiscretizationBFP = 129
par.backgroundNoise = 0.020
par.nPhotons = 500
positionX_nm_array = [-2.668889e+03 , -3.733428e+03 ,  3.390977e+03 , -4.745357e+03 , -7.746747e+02 , -1.363420e+03 ,  1.313059e+03 , -9.397917e+02 , -7.817193e+02 ,  4.588321e+02 ,  2.121088e+03 ,  4.558212e+03 ,  3.467381e+03 , -3.470926e+03 , -4.386937e+03 ,  4.760158e+02 , -4.513562e+03 ,  4.446819e+02 ,  2.613592e+03 ,  2.670848e+02 ,  1.763694e+03 , -2.353499e+03 , -3.860189e+03 ,  8.508587e+02 ,  3.189727e+03 ,  4.292268e+03 ,  4.637672e+03 , -1.207815e+02 , -2.167420e+03 ,  1.558928e+03 , -4.768476e+01 , -2.051520e+03 , -2.351013e+03 ,  2.460077e+03 ,  3.267061e+03 , -1.240977e+03 ,  2.133928e+03 , -1.233058e+03 , -2.605676e+03 ,  4.463760e+03 , -4.947488e+03 , -4.075179e+03 , -4.531149e+03 , -3.046580e+03 ,  3.953365e+03 ,  1.534764e+03 ,  4.711682e+03 ,  2.882012e+02 ,  4.821945e+03 , -1.581673e+03 ,]
positionY_nm_array = [-3.978996e+03 ,  3.978661e+03 ,  1.844748e+03 ,  2.693767e+03 ,  1.909339e+03 ,  4.644576e+03 ,  1.656693e+03 , -7.977091e+02 , -2.321618e+03 ,  3.016206e+03 , -2.916447e+03 , -1.199442e+03 , -4.426758e+03 ,  2.389270e+03 , -3.025725e+03 , -3.849494e+03 , -1.957457e+03 ,  2.742953e+02 ,  2.785012e+03 , -1.190113e+03 , -1.945215e+03 ,  4.843326e+03 ,  4.554860e+02 ,  4.352270e+03 , -1.040056e+03 ,  4.018293e+03 , -3.708172e+03 ,  4.756387e+03 , -2.686385e+03 , -4.767220e+03 , -4.829837e+03 , -1.058458e+03 ,  3.830344e+03 ,  4.606985e+03 , -2.743188e+03 , -4.658658e+03 , -3.626003e+02 ,  3.579480e+03 ,  9.374579e+02 ,  2.871409e+03 ,  4.206073e+01 , -4.579749e+03 ,  1.674875e+03 , -5.898547e+02 ,  5.139842e+02 ,  2.753763e+03 ,  1.177838e+03 , -2.323972e+03 , -2.408978e+01 ,  1.035244e+03 ,]
angleInclination_array = [1.919862e+00 , 1.919862e+00 , 1.919862e+00 , 1.919862e+00 , 1.919862e+00 , 1.919862e+00 , 1.919862e+00 , 1.919862e+00 , 1.919862e+00 , 1.919862e+00 , 1.919862e+00 , 1.919862e+00 , 1.919862e+00 , 1.919862e+00 , 1.919862e+00 , 1.919862e+00 , 1.919862e+00 , 1.919862e+00 , 1.919862e+00 , 1.919862e+00 , 1.919862e+00 , 1.919862e+00 , 1.919862e+00 , 1.919862e+00 , 1.919862e+00 , 1.919862e+00 , 1.919862e+00 , 1.919862e+00 , 1.919862e+00 , 1.919862e+00 , 1.919862e+00 , 1.919862e+00 , 1.919862e+00 , 1.919862e+00 , 1.919862e+00 , 1.919862e+00 , 1.919862e+00 , 1.919862e+00 , 1.919862e+00 , 1.919862e+00 , 1.919862e+00 , 1.919862e+00 , 1.919862e+00 , 1.919862e+00 , 1.919862e+00 , 1.919862e+00 , 1.919862e+00 , 1.919862e+00 , 1.919862e+00 , 1.919862e+00 ,]
angleAzimuth_array = [4.188790e+00 , 4.188790e+00 , 4.188790e+00 , 4.188790e+00 , 4.188790e+00 , 4.188790e+00 , 4.188790e+00 , 4.188790e+00 , 4.188790e+00 , 4.188790e+00 , 4.188790e+00 , 4.188790e+00 , 4.188790e+00 , 4.188790e+00 , 4.188790e+00 , 4.188790e+00 , 4.188790e+00 , 4.188790e+00 , 4.188790e+00 , 4.188790e+00 , 4.188790e+00 , 4.188790e+00 , 4.188790e+00 , 4.188790e+00 , 4.188790e+00 , 4.188790e+00 , 4.188790e+00 , 4.188790e+00 , 4.188790e+00 , 4.188790e+00 , 4.188790e+00 , 4.188790e+00 , 4.188790e+00 , 4.188790e+00 , 4.188790e+00 , 4.188790e+00 , 4.188790e+00 , 4.188790e+00 , 4.188790e+00 , 4.188790e+00 , 4.188790e+00 , 4.188790e+00 , 4.188790e+00 , 4.188790e+00 , 4.188790e+00 , 4.188790e+00 , 4.188790e+00 , 4.188790e+00 , 4.188790e+00 , 4.188790e+00 ,]
