% ground truth for sim_inc80_az260.tif
% settings
number_of_spots = 50
pixel_size_nm = 51.200
image_size_nm = 14142.136
image_size_px = 275
wavelength = 500
par.objectiveNA = 2.17
objectiveFocalLength = 770
par.refractiveIndices = [1.310000e+00 , 2.170000e+00 , 2.170000e+00 ,]
par.nDiscretizationBFP = 129
par.backgroundNoise = 0.020
par.nPhotons = 500
positionX_nm_array = [-9.831338e+02 ,  4.840247e+03 ,  2.177287e+03 , -2.998801e+02 ,  4.556588e+03 ,  3.596503e+03 ,  3.647144e+03 ,  1.090422e+03 , -2.576819e+02 ,  3.392387e+03 , -1.590915e+03 ,  1.245532e+03 , -3.176951e+03 , -3.264656e+03 , -2.333914e+03 , -1.257305e+01 ,  2.505255e+01 , -9.061535e+02 ,  1.532612e+03 , -2.269460e+03 , -3.072153e+03 , -4.164838e+03 , -7.752674e+02 ,  2.162256e+03 , -1.274354e+03 , -3.427193e+03 ,  4.389559e+03 , -4.620715e+03 , -3.273312e+03 , -2.329226e+03 , -4.871470e+03 , -1.780344e+02 ,  2.470917e+03 , -3.577110e+03 ,  3.345352e+03 ,  3.297470e+03 , -4.733216e+03 , -1.615360e+03 ,  4.610897e+03 , -2.947326e+03 ,  1.206547e+03 , -4.574712e+03 , -4.205697e+03 ,  2.423670e+03 ,  1.149334e+03 , -4.912677e+03 ,  3.640244e+03 ,  7.118869e+02 , -1.364629e+03 ,  4.174985e+03 ,]
positionY_nm_array = [3.910375e+03 , -3.383401e+03 ,  3.798643e+03 ,  5.073593e+00 ,  8.133399e+02 ,  1.724814e+03 , -4.618254e+03 ,  3.021687e+03 ,  1.511573e+03 , -3.621212e+03 , -3.137910e+02 , -1.015033e+02 , -1.031249e+03 , -2.446493e+03 ,  2.282019e+03 , -2.137342e+03 , -3.433954e+03 , -1.635233e+03 , -1.618349e+03 , -1.463551e+03 ,  1.210301e+03 , -1.557159e+03 ,  4.926881e+03 , -4.836997e+03 , -4.513032e+03 , -4.804474e+03 ,  2.747110e+03 , -3.852911e+03 ,  2.857421e+03 ,  3.885663e+03 ,  1.282585e+03 ,  3.196110e+03 ,  1.482114e+03 ,  3.904844e+03 , -1.154570e+03 ,  3.036653e+03 ,  2.306912e+03 ,  7.324691e+02 , -1.167155e+03 , -3.923441e+03 ,  4.911584e+03 ,  3.624542e+03 ,  3.308669e+02 , -4.870591e+02 , -3.374728e+03 , -7.862834e+02 ,  4.757680e+03 , -4.657296e+03 , -3.498772e+03 , -2.350572e+03 ,]
angleInclination_array = [1.396263e+00 , 1.396263e+00 , 1.396263e+00 , 1.396263e+00 , 1.396263e+00 , 1.396263e+00 , 1.396263e+00 , 1.396263e+00 , 1.396263e+00 , 1.396263e+00 , 1.396263e+00 , 1.396263e+00 , 1.396263e+00 , 1.396263e+00 , 1.396263e+00 , 1.396263e+00 , 1.396263e+00 , 1.396263e+00 , 1.396263e+00 , 1.396263e+00 , 1.396263e+00 , 1.396263e+00 , 1.396263e+00 , 1.396263e+00 , 1.396263e+00 , 1.396263e+00 , 1.396263e+00 , 1.396263e+00 , 1.396263e+00 , 1.396263e+00 , 1.396263e+00 , 1.396263e+00 , 1.396263e+00 , 1.396263e+00 , 1.396263e+00 , 1.396263e+00 , 1.396263e+00 , 1.396263e+00 , 1.396263e+00 , 1.396263e+00 , 1.396263e+00 , 1.396263e+00 , 1.396263e+00 , 1.396263e+00 , 1.396263e+00 , 1.396263e+00 , 1.396263e+00 , 1.396263e+00 , 1.396263e+00 , 1.396263e+00 ,]
angleAzimuth_array = [4.537856e+00 , 4.537856e+00 , 4.537856e+00 , 4.537856e+00 , 4.537856e+00 , 4.537856e+00 , 4.537856e+00 , 4.537856e+00 , 4.537856e+00 , 4.537856e+00 , 4.537856e+00 , 4.537856e+00 , 4.537856e+00 , 4.537856e+00 , 4.537856e+00 , 4.537856e+00 , 4.537856e+00 , 4.537856e+00 , 4.537856e+00 , 4.537856e+00 , 4.537856e+00 , 4.537856e+00 , 4.537856e+00 , 4.537856e+00 , 4.537856e+00 , 4.537856e+00 , 4.537856e+00 , 4.537856e+00 , 4.537856e+00 , 4.537856e+00 , 4.537856e+00 , 4.537856e+00 , 4.537856e+00 , 4.537856e+00 , 4.537856e+00 , 4.537856e+00 , 4.537856e+00 , 4.537856e+00 , 4.537856e+00 , 4.537856e+00 , 4.537856e+00 , 4.537856e+00 , 4.537856e+00 , 4.537856e+00 , 4.537856e+00 , 4.537856e+00 , 4.537856e+00 , 4.537856e+00 , 4.537856e+00 , 4.537856e+00 ,]
