% ground truth for sim_inc0_az300.tif
% settings
number_of_spots = 50
pixel_size_nm = 51.200
image_size_nm = 14142.136
image_size_px = 275
wavelength = 500
par.objectiveNA = 2.17
objectiveFocalLength = 770
par.refractiveIndices = [1.310000e+00 , 2.170000e+00 , 2.170000e+00 ,]
par.nDiscretizationBFP = 129
par.backgroundNoise = 0.020
par.nPhotons = 500
positionX_nm_array = [4.523329e+03 ,  2.126500e+03 , -1.729876e+03 ,  1.248687e+03 , -2.797057e+03 , -2.966814e+03 , -3.371157e+03 ,  2.286503e+03 ,  1.977529e+02 ,  4.835003e+03 ,  2.581234e+02 ,  1.525001e+03 , -9.136341e+02 , -2.488156e+03 , -3.971983e+03 , -3.455172e+03 , -2.818030e+03 , -9.506683e+02 ,  3.285831e+03 , -4.193735e+03 ,  4.681290e+03 ,  2.388078e+03 ,  1.771309e+03 , -6.114706e+02 ,  1.439257e+03 , -9.864900e+02 ,  3.219776e+03 ,  3.629720e+03 , -4.590978e+03 ,  5.218375e+02 ,  2.379719e+03 ,  3.454252e+03 , -1.404404e+03 ,  1.873945e+03 ,  3.717328e+02 , -4.062822e+03 ,  9.757154e+02 , -3.631138e+03 ,  3.717028e+03 ,  1.641331e+03 , -4.098652e+03 ,  4.894366e+03 , -1.725874e+03 , -2.611109e+03 , -4.770477e+03 ,  4.818058e+03 , -8.896610e+01 , -1.505538e+03 ,  4.247626e+03 ,  5.424192e+02 ,]
positionY_nm_array = [-4.766518e+03 , -1.400194e+03 , -1.217313e+03 ,  3.210118e+02 , -3.541013e+03 ,  3.067108e+03 ,  4.933554e+03 ,  1.201681e+03 ,  3.737805e+03 , -2.844641e+03 , -7.135194e+02 ,  3.584987e+03 ,  2.909871e+03 ,  6.882280e+02 , -2.234716e+03 , -4.461200e+03 , -1.713734e+03 , -3.870132e+03 , -3.425599e+03 ,  3.212183e+03 ,  5.897860e+02 , -2.634175e+03 , -3.798764e+03 ,  1.530317e+03 , -2.211863e+03 , -2.195305e+03 ,  3.912215e+03 ,  2.946610e+03 ,  4.583678e+03 , -3.919872e+03 , -2.796671e+02 ,  1.304232e+03 , -1.800889e+02 , -4.925849e+03 , -1.979828e+03 , -9.240337e+02 ,  1.751885e+03 ,  5.875788e+02 , -1.065052e+03 ,  4.727524e+03 ,  2.175382e+03 , -3.976236e+02 ,  4.181270e+03 ,  1.786713e+03 , -4.697645e+03 ,  1.835228e+03 ,  3.806250e+02 , -4.782712e+03 ,  4.774194e+03 , -4.926774e+03 ,]
angleInclination_array = [0 , 0 , 0 , 0 , 0 , 0 , 0 , 0 , 0 , 0 , 0 , 0 , 0 , 0 , 0 , 0 , 0 , 0 , 0 , 0 , 0 , 0 , 0 , 0 , 0 , 0 , 0 , 0 , 0 , 0 , 0 , 0 , 0 , 0 , 0 , 0 , 0 , 0 , 0 , 0 , 0 , 0 , 0 , 0 , 0 , 0 , 0 , 0 , 0 , 0 ,]
angleAzimuth_array = [5.235988e+00 , 5.235988e+00 , 5.235988e+00 , 5.235988e+00 , 5.235988e+00 , 5.235988e+00 , 5.235988e+00 , 5.235988e+00 , 5.235988e+00 , 5.235988e+00 , 5.235988e+00 , 5.235988e+00 , 5.235988e+00 , 5.235988e+00 , 5.235988e+00 , 5.235988e+00 , 5.235988e+00 , 5.235988e+00 , 5.235988e+00 , 5.235988e+00 , 5.235988e+00 , 5.235988e+00 , 5.235988e+00 , 5.235988e+00 , 5.235988e+00 , 5.235988e+00 , 5.235988e+00 , 5.235988e+00 , 5.235988e+00 , 5.235988e+00 , 5.235988e+00 , 5.235988e+00 , 5.235988e+00 , 5.235988e+00 , 5.235988e+00 , 5.235988e+00 , 5.235988e+00 , 5.235988e+00 , 5.235988e+00 , 5.235988e+00 , 5.235988e+00 , 5.235988e+00 , 5.235988e+00 , 5.235988e+00 , 5.235988e+00 , 5.235988e+00 , 5.235988e+00 , 5.235988e+00 , 5.235988e+00 , 5.235988e+00 ,]
