% ground truth for sim_inc40_az140.tif
% settings
number_of_spots = 50
pixel_size_nm = 51.200
image_size_nm = 14142.136
image_size_px = 275
wavelength = 500
par.objectiveNA = 2.17
objectiveFocalLength = 770
par.refractiveIndices = [1.310000e+00 , 2.170000e+00 , 2.170000e+00 ,]
par.nDiscretizationBFP = 129
par.backgroundNoise = 0.020
par.nPhotons = 500
positionX_nm_array = [4.941981e+03 ,  3.585839e+03 ,  8.716546e+02 , -8.446509e+02 , -2.429408e+03 , -2.959509e+03 ,  2.386591e+03 ,  1.578647e+02 , -4.058799e+03 , -4.003537e+03 , -2.082609e+03 ,  4.477853e+02 ,  3.602572e+03 , -2.965328e+03 , -6.849813e+02 ,  4.036699e+03 ,  1.282254e+03 , -2.152790e+03 ,  3.109257e+03 ,  2.960945e+03 ,  2.183209e+03 , -3.111676e+03 ,  1.508125e+03 , -3.905384e+03 , -1.152071e+03 ,  2.920730e+02 , -3.172987e+03 ,  3.464455e+03 ,  4.904246e+03 ,  1.925194e+03 , -1.141813e+03 ,  2.302901e+02 ,  1.308947e+03 ,  4.348980e+03 , -1.815843e+03 , -5.404674e+02 ,  4.639961e+03 ,  4.024531e+03 , -1.037605e+03 ,  3.774451e+03 ,  7.047608e+01 ,  2.086200e+03 , -2.012813e+03 , -4.472660e+03 ,  3.580898e+03 , -2.337565e+03 , -8.010713e+02 , -8.623494e+02 , -3.771435e+03 ,  1.684633e+03 ,]
positionY_nm_array = [2.313735e+03 , -2.971750e+02 ,  3.879937e+03 , -1.145853e+03 , -4.339942e+03 ,  8.691872e+02 ,  2.809511e+03 , -1.970651e+03 ,  3.667787e+03 ,  2.269721e+03 ,  1.516912e+03 ,  1.843792e+03 ,  4.559724e+03 , -1.964732e+03 , -2.808486e+03 ,  6.009143e+02 , -7.411094e+01 , -5.586325e+02 , -3.554653e+03 , -4.899984e+03 , -9.530530e+02 , -3.333913e+03 , -3.932166e+03 ,  2.205195e+02 ,  3.407597e+03 , -3.301603e+03 ,  4.719029e+03 , -1.878585e+03 , -3.563869e+02 ,  1.057355e+03 ,  9.156007e+02 , -4.902283e+03 , -1.768187e+03 ,  3.843982e+03 ,  4.250188e+03 , -7.741110e+01 , -1.432265e+03 , -4.435665e+03 ,  4.948184e+03 ,  1.618034e+03 ,  2.888631e+03 ,  3.937560e+03 , -3.204659e+03 , -3.381544e+03 ,  2.617351e+03 ,  3.110687e+03 , -4.740874e+03 ,  2.428619e+03 , -1.214481e+03 , -2.695811e+03 ,]
angleInclination_array = [6.981317e-01 , 6.981317e-01 , 6.981317e-01 , 6.981317e-01 , 6.981317e-01 , 6.981317e-01 , 6.981317e-01 , 6.981317e-01 , 6.981317e-01 , 6.981317e-01 , 6.981317e-01 , 6.981317e-01 , 6.981317e-01 , 6.981317e-01 , 6.981317e-01 , 6.981317e-01 , 6.981317e-01 , 6.981317e-01 , 6.981317e-01 , 6.981317e-01 , 6.981317e-01 , 6.981317e-01 , 6.981317e-01 , 6.981317e-01 , 6.981317e-01 , 6.981317e-01 , 6.981317e-01 , 6.981317e-01 , 6.981317e-01 , 6.981317e-01 , 6.981317e-01 , 6.981317e-01 , 6.981317e-01 , 6.981317e-01 , 6.981317e-01 , 6.981317e-01 , 6.981317e-01 , 6.981317e-01 , 6.981317e-01 , 6.981317e-01 , 6.981317e-01 , 6.981317e-01 , 6.981317e-01 , 6.981317e-01 , 6.981317e-01 , 6.981317e-01 , 6.981317e-01 , 6.981317e-01 , 6.981317e-01 , 6.981317e-01 ,]
angleAzimuth_array = [2.443461e+00 , 2.443461e+00 , 2.443461e+00 , 2.443461e+00 , 2.443461e+00 , 2.443461e+00 , 2.443461e+00 , 2.443461e+00 , 2.443461e+00 , 2.443461e+00 , 2.443461e+00 , 2.443461e+00 , 2.443461e+00 , 2.443461e+00 , 2.443461e+00 , 2.443461e+00 , 2.443461e+00 , 2.443461e+00 , 2.443461e+00 , 2.443461e+00 , 2.443461e+00 , 2.443461e+00 , 2.443461e+00 , 2.443461e+00 , 2.443461e+00 , 2.443461e+00 , 2.443461e+00 , 2.443461e+00 , 2.443461e+00 , 2.443461e+00 , 2.443461e+00 , 2.443461e+00 , 2.443461e+00 , 2.443461e+00 , 2.443461e+00 , 2.443461e+00 , 2.443461e+00 , 2.443461e+00 , 2.443461e+00 , 2.443461e+00 , 2.443461e+00 , 2.443461e+00 , 2.443461e+00 , 2.443461e+00 , 2.443461e+00 , 2.443461e+00 , 2.443461e+00 , 2.443461e+00 , 2.443461e+00 , 2.443461e+00 ,]
