% ground truth for sim_inc90_az200.tif
% settings
number_of_spots = 50
pixel_size_nm = 51.200
image_size_nm = 14142.136
image_size_px = 275
wavelength = 500
par.objectiveNA = 2.17
objectiveFocalLength = 770
par.refractiveIndices = [1.310000e+00 , 2.170000e+00 , 2.170000e+00 ,]
par.nDiscretizationBFP = 129
par.backgroundNoise = 0.020
par.nPhotons = 500
positionX_nm_array = [-5.309917e+02 ,  4.550800e+03 , -3.299165e+03 , -2.953135e+01 , -4.462133e+03 ,  3.682951e+03 ,  8.116665e+02 , -1.618206e+03 ,  4.533533e+03 ,  4.182313e+03 ,  1.936567e+03 ,  1.730591e+03 ,  1.986574e+03 , -3.231488e+03 ,  3.391022e+03 , -4.495324e+03 ,  1.716564e+03 ,  2.276947e+03 ,  3.009114e+03 , -1.927004e+03 , -2.801567e+03 , -1.010836e+03 ,  3.105412e+02 ,  4.219803e+03 , -4.183057e+03 , -2.698592e+03 ,  6.022206e+02 , -4.419206e+03 , -1.542865e+03 , -4.701191e+02 ,  3.005275e+02 ,  3.807993e+03 , -3.373110e+03 , -9.400850e+02 , -4.912247e+03 , -1.354216e+03 ,  2.774569e+03 , -4.177145e+03 , -4.921439e+03 , -1.561828e+03 ,  4.210008e+03 , -4.734005e+03 ,  2.674231e+03 , -2.354730e+03 , -2.910684e+03 , -6.339898e+02 ,  2.590345e+03 , -2.513700e+02 ,  2.921466e+03 , -4.087205e+03 ,]
positionY_nm_array = [-4.558929e+03 ,  1.745765e+02 ,  5.997840e+02 ,  3.565970e+03 ,  3.232199e+03 , -8.154288e+02 , -2.110783e+03 , -2.321186e+03 ,  2.807555e+03 , -3.630195e+03 , -4.155697e+03 , -2.616373e+03 ,  3.455039e+02 ,  4.855498e+03 ,  1.956788e+03 , -1.436710e+03 ,  2.860131e+03 ,  1.359420e+03 ,  3.082192e+03 , -5.531049e+02 ,  1.835187e+03 , -3.123148e+03 ,  4.785368e+03 ,  3.817123e+03 ,  4.349716e+03 , -4.890422e+03 , -4.007486e+03 , -4.063316e+02 , -4.073281e+03 , -4.945976e+02 ,  1.516246e+03 , -4.869360e+03 , -2.854477e+03 ,  1.521349e+03 , -2.429981e+03 ,  3.799229e+03 , -2.346274e+03 ,  1.706323e+03 ,  8.822491e+02 ,  4.879317e+03 , -2.406697e+03 , -3.438760e+03 ,  4.870283e+03 , -3.293354e+03 ,  3.323472e+03 ,  5.055778e+02 , -7.444312e+02 ,  2.380703e+03 , -3.515333e+03 , -4.806743e+03 ,]
angleInclination_array = [1.570796e+00 , 1.570796e+00 , 1.570796e+00 , 1.570796e+00 , 1.570796e+00 , 1.570796e+00 , 1.570796e+00 , 1.570796e+00 , 1.570796e+00 , 1.570796e+00 , 1.570796e+00 , 1.570796e+00 , 1.570796e+00 , 1.570796e+00 , 1.570796e+00 , 1.570796e+00 , 1.570796e+00 , 1.570796e+00 , 1.570796e+00 , 1.570796e+00 , 1.570796e+00 , 1.570796e+00 , 1.570796e+00 , 1.570796e+00 , 1.570796e+00 , 1.570796e+00 , 1.570796e+00 , 1.570796e+00 , 1.570796e+00 , 1.570796e+00 , 1.570796e+00 , 1.570796e+00 , 1.570796e+00 , 1.570796e+00 , 1.570796e+00 , 1.570796e+00 , 1.570796e+00 , 1.570796e+00 , 1.570796e+00 , 1.570796e+00 , 1.570796e+00 , 1.570796e+00 , 1.570796e+00 , 1.570796e+00 , 1.570796e+00 , 1.570796e+00 , 1.570796e+00 , 1.570796e+00 , 1.570796e+00 , 1.570796e+00 ,]
angleAzimuth_array = [3.490659e+00 , 3.490659e+00 , 3.490659e+00 , 3.490659e+00 , 3.490659e+00 , 3.490659e+00 , 3.490659e+00 , 3.490659e+00 , 3.490659e+00 , 3.490659e+00 , 3.490659e+00 , 3.490659e+00 , 3.490659e+00 , 3.490659e+00 , 3.490659e+00 , 3.490659e+00 , 3.490659e+00 , 3.490659e+00 , 3.490659e+00 , 3.490659e+00 , 3.490659e+00 , 3.490659e+00 , 3.490659e+00 , 3.490659e+00 , 3.490659e+00 , 3.490659e+00 , 3.490659e+00 , 3.490659e+00 , 3.490659e+00 , 3.490659e+00 , 3.490659e+00 , 3.490659e+00 , 3.490659e+00 , 3.490659e+00 , 3.490659e+00 , 3.490659e+00 , 3.490659e+00 , 3.490659e+00 , 3.490659e+00 , 3.490659e+00 , 3.490659e+00 , 3.490659e+00 , 3.490659e+00 , 3.490659e+00 , 3.490659e+00 , 3.490659e+00 , 3.490659e+00 , 3.490659e+00 , 3.490659e+00 , 3.490659e+00 ,]
