% ground truth for sim_inc40_az80.tif
% settings
number_of_spots = 50
pixel_size_nm = 51.200
image_size_nm = 14142.136
image_size_px = 275
wavelength = 500
par.objectiveNA = 2.17
objectiveFocalLength = 770
par.refractiveIndices = [1.310000e+00 , 2.170000e+00 , 2.170000e+00 ,]
par.nDiscretizationBFP = 129
par.backgroundNoise = 0.020
par.nPhotons = 500
positionX_nm_array = [1.308993e+03 ,  2.448008e+02 ,  1.331042e+03 , -9.046503e+02 ,  8.136272e+02 ,  1.651311e+03 ,  4.714980e+03 , -6.636935e+02 , -5.031825e+02 ,  1.742714e+02 ,  4.822303e+03 , -3.477426e+03 , -3.412572e+03 , -2.341873e+03 ,  1.094224e+02 ,  3.012846e+03 ,  1.884771e+03 ,  9.788527e+02 , -3.471051e+03 , -1.452637e+03 ,  4.462509e+03 , -2.902310e+03 , -5.989411e+02 ,  2.412943e+03 ,  1.898753e+03 ,  2.760803e+03 ,  3.212763e+03 ,  7.693910e+02 , -3.991112e+03 , -5.165679e+02 , -3.307054e+03 ,  2.243126e+03 ,  3.213062e+03 , -1.797807e+03 , -8.176313e+02 , -4.281846e+03 , -1.567369e+03 ,  1.505496e+03 , -4.044445e+03 , -4.600547e+03 , -2.562537e+03 ,  4.689753e+03 ,  3.470571e+03 ,  4.581746e+03 , -4.867181e+03 ,  3.667442e+03 , -2.909918e+03 ,  4.671390e+02 ,  4.054846e+03 , -3.716791e+02 ,]
positionY_nm_array = [2.605703e+03 ,  4.766169e+03 ,  4.038766e+03 , -1.654477e+03 , -9.658075e+02 , -6.851299e+01 ,  1.554042e+03 , -5.329651e+02 ,  7.292997e+02 , -4.870983e+03 , -2.812017e+03 , -4.708059e+03 , -1.822568e+03 , -2.086755e+03 , -2.872486e+03 ,  3.733405e+03 , -1.411540e+03 , -1.964367e+03 ,  4.722084e+03 , -4.811201e+03 ,  4.313476e+03 ,  1.806284e+03 ,  3.286910e+03 , -2.639152e+03 , -4.587104e+03 , -3.792773e+03 , -1.585036e+03 ,  1.434249e+03 , -3.345346e+03 ,  2.285246e+03 ,  4.364610e+02 ,  1.812741e+03 ,  1.025751e+03 ,  5.534359e+02 ,  4.712811e+03 ,  1.025774e+03 , -2.786397e+03 , -3.128058e+03 ,  3.528334e+03 ,  2.400463e+03 , -5.530828e+02 , -4.430095e+03 ,  2.684515e+03 ,  2.680327e+03 , -6.223679e+02 , -2.665612e+03 ,  3.595778e+03 ,  9.231711e+01 ,  3.317935e+02 , -3.791816e+03 ,]
angleInclination_array = [6.981317e-01 , 6.981317e-01 , 6.981317e-01 , 6.981317e-01 , 6.981317e-01 , 6.981317e-01 , 6.981317e-01 , 6.981317e-01 , 6.981317e-01 , 6.981317e-01 , 6.981317e-01 , 6.981317e-01 , 6.981317e-01 , 6.981317e-01 , 6.981317e-01 , 6.981317e-01 , 6.981317e-01 , 6.981317e-01 , 6.981317e-01 , 6.981317e-01 , 6.981317e-01 , 6.981317e-01 , 6.981317e-01 , 6.981317e-01 , 6.981317e-01 , 6.981317e-01 , 6.981317e-01 , 6.981317e-01 , 6.981317e-01 , 6.981317e-01 , 6.981317e-01 , 6.981317e-01 , 6.981317e-01 , 6.981317e-01 , 6.981317e-01 , 6.981317e-01 , 6.981317e-01 , 6.981317e-01 , 6.981317e-01 , 6.981317e-01 , 6.981317e-01 , 6.981317e-01 , 6.981317e-01 , 6.981317e-01 , 6.981317e-01 , 6.981317e-01 , 6.981317e-01 , 6.981317e-01 , 6.981317e-01 , 6.981317e-01 ,]
angleAzimuth_array = [1.396263e+00 , 1.396263e+00 , 1.396263e+00 , 1.396263e+00 , 1.396263e+00 , 1.396263e+00 , 1.396263e+00 , 1.396263e+00 , 1.396263e+00 , 1.396263e+00 , 1.396263e+00 , 1.396263e+00 , 1.396263e+00 , 1.396263e+00 , 1.396263e+00 , 1.396263e+00 , 1.396263e+00 , 1.396263e+00 , 1.396263e+00 , 1.396263e+00 , 1.396263e+00 , 1.396263e+00 , 1.396263e+00 , 1.396263e+00 , 1.396263e+00 , 1.396263e+00 , 1.396263e+00 , 1.396263e+00 , 1.396263e+00 , 1.396263e+00 , 1.396263e+00 , 1.396263e+00 , 1.396263e+00 , 1.396263e+00 , 1.396263e+00 , 1.396263e+00 , 1.396263e+00 , 1.396263e+00 , 1.396263e+00 , 1.396263e+00 , 1.396263e+00 , 1.396263e+00 , 1.396263e+00 , 1.396263e+00 , 1.396263e+00 , 1.396263e+00 , 1.396263e+00 , 1.396263e+00 , 1.396263e+00 , 1.396263e+00 ,]
