% ground truth for sim_inc150_az360.tif
% settings
number_of_spots = 50
pixel_size_nm = 51.200
image_size_nm = 14142.136
image_size_px = 275
wavelength = 500
par.objectiveNA = 2.17
objectiveFocalLength = 770
par.refractiveIndices = [1.310000e+00 , 2.170000e+00 , 2.170000e+00 ,]
par.nDiscretizationBFP = 129
par.backgroundNoise = 0.020
par.nPhotons = 500
positionX_nm_array = [6.749963e+02 ,  2.524257e+03 , -2.027586e+03 , -4.674684e+03 , -3.334642e+03 , -3.439579e+02 , -3.125704e+03 , -2.815313e+03 ,  4.003994e+03 ,  2.802415e+03 , -3.165719e+03 , -4.628672e+03 , -4.251046e+03 ,  3.949364e+03 ,  4.689163e+03 ,  1.048347e+03 ,  2.479935e+03 ,  1.786070e+03 , -3.819599e+03 , -3.038300e+01 ,  3.247806e+03 ,  2.107249e+03 , -1.865395e+03 , -7.075937e+02 , -5.439047e+02 , -5.211852e+02 , -1.139856e+03 ,  1.542093e+03 ,  3.225767e+03 ,  1.454097e+03 ,  4.633893e+03 ,  4.475237e+03 , -2.227318e+03 , -4.947565e+03 ,  3.260081e+01 ,  8.755843e+00 ,  2.190903e+03 ,  3.448805e+03 , -3.867153e+03 , -1.680671e+03 ,  3.346653e+03 , -1.469613e+03 ,  4.381270e+03 ,  1.376715e+03 ,  2.419206e+03 ,  3.639595e+03 , -4.920040e+03 ,  8.597134e+02 , -1.597805e+03 ,  4.650764e+03 ,]
positionY_nm_array = [2.313738e+03 , -3.616086e+03 ,  3.328621e+03 ,  4.382294e+03 , -3.080364e+03 ,  2.722488e+03 , -1.385986e+02 ,  2.297300e+03 ,  2.600143e+03 ,  2.854955e+03 ,  3.850444e+03 ,  1.779328e+03 ,  3.013779e+01 , -3.662367e+03 , -1.826613e+03 ,  4.190414e+03 , -1.069724e+03 ,  2.412717e+03 ,  3.078424e+03 , -8.966023e+02 ,  1.248508e+03 ,  4.773130e+03 , -4.744757e+03 , -4.583119e+03 ,  4.731543e+03 ,  9.186450e+02 , -1.329492e+03 ,  5.587462e+02 ,  3.793783e+03 , -3.999106e+03 ,  4.772342e+03 , -3.396028e+02 , -1.223474e+03 , -8.424240e+02 ,  3.907964e+03 , -3.848503e+03 , -2.392647e+03 ,  9.173102e+01 , -4.846911e+03 ,  8.036944e+02 , -1.819551e+03 , -2.533428e+03 ,  1.205644e+03 , -1.160199e+03 ,  5.160216e+01 , -4.675297e+03 , -2.526428e+03 , -3.015106e+03 ,  1.941652e+03 , -4.774947e+03 ,]
angleInclination_array = [2.617994e+00 , 2.617994e+00 , 2.617994e+00 , 2.617994e+00 , 2.617994e+00 , 2.617994e+00 , 2.617994e+00 , 2.617994e+00 , 2.617994e+00 , 2.617994e+00 , 2.617994e+00 , 2.617994e+00 , 2.617994e+00 , 2.617994e+00 , 2.617994e+00 , 2.617994e+00 , 2.617994e+00 , 2.617994e+00 , 2.617994e+00 , 2.617994e+00 , 2.617994e+00 , 2.617994e+00 , 2.617994e+00 , 2.617994e+00 , 2.617994e+00 , 2.617994e+00 , 2.617994e+00 , 2.617994e+00 , 2.617994e+00 , 2.617994e+00 , 2.617994e+00 , 2.617994e+00 , 2.617994e+00 , 2.617994e+00 , 2.617994e+00 , 2.617994e+00 , 2.617994e+00 , 2.617994e+00 , 2.617994e+00 , 2.617994e+00 , 2.617994e+00 , 2.617994e+00 , 2.617994e+00 , 2.617994e+00 , 2.617994e+00 , 2.617994e+00 , 2.617994e+00 , 2.617994e+00 , 2.617994e+00 , 2.617994e+00 ,]
angleAzimuth_array = [6.283185e+00 , 6.283185e+00 , 6.283185e+00 , 6.283185e+00 , 6.283185e+00 , 6.283185e+00 , 6.283185e+00 , 6.283185e+00 , 6.283185e+00 , 6.283185e+00 , 6.283185e+00 , 6.283185e+00 , 6.283185e+00 , 6.283185e+00 , 6.283185e+00 , 6.283185e+00 , 6.283185e+00 , 6.283185e+00 , 6.283185e+00 , 6.283185e+00 , 6.283185e+00 , 6.283185e+00 , 6.283185e+00 , 6.283185e+00 , 6.283185e+00 , 6.283185e+00 , 6.283185e+00 , 6.283185e+00 , 6.283185e+00 , 6.283185e+00 , 6.283185e+00 , 6.283185e+00 , 6.283185e+00 , 6.283185e+00 , 6.283185e+00 , 6.283185e+00 , 6.283185e+00 , 6.283185e+00 , 6.283185e+00 , 6.283185e+00 , 6.283185e+00 , 6.283185e+00 , 6.283185e+00 , 6.283185e+00 , 6.283185e+00 , 6.283185e+00 , 6.283185e+00 , 6.283185e+00 , 6.283185e+00 , 6.283185e+00 ,]
