% ground truth for sim_inc140_az160.tif
% settings
number_of_spots = 50
pixel_size_nm = 51.200
image_size_nm = 14142.136
image_size_px = 275
wavelength = 500
par.objectiveNA = 2.17
objectiveFocalLength = 770
par.refractiveIndices = [1.310000e+00 , 2.170000e+00 , 2.170000e+00 ,]
par.nDiscretizationBFP = 129
par.backgroundNoise = 0.020
par.nPhotons = 500
positionX_nm_array = [-2.767359e+03 ,  4.294745e+03 , -1.239855e+03 ,  3.670200e+03 ,  1.798041e+03 ,  1.477951e+03 , -3.138313e+03 , -2.306115e+02 , -3.282723e+03 ,  1.429740e+03 , -4.800493e+03 , -1.575793e+03 ,  4.795508e+03 ,  1.965484e+03 , -3.463761e+03 , -3.385664e+03 ,  2.668602e+03 , -4.227998e+03 ,  1.211432e+03 ,  3.766313e+03 ,  2.901285e+03 , -8.377097e+02 ,  4.725812e+03 , -4.823724e+03 ,  1.162789e+03 , -2.456988e+03 , -4.064748e+03 , -8.191125e+02 , -2.154020e+03 ,  4.618752e+03 , -4.217667e+03 ,  1.674069e+03 , -1.946727e+03 ,  2.934032e+03 , -2.382971e+02 , -2.560618e+03 ,  3.716210e+02 ,  3.207080e+03 ,  3.498806e+02 ,  4.815666e+03 , -3.284887e+02 , -2.207506e+03 ,  3.797455e+03 , -5.515050e+01 , -2.055603e+03 ,  3.202073e+02 ,  1.300378e+02 ,  4.466687e+03 ,  1.538556e+03 ,  7.309524e+02 ,]
positionY_nm_array = [-5.841092e+02 ,  1.542790e+03 ,  3.095198e+03 , -2.045547e+03 ,  4.928174e+03 , -4.426425e+03 ,  3.759706e+03 ,  1.330047e+03 , -2.006198e+03 ,  2.611765e+03 ,  1.318413e+03 ,  1.924706e+03 , -4.785983e+02 , -2.217519e+03 , -3.540700e+03 ,  4.338435e+02 , -1.075559e+03 , -1.225231e+03 ,  3.047821e+02 ,  6.278241e+02 ,  2.529037e+03 ,  2.877869e+02 , -4.909180e+03 , -3.423275e+02 , -7.859540e+02 , -2.998289e+03 ,  2.879670e+03 , -1.607648e+03 , -4.009082e+03 , -3.441876e+03 ,  4.466235e+03 ,  1.219380e+03 ,  8.505840e+02 ,  4.278192e+03 , -3.876149e+03 ,  2.610671e+03 , -1.666367e+03 , -4.515582e+03 , -2.707302e+03 , -1.851676e+03 ,  4.374722e+03 ,  4.824333e+03 , -9.880798e+02 , -4.921370e+03 , -1.618946e+03 ,  3.436594e+03 , -3.887718e+02 ,  2.891399e+03 , -3.312286e+03 ,  1.795913e+03 ,]
angleInclination_array = [2.443461e+00 , 2.443461e+00 , 2.443461e+00 , 2.443461e+00 , 2.443461e+00 , 2.443461e+00 , 2.443461e+00 , 2.443461e+00 , 2.443461e+00 , 2.443461e+00 , 2.443461e+00 , 2.443461e+00 , 2.443461e+00 , 2.443461e+00 , 2.443461e+00 , 2.443461e+00 , 2.443461e+00 , 2.443461e+00 , 2.443461e+00 , 2.443461e+00 , 2.443461e+00 , 2.443461e+00 , 2.443461e+00 , 2.443461e+00 , 2.443461e+00 , 2.443461e+00 , 2.443461e+00 , 2.443461e+00 , 2.443461e+00 , 2.443461e+00 , 2.443461e+00 , 2.443461e+00 , 2.443461e+00 , 2.443461e+00 , 2.443461e+00 , 2.443461e+00 , 2.443461e+00 , 2.443461e+00 , 2.443461e+00 , 2.443461e+00 , 2.443461e+00 , 2.443461e+00 , 2.443461e+00 , 2.443461e+00 , 2.443461e+00 , 2.443461e+00 , 2.443461e+00 , 2.443461e+00 , 2.443461e+00 , 2.443461e+00 ,]
angleAzimuth_array = [2.792527e+00 , 2.792527e+00 , 2.792527e+00 , 2.792527e+00 , 2.792527e+00 , 2.792527e+00 , 2.792527e+00 , 2.792527e+00 , 2.792527e+00 , 2.792527e+00 , 2.792527e+00 , 2.792527e+00 , 2.792527e+00 , 2.792527e+00 , 2.792527e+00 , 2.792527e+00 , 2.792527e+00 , 2.792527e+00 , 2.792527e+00 , 2.792527e+00 , 2.792527e+00 , 2.792527e+00 , 2.792527e+00 , 2.792527e+00 , 2.792527e+00 , 2.792527e+00 , 2.792527e+00 , 2.792527e+00 , 2.792527e+00 , 2.792527e+00 , 2.792527e+00 , 2.792527e+00 , 2.792527e+00 , 2.792527e+00 , 2.792527e+00 , 2.792527e+00 , 2.792527e+00 , 2.792527e+00 , 2.792527e+00 , 2.792527e+00 , 2.792527e+00 , 2.792527e+00 , 2.792527e+00 , 2.792527e+00 , 2.792527e+00 , 2.792527e+00 , 2.792527e+00 , 2.792527e+00 , 2.792527e+00 , 2.792527e+00 ,]
