% ground truth for sim_inc30_az280.tif
% settings
number_of_spots = 50
pixel_size_nm = 51.200
image_size_nm = 14142.136
image_size_px = 275
wavelength = 500
par.objectiveNA = 2.17
objectiveFocalLength = 770
par.refractiveIndices = [1.310000e+00 , 2.170000e+00 , 2.170000e+00 ,]
par.nDiscretizationBFP = 129
par.backgroundNoise = 0.020
par.nPhotons = 500
positionX_nm_array = [1.257869e+03 , -4.494634e+03 , -1.191807e+03 , -4.163335e+03 , -3.330259e+03 ,  2.372631e+02 , -4.377928e+02 , -1.893983e+03 , -4.907149e+03 , -3.822440e+03 , -3.220170e+03 , -3.239919e+03 ,  3.198673e+03 ,  3.982149e+02 , -1.515284e+02 ,  1.863218e+03 , -9.349905e+02 , -2.274448e+03 ,  1.408801e+03 ,  4.946360e+03 , -4.238279e+03 , -4.900592e+03 ,  2.867515e+03 , -1.722507e+03 ,  2.871060e+03 ,  3.558445e+03 , -8.726944e+02 , -3.896728e+03 , -2.884280e+03 ,  4.203653e+03 ,  4.269045e+02 , -2.632510e+03 ,  4.640366e+03 ,  3.463352e+03 ,  1.372706e+02 ,  1.457480e+03 , -2.876911e+03 ,  3.928888e+03 ,  2.774765e+03 , -9.201708e+02 , -2.157993e+03 , -2.917850e+03 ,  4.890686e+03 ,  4.612851e+03 ,  4.310420e+03 , -4.866301e+03 ,  6.662355e+02 ,  1.825182e+03 , -1.636845e+03 ,  2.348695e+03 ,]
positionY_nm_array = [-2.138046e+03 ,  1.942060e+03 , -4.138376e+03 , -3.011115e+03 ,  1.301421e+03 , -4.627234e+02 , -2.271731e+03 ,  1.904428e+03 , -1.576737e+03 , -2.000083e+03 ,  4.918929e+03 , -3.597250e+02 , -3.898068e+03 , -4.502013e+03 ,  4.173446e+03 , -1.408145e+02 ,  2.323570e+03 , -7.574723e+02 ,  4.070669e+03 , -4.471241e+03 ,  3.273997e+03 ,  6.170966e+01 , -4.843146e+03 , -1.885011e+03 ,  2.714267e+03 ,  5.488632e+02 ,  1.895230e+02 , -4.083317e+03 , -3.403244e+03 ,  3.436670e+03 ,  2.662930e+03 , -4.520303e+03 , -2.433528e+02 , -2.278687e+03 ,  1.163650e+03 , -3.749896e+03 ,  2.623621e+03 , -1.077412e+03 ,  4.401926e+03 ,  1.275085e+03 ,  4.896607e+03 , -1.527541e+03 , -2.907510e+03 ,  2.055476e+03 ,  4.945470e+03 , -4.443061e+03 ,  4.923534e+03 ,  2.501607e+03 ,  3.720824e+03 , -1.983875e+03 ,]
angleInclination_array = [5.235988e-01 , 5.235988e-01 , 5.235988e-01 , 5.235988e-01 , 5.235988e-01 , 5.235988e-01 , 5.235988e-01 , 5.235988e-01 , 5.235988e-01 , 5.235988e-01 , 5.235988e-01 , 5.235988e-01 , 5.235988e-01 , 5.235988e-01 , 5.235988e-01 , 5.235988e-01 , 5.235988e-01 , 5.235988e-01 , 5.235988e-01 , 5.235988e-01 , 5.235988e-01 , 5.235988e-01 , 5.235988e-01 , 5.235988e-01 , 5.235988e-01 , 5.235988e-01 , 5.235988e-01 , 5.235988e-01 , 5.235988e-01 , 5.235988e-01 , 5.235988e-01 , 5.235988e-01 , 5.235988e-01 , 5.235988e-01 , 5.235988e-01 , 5.235988e-01 , 5.235988e-01 , 5.235988e-01 , 5.235988e-01 , 5.235988e-01 , 5.235988e-01 , 5.235988e-01 , 5.235988e-01 , 5.235988e-01 , 5.235988e-01 , 5.235988e-01 , 5.235988e-01 , 5.235988e-01 , 5.235988e-01 , 5.235988e-01 ,]
angleAzimuth_array = [4.886922e+00 , 4.886922e+00 , 4.886922e+00 , 4.886922e+00 , 4.886922e+00 , 4.886922e+00 , 4.886922e+00 , 4.886922e+00 , 4.886922e+00 , 4.886922e+00 , 4.886922e+00 , 4.886922e+00 , 4.886922e+00 , 4.886922e+00 , 4.886922e+00 , 4.886922e+00 , 4.886922e+00 , 4.886922e+00 , 4.886922e+00 , 4.886922e+00 , 4.886922e+00 , 4.886922e+00 , 4.886922e+00 , 4.886922e+00 , 4.886922e+00 , 4.886922e+00 , 4.886922e+00 , 4.886922e+00 , 4.886922e+00 , 4.886922e+00 , 4.886922e+00 , 4.886922e+00 , 4.886922e+00 , 4.886922e+00 , 4.886922e+00 , 4.886922e+00 , 4.886922e+00 , 4.886922e+00 , 4.886922e+00 , 4.886922e+00 , 4.886922e+00 , 4.886922e+00 , 4.886922e+00 , 4.886922e+00 , 4.886922e+00 , 4.886922e+00 , 4.886922e+00 , 4.886922e+00 , 4.886922e+00 , 4.886922e+00 ,]
