% ground truth for sim_inc90_az160.tif
% settings
number_of_spots = 50
pixel_size_nm = 51.200
image_size_nm = 14142.136
image_size_px = 275
wavelength = 500
par.objectiveNA = 2.17
objectiveFocalLength = 770
par.refractiveIndices = [1.310000e+00 , 2.170000e+00 , 2.170000e+00 ,]
par.nDiscretizationBFP = 129
par.backgroundNoise = 0.020
par.nPhotons = 500
positionX_nm_array = [3.991938e+03 , -5.170421e+02 ,  3.338924e+03 , -3.371741e+03 , -1.828517e+02 , -3.903983e+03 ,  8.355658e+01 ,  3.404461e+03 , -4.186079e+03 ,  4.498141e+03 ,  1.506563e+03 ,  4.836075e+03 ,  1.841139e+03 , -1.856118e+03 ,  3.380046e+03 , -2.099108e+03 ,  4.379904e+03 ,  1.705705e+03 , -1.811733e+03 ,  9.395339e+02 ,  1.417735e+03 , -1.677528e+03 ,  2.659611e+02 , -1.894527e+03 ,  1.937269e+03 ,  3.142144e+03 , -1.270446e+03 , -2.940129e+03 ,  3.245834e+03 ,  9.259652e+02 , -4.345468e+03 , -2.977188e+02 ,  2.210976e+03 ,  3.162220e+03 , -4.766705e+03 ,  2.505959e+03 ,  4.308694e+03 , -4.491679e+03 ,  2.844034e+03 , -3.787982e+03 , -4.462002e+03 ,  4.595051e+03 , -2.303163e+03 ,  5.912046e+02 , -7.357481e+02 ,  1.066535e+02 , -1.920399e+03 ,  1.857692e+03 , -4.903704e+03 , -4.235026e+03 ,]
positionY_nm_array = [4.234389e+03 ,  3.157820e+02 , -5.059767e+02 , -1.565222e+02 ,  3.113843e+03 , -1.589985e+03 , -2.681283e+03 , -1.942375e+03 ,  3.570976e+03 ,  2.331337e+03 ,  1.969054e+02 ,  3.666883e+03 , -3.617984e+03 ,  2.883943e+03 ,  2.961857e+03 , -4.483364e+03 , -1.311029e+03 ,  1.536577e+03 ,  3.990711e+03 ,  3.969763e+03 , -1.767256e+03 , -3.482512e+03 , -8.786845e+02 , -1.649237e+03 ,  2.620705e+03 , -4.343380e+03 ,  1.324695e+03 ,  4.561262e+03 ,  1.867877e+03 , -4.941630e+03 ,  9.960203e+02 , -3.888345e+03 , -1.007718e+03 , -3.112986e+03 , -4.104896e+03 ,  3.535190e+03 , -3.025330e+03 , -2.310536e+02 ,  5.754204e+02 , -3.437195e+03 ,  4.851730e+03 ,  1.915942e+02 , -2.572149e+03 ,  1.709682e+03 ,  2.258096e+03 ,  4.917150e+03 , -4.448130e+02 ,  4.755869e+03 , -1.313717e+03 ,  2.482922e+03 ,]
angleInclination_array = [1.570796e+00 , 1.570796e+00 , 1.570796e+00 , 1.570796e+00 , 1.570796e+00 , 1.570796e+00 , 1.570796e+00 , 1.570796e+00 , 1.570796e+00 , 1.570796e+00 , 1.570796e+00 , 1.570796e+00 , 1.570796e+00 , 1.570796e+00 , 1.570796e+00 , 1.570796e+00 , 1.570796e+00 , 1.570796e+00 , 1.570796e+00 , 1.570796e+00 , 1.570796e+00 , 1.570796e+00 , 1.570796e+00 , 1.570796e+00 , 1.570796e+00 , 1.570796e+00 , 1.570796e+00 , 1.570796e+00 , 1.570796e+00 , 1.570796e+00 , 1.570796e+00 , 1.570796e+00 , 1.570796e+00 , 1.570796e+00 , 1.570796e+00 , 1.570796e+00 , 1.570796e+00 , 1.570796e+00 , 1.570796e+00 , 1.570796e+00 , 1.570796e+00 , 1.570796e+00 , 1.570796e+00 , 1.570796e+00 , 1.570796e+00 , 1.570796e+00 , 1.570796e+00 , 1.570796e+00 , 1.570796e+00 , 1.570796e+00 ,]
angleAzimuth_array = [2.792527e+00 , 2.792527e+00 , 2.792527e+00 , 2.792527e+00 , 2.792527e+00 , 2.792527e+00 , 2.792527e+00 , 2.792527e+00 , 2.792527e+00 , 2.792527e+00 , 2.792527e+00 , 2.792527e+00 , 2.792527e+00 , 2.792527e+00 , 2.792527e+00 , 2.792527e+00 , 2.792527e+00 , 2.792527e+00 , 2.792527e+00 , 2.792527e+00 , 2.792527e+00 , 2.792527e+00 , 2.792527e+00 , 2.792527e+00 , 2.792527e+00 , 2.792527e+00 , 2.792527e+00 , 2.792527e+00 , 2.792527e+00 , 2.792527e+00 , 2.792527e+00 , 2.792527e+00 , 2.792527e+00 , 2.792527e+00 , 2.792527e+00 , 2.792527e+00 , 2.792527e+00 , 2.792527e+00 , 2.792527e+00 , 2.792527e+00 , 2.792527e+00 , 2.792527e+00 , 2.792527e+00 , 2.792527e+00 , 2.792527e+00 , 2.792527e+00 , 2.792527e+00 , 2.792527e+00 , 2.792527e+00 , 2.792527e+00 ,]
