% ground truth for sim_inc110_az160.tif
% settings
number_of_spots = 50
pixel_size_nm = 51.200
image_size_nm = 14142.136
image_size_px = 275
wavelength = 500
par.objectiveNA = 2.17
objectiveFocalLength = 770
par.refractiveIndices = [1.310000e+00 , 2.170000e+00 , 2.170000e+00 ,]
par.nDiscretizationBFP = 129
par.backgroundNoise = 0.020
par.nPhotons = 500
positionX_nm_array = [-2.370705e+03 ,  8.987305e+02 ,  4.244466e+03 , -2.124151e+03 ,  3.945285e+03 , -3.908194e+03 ,  3.992355e+03 ,  4.246465e+03 , -3.643940e+03 ,  4.265939e+03 ,  5.151699e+02 , -9.323627e+02 ,  1.686632e+03 , -3.314223e+02 ,  4.180974e+02 ,  4.855593e+03 ,  2.480830e+03 , -1.330875e+03 , -1.609729e+03 , -4.914494e+03 , -2.783083e+03 ,  2.507902e+03 , -4.503961e+03 ,  1.850357e+03 , -1.994484e+02 ,  2.910354e+03 , -2.600039e+03 , -3.674127e+03 ,  3.827974e+02 , -2.872528e+03 , -3.896034e+03 ,  3.073349e+03 ,  2.757542e+03 ,  7.145026e+02 , -4.790024e+03 , -2.651743e+03 , -1.259278e+03 ,  1.227506e+03 , -4.748267e+03 ,  1.436752e+03 ,  1.836830e+03 ,  2.133284e+02 , -9.260904e+02 ,  4.720840e+03 , -3.392543e+03 , -1.524205e+03 , -4.691367e+03 , -3.408020e+03 , -1.768682e+03 , -2.144552e+03 ,]
positionY_nm_array = [-2.200265e+03 , -4.626641e+03 ,  3.851412e+03 , -4.740786e+03 ,  1.052844e+03 ,  1.452096e+03 ,  2.794641e+03 , -4.785163e+03 , -2.657922e+03 , -1.491599e+03 ,  2.899801e+03 , -4.914734e+03 , -1.238800e+02 ,  7.259056e+02 , -1.076072e+03 ,  2.113685e+03 ,  4.033135e+03 ,  3.669051e+03 , -5.781581e+02 ,  1.495845e+03 ,  6.199822e+02 , -1.557733e+03 ,  7.019469e+01 ,  2.049463e+03 , -3.440437e+03 ,  2.350912e+03 ,  1.841546e+03 ,  3.199073e+03 , -2.419323e+03 ,  4.260924e+03 , -4.626241e+03 , -2.740172e+03 , -4.454139e+03 ,  1.331504e+03 , -3.958464e+03 , -4.020240e+02 ,  2.153281e+03 , -3.446073e+03 ,  4.762940e+03 ,  3.593930e+03 ,  4.875979e+03 ,  4.014944e+03 , -1.793488e+03 , -3.056827e+03 , -3.694769e+03 ,  8.788069e+02 , -2.399587e+03 , -1.300217e+03 , -3.534145e+03 ,  3.049364e+03 ,]
angleInclination_array = [1.919862e+00 , 1.919862e+00 , 1.919862e+00 , 1.919862e+00 , 1.919862e+00 , 1.919862e+00 , 1.919862e+00 , 1.919862e+00 , 1.919862e+00 , 1.919862e+00 , 1.919862e+00 , 1.919862e+00 , 1.919862e+00 , 1.919862e+00 , 1.919862e+00 , 1.919862e+00 , 1.919862e+00 , 1.919862e+00 , 1.919862e+00 , 1.919862e+00 , 1.919862e+00 , 1.919862e+00 , 1.919862e+00 , 1.919862e+00 , 1.919862e+00 , 1.919862e+00 , 1.919862e+00 , 1.919862e+00 , 1.919862e+00 , 1.919862e+00 , 1.919862e+00 , 1.919862e+00 , 1.919862e+00 , 1.919862e+00 , 1.919862e+00 , 1.919862e+00 , 1.919862e+00 , 1.919862e+00 , 1.919862e+00 , 1.919862e+00 , 1.919862e+00 , 1.919862e+00 , 1.919862e+00 , 1.919862e+00 , 1.919862e+00 , 1.919862e+00 , 1.919862e+00 , 1.919862e+00 , 1.919862e+00 , 1.919862e+00 ,]
angleAzimuth_array = [2.792527e+00 , 2.792527e+00 , 2.792527e+00 , 2.792527e+00 , 2.792527e+00 , 2.792527e+00 , 2.792527e+00 , 2.792527e+00 , 2.792527e+00 , 2.792527e+00 , 2.792527e+00 , 2.792527e+00 , 2.792527e+00 , 2.792527e+00 , 2.792527e+00 , 2.792527e+00 , 2.792527e+00 , 2.792527e+00 , 2.792527e+00 , 2.792527e+00 , 2.792527e+00 , 2.792527e+00 , 2.792527e+00 , 2.792527e+00 , 2.792527e+00 , 2.792527e+00 , 2.792527e+00 , 2.792527e+00 , 2.792527e+00 , 2.792527e+00 , 2.792527e+00 , 2.792527e+00 , 2.792527e+00 , 2.792527e+00 , 2.792527e+00 , 2.792527e+00 , 2.792527e+00 , 2.792527e+00 , 2.792527e+00 , 2.792527e+00 , 2.792527e+00 , 2.792527e+00 , 2.792527e+00 , 2.792527e+00 , 2.792527e+00 , 2.792527e+00 , 2.792527e+00 , 2.792527e+00 , 2.792527e+00 , 2.792527e+00 ,]
