% ground truth for sim_inc170_az140.tif
% settings
number_of_spots = 50
pixel_size_nm = 51.200
image_size_nm = 14142.136
image_size_px = 275
wavelength = 500
par.objectiveNA = 2.17
objectiveFocalLength = 770
par.refractiveIndices = [1.310000e+00 , 2.170000e+00 , 2.170000e+00 ,]
par.nDiscretizationBFP = 129
par.backgroundNoise = 0.020
par.nPhotons = 500
positionX_nm_array = [-4.254020e+03 ,  3.816934e+03 ,  4.538792e+03 ,  2.525870e+03 ,  5.226105e+02 , -4.867839e+03 ,  2.624728e+02 , -8.735706e+02 , -3.736887e+02 , -2.285288e+03 ,  3.249351e+03 , -3.560655e+02 ,  3.440549e+03 , -2.453063e+03 ,  1.556711e+03 , -5.467331e+02 , -3.971831e+03 , -4.687858e+03 ,  1.787646e+03 , -1.851199e+03 , -1.472938e+03 , -5.203423e+02 , -3.872013e+03 ,  7.115806e+02 , -4.547078e+03 ,  4.818980e+03 ,  4.670807e+02 , -1.338125e+03 ,  2.555811e+03 ,  3.957725e+03 ,  2.513927e+03 , -2.399817e+03 ,  4.740138e+03 , -2.186730e+03 ,  4.591895e+03 ,  1.620438e+03 , -3.134208e+03 ,  1.636268e+03 , -1.064703e+03 , -3.548420e+02 ,  1.380189e+03 , -3.280842e+03 ,  4.800919e+03 , -4.888154e+03 ,  7.396322e+02 ,  2.888055e+03 , -3.545208e+03 ,  3.610393e+03 , -7.094514e+02 ,  4.095600e+03 ,]
positionY_nm_array = [4.299892e+03 , -4.641761e+03 ,  3.819862e+03 ,  4.448778e+03 , -1.120238e+03 , -2.735772e+03 , -2.213994e+03 ,  4.125100e+03 ,  1.487259e+03 , -4.283430e+03 ,  2.637940e+03 ,  3.098134e+03 ,  1.358412e+03 ,  2.510219e+03 ,  3.649247e+02 , -3.860712e+03 , -8.537442e+02 ,  2.983457e+03 , -3.999872e+03 , -3.227306e+03 ,  1.260058e+03 , -1.283532e+03 ,  7.425779e+02 ,  3.052294e+03 , -4.067335e+03 , -4.708110e+03 ,  6.000645e+02 ,  2.418367e+03 , -2.060771e+03 , -2.059387e+02 , -3.180996e+03 , -2.000965e+03 ,  7.392095e+02 , -2.380037e+02 ,  2.537694e+03 , -1.601540e+03 ,  3.648823e+03 ,  2.197974e+03 , -4.781984e+03 , -1.130307e+02 , -2.956516e+03 , -2.704361e+03 , -2.074360e+03 ,  3.907399e+02 ,  4.479387e+03 , -3.025608e+02 ,  1.809452e+03 , -2.632226e+03 , -2.477218e+03 , -3.625228e+03 ,]
angleInclination_array = [2.967060e+00 , 2.967060e+00 , 2.967060e+00 , 2.967060e+00 , 2.967060e+00 , 2.967060e+00 , 2.967060e+00 , 2.967060e+00 , 2.967060e+00 , 2.967060e+00 , 2.967060e+00 , 2.967060e+00 , 2.967060e+00 , 2.967060e+00 , 2.967060e+00 , 2.967060e+00 , 2.967060e+00 , 2.967060e+00 , 2.967060e+00 , 2.967060e+00 , 2.967060e+00 , 2.967060e+00 , 2.967060e+00 , 2.967060e+00 , 2.967060e+00 , 2.967060e+00 , 2.967060e+00 , 2.967060e+00 , 2.967060e+00 , 2.967060e+00 , 2.967060e+00 , 2.967060e+00 , 2.967060e+00 , 2.967060e+00 , 2.967060e+00 , 2.967060e+00 , 2.967060e+00 , 2.967060e+00 , 2.967060e+00 , 2.967060e+00 , 2.967060e+00 , 2.967060e+00 , 2.967060e+00 , 2.967060e+00 , 2.967060e+00 , 2.967060e+00 , 2.967060e+00 , 2.967060e+00 , 2.967060e+00 , 2.967060e+00 ,]
angleAzimuth_array = [2.443461e+00 , 2.443461e+00 , 2.443461e+00 , 2.443461e+00 , 2.443461e+00 , 2.443461e+00 , 2.443461e+00 , 2.443461e+00 , 2.443461e+00 , 2.443461e+00 , 2.443461e+00 , 2.443461e+00 , 2.443461e+00 , 2.443461e+00 , 2.443461e+00 , 2.443461e+00 , 2.443461e+00 , 2.443461e+00 , 2.443461e+00 , 2.443461e+00 , 2.443461e+00 , 2.443461e+00 , 2.443461e+00 , 2.443461e+00 , 2.443461e+00 , 2.443461e+00 , 2.443461e+00 , 2.443461e+00 , 2.443461e+00 , 2.443461e+00 , 2.443461e+00 , 2.443461e+00 , 2.443461e+00 , 2.443461e+00 , 2.443461e+00 , 2.443461e+00 , 2.443461e+00 , 2.443461e+00 , 2.443461e+00 , 2.443461e+00 , 2.443461e+00 , 2.443461e+00 , 2.443461e+00 , 2.443461e+00 , 2.443461e+00 , 2.443461e+00 , 2.443461e+00 , 2.443461e+00 , 2.443461e+00 , 2.443461e+00 ,]
