% ground truth for sim_inc150_az20.tif
% settings
number_of_spots = 50
pixel_size_nm = 51.200
image_size_nm = 14142.136
image_size_px = 275
wavelength = 500
par.objectiveNA = 2.17
objectiveFocalLength = 770
par.refractiveIndices = [1.310000e+00 , 2.170000e+00 , 2.170000e+00 ,]
par.nDiscretizationBFP = 129
par.backgroundNoise = 0.020
par.nPhotons = 500
positionX_nm_array = [2.686504e+03 , -1.858675e+03 , -2.843278e+02 , -4.915444e+03 , -1.123691e+03 , -3.707566e+03 ,  1.466808e+03 ,  1.195860e+01 , -3.682039e+03 , -3.038121e+03 ,  4.334103e+03 , -2.445728e+03 , -7.214994e+02 , -3.264948e+03 , -4.727089e+03 ,  1.804813e+03 ,  3.840414e+03 ,  3.119602e+03 , -1.079457e+03 ,  4.804598e+03 , -4.396261e+03 ,  3.050833e+03 , -3.833019e+03 ,  4.097177e+03 , -4.935579e+03 ,  5.351677e+02 ,  7.906225e+02 ,  9.927334e+02 , -2.452356e+03 ,  2.828326e+03 ,  3.757796e+03 ,  9.049810e+02 , -2.456023e+03 , -3.808311e+03 ,  1.192264e+03 , -1.423126e+03 , -4.874685e+03 ,  1.855817e+03 , -3.137660e+03 , -1.209499e+03 , -4.368578e+03 ,  4.904835e+03 ,  3.906383e+03 ,  6.386913e+01 ,  6.749968e+02 ,  4.225099e+03 ,  1.900076e+03 , -2.041005e+02 ,  4.887881e+03 , -4.941813e+01 ,]
positionY_nm_array = [-4.080624e+03 , -4.099188e+03 ,  1.980065e+03 ,  2.798281e+03 ,  4.217403e+03 ,  1.007000e+03 ,  2.222306e+03 , -4.846762e+03 , -4.853541e+03 , -2.723914e+03 , -1.299547e+03 ,  1.097156e+03 , -3.297521e+03 , -8.142206e+02 , -4.546504e+03 , -2.456389e+03 , -2.557594e+03 ,  3.169300e+03 , -2.035194e+02 , -4.093454e+03 , -3.053341e+03 ,  1.246127e+03 ,  4.676666e+03 ,  1.862704e+03 ,  1.344622e+03 , -4.750725e+02 , -3.313753e+03 ,  3.699573e+03 ,  2.974644e+03 , -1.345237e+03 , -4.937529e+03 ,  5.107869e+02 ,  4.215044e+03 ,  3.224665e+03 , -4.575344e+03 ,  2.530227e+03 ,  4.727136e+03 , -7.611684e+01 ,  1.926216e+03 ,  1.048320e+03 , -4.751192e+02 ,  3.771904e+03 ,  4.458655e+03 , -1.516220e+03 ,  4.793941e+03 , -1.870606e+02 ,  4.451207e+03 ,  8.267056e+02 , -2.167977e+03 , -2.542944e+03 ,]
angleInclination_array = [2.617994e+00 , 2.617994e+00 , 2.617994e+00 , 2.617994e+00 , 2.617994e+00 , 2.617994e+00 , 2.617994e+00 , 2.617994e+00 , 2.617994e+00 , 2.617994e+00 , 2.617994e+00 , 2.617994e+00 , 2.617994e+00 , 2.617994e+00 , 2.617994e+00 , 2.617994e+00 , 2.617994e+00 , 2.617994e+00 , 2.617994e+00 , 2.617994e+00 , 2.617994e+00 , 2.617994e+00 , 2.617994e+00 , 2.617994e+00 , 2.617994e+00 , 2.617994e+00 , 2.617994e+00 , 2.617994e+00 , 2.617994e+00 , 2.617994e+00 , 2.617994e+00 , 2.617994e+00 , 2.617994e+00 , 2.617994e+00 , 2.617994e+00 , 2.617994e+00 , 2.617994e+00 , 2.617994e+00 , 2.617994e+00 , 2.617994e+00 , 2.617994e+00 , 2.617994e+00 , 2.617994e+00 , 2.617994e+00 , 2.617994e+00 , 2.617994e+00 , 2.617994e+00 , 2.617994e+00 , 2.617994e+00 , 2.617994e+00 ,]
angleAzimuth_array = [3.490659e-01 , 3.490659e-01 , 3.490659e-01 , 3.490659e-01 , 3.490659e-01 , 3.490659e-01 , 3.490659e-01 , 3.490659e-01 , 3.490659e-01 , 3.490659e-01 , 3.490659e-01 , 3.490659e-01 , 3.490659e-01 , 3.490659e-01 , 3.490659e-01 , 3.490659e-01 , 3.490659e-01 , 3.490659e-01 , 3.490659e-01 , 3.490659e-01 , 3.490659e-01 , 3.490659e-01 , 3.490659e-01 , 3.490659e-01 , 3.490659e-01 , 3.490659e-01 , 3.490659e-01 , 3.490659e-01 , 3.490659e-01 , 3.490659e-01 , 3.490659e-01 , 3.490659e-01 , 3.490659e-01 , 3.490659e-01 , 3.490659e-01 , 3.490659e-01 , 3.490659e-01 , 3.490659e-01 , 3.490659e-01 , 3.490659e-01 , 3.490659e-01 , 3.490659e-01 , 3.490659e-01 , 3.490659e-01 , 3.490659e-01 , 3.490659e-01 , 3.490659e-01 , 3.490659e-01 , 3.490659e-01 , 3.490659e-01 ,]
