% ground truth for sim_inc90_az300.tif
% settings
number_of_spots = 50
pixel_size_nm = 51.200
image_size_nm = 14142.136
image_size_px = 275
wavelength = 500
par.objectiveNA = 2.17
objectiveFocalLength = 770
par.refractiveIndices = [1.310000e+00 , 2.170000e+00 , 2.170000e+00 ,]
par.nDiscretizationBFP = 129
par.backgroundNoise = 0.020
par.nPhotons = 500
positionX_nm_array = [1.844203e+03 ,  2.991703e+03 ,  1.538880e+03 , -2.259198e+03 ,  2.937074e+03 , -2.005113e+03 ,  3.838404e+03 , -5.917181e+02 , -2.697886e+03 , -3.439782e+03 , -4.450849e+02 ,  1.827033e+02 ,  1.201808e+03 , -1.976369e+03 , -2.133129e+03 ,  4.195891e+03 ,  4.827624e+03 , -2.912111e+03 , -4.548770e+03 ,  3.210719e+03 ,  1.951425e+03 , -3.774429e+03 ,  3.380118e+03 ,  1.921462e+03 ,  1.508816e+03 , -1.123451e+03 ,  4.970577e+02 , -4.227118e+03 ,  8.354838e+02 , -4.784660e+03 , -3.755045e+03 ,  4.438108e+02 , -2.298611e+03 ,  4.239438e+03 ,  2.277519e+03 , -4.227940e+03 ,  4.339983e+03 ,  8.978940e+02 , -4.680230e+03 ,  7.443298e+02 ,  2.716285e+03 , -4.817734e+03 , -7.058850e+02 ,  4.839917e+03 ,  4.781369e+03 , -3.757501e+02 , -1.582409e+03 , -1.720215e+03 ,  8.036626e+02 ,  3.306068e+03 ,]
positionY_nm_array = [5.466580e+02 ,  1.476231e+03 , -2.542481e+03 ,  2.587268e+03 , -4.533574e+03 ,  3.735785e+03 , -4.208335e+02 , -4.105973e+03 , -1.166519e+03 , -2.067738e+03 ,  3.140005e+03 ,  2.193187e+03 ,  2.622377e+03 , -3.318907e+03 , -2.144921e+03 , -3.001486e+03 ,  4.881572e+03 ,  1.574722e+03 , -1.374666e+03 , -3.436509e+03 ,  3.993911e+03 ,  3.343445e+02 ,  3.444126e+03 , -4.253177e+03 ,  1.619398e+03 , -2.304040e+03 , -2.927997e+03 ,  3.683829e+03 , -1.550614e+03 , -2.402154e+03 , -4.184573e+03 ,  4.769099e+03 ,  7.066669e+02 ,  1.596541e+03 ,  2.874877e+03 ,  1.868632e+03 , -4.025057e+03 , -4.666248e+02 ,  4.598020e+03 ,  3.796853e+03 , -2.281330e+03 , -4.318930e+03 ,  4.333539e+03 ,  5.843411e+02 , -1.456782e+03 ,  1.009383e+03 , -8.070976e+00 , -4.442045e+03 , -3.923196e+03 ,  4.921086e+03 ,]
angleInclination_array = [1.570796e+00 , 1.570796e+00 , 1.570796e+00 , 1.570796e+00 , 1.570796e+00 , 1.570796e+00 , 1.570796e+00 , 1.570796e+00 , 1.570796e+00 , 1.570796e+00 , 1.570796e+00 , 1.570796e+00 , 1.570796e+00 , 1.570796e+00 , 1.570796e+00 , 1.570796e+00 , 1.570796e+00 , 1.570796e+00 , 1.570796e+00 , 1.570796e+00 , 1.570796e+00 , 1.570796e+00 , 1.570796e+00 , 1.570796e+00 , 1.570796e+00 , 1.570796e+00 , 1.570796e+00 , 1.570796e+00 , 1.570796e+00 , 1.570796e+00 , 1.570796e+00 , 1.570796e+00 , 1.570796e+00 , 1.570796e+00 , 1.570796e+00 , 1.570796e+00 , 1.570796e+00 , 1.570796e+00 , 1.570796e+00 , 1.570796e+00 , 1.570796e+00 , 1.570796e+00 , 1.570796e+00 , 1.570796e+00 , 1.570796e+00 , 1.570796e+00 , 1.570796e+00 , 1.570796e+00 , 1.570796e+00 , 1.570796e+00 ,]
angleAzimuth_array = [5.235988e+00 , 5.235988e+00 , 5.235988e+00 , 5.235988e+00 , 5.235988e+00 , 5.235988e+00 , 5.235988e+00 , 5.235988e+00 , 5.235988e+00 , 5.235988e+00 , 5.235988e+00 , 5.235988e+00 , 5.235988e+00 , 5.235988e+00 , 5.235988e+00 , 5.235988e+00 , 5.235988e+00 , 5.235988e+00 , 5.235988e+00 , 5.235988e+00 , 5.235988e+00 , 5.235988e+00 , 5.235988e+00 , 5.235988e+00 , 5.235988e+00 , 5.235988e+00 , 5.235988e+00 , 5.235988e+00 , 5.235988e+00 , 5.235988e+00 , 5.235988e+00 , 5.235988e+00 , 5.235988e+00 , 5.235988e+00 , 5.235988e+00 , 5.235988e+00 , 5.235988e+00 , 5.235988e+00 , 5.235988e+00 , 5.235988e+00 , 5.235988e+00 , 5.235988e+00 , 5.235988e+00 , 5.235988e+00 , 5.235988e+00 , 5.235988e+00 , 5.235988e+00 , 5.235988e+00 , 5.235988e+00 , 5.235988e+00 ,]
