% ground truth for sim_inc10_az220.tif
% settings
number_of_spots = 50
pixel_size_nm = 51.200
image_size_nm = 14142.136
image_size_px = 275
wavelength = 500
par.objectiveNA = 2.17
objectiveFocalLength = 770
par.refractiveIndices = [1.310000e+00 , 2.170000e+00 , 2.170000e+00 ,]
par.nDiscretizationBFP = 129
par.backgroundNoise = 0.020
par.nPhotons = 500
positionX_nm_array = [2.066035e+03 ,  1.933437e+03 , -2.351744e+03 , -3.056571e+02 , -1.550023e+03 ,  2.824721e+03 ,  2.136884e+03 , -3.657687e+03 , -1.499034e+03 ,  2.854428e+03 ,  9.568484e+02 , -6.837644e+02 ,  4.892684e+03 , -1.516518e+03 , -2.071629e+03 ,  4.932598e+03 , -1.123589e+03 ,  3.755747e+03 , -2.501742e+03 , -3.754673e+03 ,  1.786463e+03 , -2.572013e+03 ,  3.935165e+03 ,  3.515852e+03 , -3.538422e+03 ,  1.111269e+02 , -4.786266e+03 ,  3.240242e+03 , -4.091454e+03 , -1.130120e+03 , -3.387096e+03 ,  3.259588e+03 ,  1.005283e+03 , -7.219822e+02 ,  4.576642e+03 ,  2.426715e+03 ,  1.947770e+03 , -2.505928e+03 ,  4.154775e+03 ,  3.831910e+03 ,  7.185965e+02 , -4.759121e+03 , -3.966406e+03 ,  2.910018e+02 , -4.948763e+03 , -4.589605e+03 , -2.155074e+03 ,  4.145853e+03 ,  9.224736e+02 ,  1.836810e+03 ,]
positionY_nm_array = [2.108141e+03 , -3.079835e+03 , -1.332389e+03 , -3.892825e+03 , -3.887340e+03 ,  8.092253e+02 ,  4.440280e+03 , -1.986833e+03 ,  6.022205e+02 , -1.344486e+03 , -2.789628e+03 , -1.324903e+03 , -1.936195e+03 , -4.853562e+02 ,  4.109268e+03 ,  3.695515e+03 ,  2.514506e+03 , -2.110797e+03 ,  6.788503e+02 , -8.670154e+02 ,  3.415855e+03 , -3.923221e+03 , -4.458742e+03 , -4.192167e+02 ,  3.308550e+03 ,  5.635405e+02 , -4.078238e+03 ,  2.541025e+03 ,  1.948300e+03 , -2.854912e+03 , -3.125598e+03 ,  4.029409e+03 ,  1.077447e+03 ,  3.766487e+03 ,  2.496209e+03 , -3.954063e+02 , -4.330861e+03 ,  2.303751e+03 ,  6.054488e+02 , -3.240179e+03 , -4.395795e+03 , -2.705303e+03 ,  4.795380e+03 ,  3.565701e+03 ,  1.217378e+03 ,  4.804037e+00 , -2.502240e+03 ,  4.730883e+03 , -1.418937e+03 , -2.006448e+03 ,]
angleInclination_array = [1.745329e-01 , 1.745329e-01 , 1.745329e-01 , 1.745329e-01 , 1.745329e-01 , 1.745329e-01 , 1.745329e-01 , 1.745329e-01 , 1.745329e-01 , 1.745329e-01 , 1.745329e-01 , 1.745329e-01 , 1.745329e-01 , 1.745329e-01 , 1.745329e-01 , 1.745329e-01 , 1.745329e-01 , 1.745329e-01 , 1.745329e-01 , 1.745329e-01 , 1.745329e-01 , 1.745329e-01 , 1.745329e-01 , 1.745329e-01 , 1.745329e-01 , 1.745329e-01 , 1.745329e-01 , 1.745329e-01 , 1.745329e-01 , 1.745329e-01 , 1.745329e-01 , 1.745329e-01 , 1.745329e-01 , 1.745329e-01 , 1.745329e-01 , 1.745329e-01 , 1.745329e-01 , 1.745329e-01 , 1.745329e-01 , 1.745329e-01 , 1.745329e-01 , 1.745329e-01 , 1.745329e-01 , 1.745329e-01 , 1.745329e-01 , 1.745329e-01 , 1.745329e-01 , 1.745329e-01 , 1.745329e-01 , 1.745329e-01 ,]
angleAzimuth_array = [3.839724e+00 , 3.839724e+00 , 3.839724e+00 , 3.839724e+00 , 3.839724e+00 , 3.839724e+00 , 3.839724e+00 , 3.839724e+00 , 3.839724e+00 , 3.839724e+00 , 3.839724e+00 , 3.839724e+00 , 3.839724e+00 , 3.839724e+00 , 3.839724e+00 , 3.839724e+00 , 3.839724e+00 , 3.839724e+00 , 3.839724e+00 , 3.839724e+00 , 3.839724e+00 , 3.839724e+00 , 3.839724e+00 , 3.839724e+00 , 3.839724e+00 , 3.839724e+00 , 3.839724e+00 , 3.839724e+00 , 3.839724e+00 , 3.839724e+00 , 3.839724e+00 , 3.839724e+00 , 3.839724e+00 , 3.839724e+00 , 3.839724e+00 , 3.839724e+00 , 3.839724e+00 , 3.839724e+00 , 3.839724e+00 , 3.839724e+00 , 3.839724e+00 , 3.839724e+00 , 3.839724e+00 , 3.839724e+00 , 3.839724e+00 , 3.839724e+00 , 3.839724e+00 , 3.839724e+00 , 3.839724e+00 , 3.839724e+00 ,]
