% ground truth for sim_inc60_az60.tif
% settings
number_of_spots = 50
pixel_size_nm = 51.200
image_size_nm = 14142.136
image_size_px = 275
wavelength = 500
par.objectiveNA = 2.17
objectiveFocalLength = 770
par.refractiveIndices = [1.310000e+00 , 2.170000e+00 , 2.170000e+00 ,]
par.nDiscretizationBFP = 129
par.backgroundNoise = 0.020
par.nPhotons = 500
positionX_nm_array = [1.986118e+03 , -4.856082e+03 , -1.502072e+03 ,  4.633781e+03 , -4.456462e+03 ,  6.322292e+02 ,  1.616850e+03 , -2.101345e+03 ,  3.178684e+03 ,  1.783471e+03 , -4.589099e+03 , -9.924739e+02 ,  3.893875e+03 ,  1.394293e+03 , -1.734278e+03 ,  3.514585e+02 ,  3.695651e+03 ,  2.437787e+03 ,  4.286275e+03 , -7.545719e+02 , -2.684129e+03 ,  2.161788e+03 , -3.723123e+03 ,  7.237688e+02 , -5.701623e+02 ,  4.587052e+03 ,  4.128964e+03 ,  3.907895e+02 ,  1.060317e+03 , -3.200097e+03 , -2.941975e+03 , -3.363238e+03 ,  3.597957e+03 ,  3.140003e+03 , -1.543017e+02 , -4.230256e+03 , -1.802581e+03 ,  4.898664e+03 , -5.631762e+02 ,  4.695469e+03 , -1.297931e+03 ,  4.736616e+03 ,  3.507400e+03 , -4.297662e+03 , -2.809570e+03 , -4.703830e+03 ,  2.688930e+03 , -7.528815e+02 , -2.335405e+03 , -4.078284e+03 ,]
positionY_nm_array = [1.894545e+03 , -1.550448e+03 , -6.450851e+02 ,  4.773464e+03 ,  3.227765e+03 ,  2.634995e+03 , -3.626721e+03 , -3.491280e+03 , -1.810501e+02 ,  1.956200e+02 , -2.720257e+03 ,  3.195311e+03 , -4.869329e+03 ,  4.561323e+03 ,  4.760154e+02 , -7.440679e+02 , -1.309946e+03 , -1.953788e+03 ,  8.404256e+02 ,  2.016061e+03 ,  1.139970e+03 , -4.905478e+03 ,  9.861317e+02 ,  1.201007e+03 ,  4.764604e+03 , -3.943991e+03 ,  2.056688e+03 , -3.671536e+03 , -2.293079e+03 , -3.776849e+03 ,  4.913842e+03 , -2.505663e+03 , -2.311854e+03 ,  2.584026e+03 ,  5.455388e+02 , -4.945103e+02 ,  4.385554e+03 ,  3.724262e+03 , -3.197371e+03 , -2.127145e+03 , -4.259976e+03 , -5.104809e+02 , -3.839411e+03 ,  4.824133e+03 ,  3.348059e+03 ,  1.902046e+03 ,  3.944503e+03 , -2.116006e+03 , -4.699192e+03 , -4.695502e+03 ,]
angleInclination_array = [1.047198e+00 , 1.047198e+00 , 1.047198e+00 , 1.047198e+00 , 1.047198e+00 , 1.047198e+00 , 1.047198e+00 , 1.047198e+00 , 1.047198e+00 , 1.047198e+00 , 1.047198e+00 , 1.047198e+00 , 1.047198e+00 , 1.047198e+00 , 1.047198e+00 , 1.047198e+00 , 1.047198e+00 , 1.047198e+00 , 1.047198e+00 , 1.047198e+00 , 1.047198e+00 , 1.047198e+00 , 1.047198e+00 , 1.047198e+00 , 1.047198e+00 , 1.047198e+00 , 1.047198e+00 , 1.047198e+00 , 1.047198e+00 , 1.047198e+00 , 1.047198e+00 , 1.047198e+00 , 1.047198e+00 , 1.047198e+00 , 1.047198e+00 , 1.047198e+00 , 1.047198e+00 , 1.047198e+00 , 1.047198e+00 , 1.047198e+00 , 1.047198e+00 , 1.047198e+00 , 1.047198e+00 , 1.047198e+00 , 1.047198e+00 , 1.047198e+00 , 1.047198e+00 , 1.047198e+00 , 1.047198e+00 , 1.047198e+00 ,]
angleAzimuth_array = [1.047198e+00 , 1.047198e+00 , 1.047198e+00 , 1.047198e+00 , 1.047198e+00 , 1.047198e+00 , 1.047198e+00 , 1.047198e+00 , 1.047198e+00 , 1.047198e+00 , 1.047198e+00 , 1.047198e+00 , 1.047198e+00 , 1.047198e+00 , 1.047198e+00 , 1.047198e+00 , 1.047198e+00 , 1.047198e+00 , 1.047198e+00 , 1.047198e+00 , 1.047198e+00 , 1.047198e+00 , 1.047198e+00 , 1.047198e+00 , 1.047198e+00 , 1.047198e+00 , 1.047198e+00 , 1.047198e+00 , 1.047198e+00 , 1.047198e+00 , 1.047198e+00 , 1.047198e+00 , 1.047198e+00 , 1.047198e+00 , 1.047198e+00 , 1.047198e+00 , 1.047198e+00 , 1.047198e+00 , 1.047198e+00 , 1.047198e+00 , 1.047198e+00 , 1.047198e+00 , 1.047198e+00 , 1.047198e+00 , 1.047198e+00 , 1.047198e+00 , 1.047198e+00 , 1.047198e+00 , 1.047198e+00 , 1.047198e+00 ,]
