% ground truth for sim_inc0_az220.tif
% settings
number_of_spots = 50
pixel_size_nm = 51.200
image_size_nm = 14142.136
image_size_px = 275
wavelength = 500
par.objectiveNA = 2.17
objectiveFocalLength = 770
par.refractiveIndices = [1.310000e+00 , 2.170000e+00 , 2.170000e+00 ,]
par.nDiscretizationBFP = 129
par.backgroundNoise = 0.020
par.nPhotons = 500
positionX_nm_array = [-3.235760e+03 , -1.316072e+03 , -1.223296e+03 ,  3.837538e+03 , -4.144882e+03 ,  2.995727e+03 ,  3.715521e+03 , -4.695407e+03 , -1.222977e+03 , -1.528914e+03 , -1.659664e+03 ,  2.740535e+03 , -4.704283e+03 ,  1.249212e+03 ,  1.219454e+03 , -8.021088e+02 ,  3.267803e+02 , -1.052679e+02 , -2.465280e+03 ,  4.319658e+03 , -2.404710e+03 ,  2.165719e+03 ,  1.190624e+03 ,  2.710575e+03 , -4.662227e+03 ,  9.912679e+02 , -2.113623e+03 , -3.192053e+03 ,  2.236801e+03 , -3.207327e+03 , -4.703825e+03 , -4.343162e+03 ,  2.764625e+03 ,  3.403408e+03 , -4.135467e+03 ,  1.647043e+02 ,  4.810869e+03 ,  3.381036e+03 ,  1.336055e+03 ,  4.662277e+03 ,  1.916324e+02 ,  1.458904e+03 ,  2.568182e+03 ,  8.396909e+02 , -3.488406e+03 ,  3.845126e+03 , -8.301824e+02 , -5.174839e+02 , -3.726213e+03 , -2.332059e+03 ,]
positionY_nm_array = [2.799210e+03 ,  2.146659e+03 , -1.638382e+03 ,  1.735146e+03 ,  9.817387e+02 ,  4.519282e+03 , -2.203840e+03 , -2.096166e+03 , -3.417882e+03 , -4.906251e+03 ,  3.643775e+03 , -4.106572e+03 , -4.568766e+03 , -4.934469e+03 ,  3.609907e+03 ,  7.161958e+02 ,  4.334891e+03 ,  1.907473e+03 , -2.805774e+03 , -1.052395e+03 , -1.514311e+02 , -2.726224e+03 ,  8.470178e+02 , -1.617260e+03 , -3.488246e+03 , -2.427555e+03 ,  1.206293e+03 ,  4.087853e+03 ,  2.387930e+02 , -4.055949e+03 , -4.673218e+02 ,  2.187198e+03 ,  1.533159e+03 , -3.333349e+03 ,  4.763755e+03 , -9.398489e+01 ,  1.482707e+03 , -2.805494e+02 , -1.979394e+02 , -4.398334e+03 , -3.783530e+03 ,  2.216298e+03 ,  3.225594e+03 , -1.077874e+03 , -1.176235e+03 ,  3.170161e+03 ,  4.452418e+03 , -4.934936e+03 ,  4.717912e+01 , -1.261691e+03 ,]
angleInclination_array = [0 , 0 , 0 , 0 , 0 , 0 , 0 , 0 , 0 , 0 , 0 , 0 , 0 , 0 , 0 , 0 , 0 , 0 , 0 , 0 , 0 , 0 , 0 , 0 , 0 , 0 , 0 , 0 , 0 , 0 , 0 , 0 , 0 , 0 , 0 , 0 , 0 , 0 , 0 , 0 , 0 , 0 , 0 , 0 , 0 , 0 , 0 , 0 , 0 , 0 ,]
angleAzimuth_array = [3.839724e+00 , 3.839724e+00 , 3.839724e+00 , 3.839724e+00 , 3.839724e+00 , 3.839724e+00 , 3.839724e+00 , 3.839724e+00 , 3.839724e+00 , 3.839724e+00 , 3.839724e+00 , 3.839724e+00 , 3.839724e+00 , 3.839724e+00 , 3.839724e+00 , 3.839724e+00 , 3.839724e+00 , 3.839724e+00 , 3.839724e+00 , 3.839724e+00 , 3.839724e+00 , 3.839724e+00 , 3.839724e+00 , 3.839724e+00 , 3.839724e+00 , 3.839724e+00 , 3.839724e+00 , 3.839724e+00 , 3.839724e+00 , 3.839724e+00 , 3.839724e+00 , 3.839724e+00 , 3.839724e+00 , 3.839724e+00 , 3.839724e+00 , 3.839724e+00 , 3.839724e+00 , 3.839724e+00 , 3.839724e+00 , 3.839724e+00 , 3.839724e+00 , 3.839724e+00 , 3.839724e+00 , 3.839724e+00 , 3.839724e+00 , 3.839724e+00 , 3.839724e+00 , 3.839724e+00 , 3.839724e+00 , 3.839724e+00 ,]
