% ground truth for sim_inc30_az340.tif
% settings
number_of_spots = 50
pixel_size_nm = 51.200
image_size_nm = 14142.136
image_size_px = 275
wavelength = 500
par.objectiveNA = 2.17
objectiveFocalLength = 770
par.refractiveIndices = [1.310000e+00 , 2.170000e+00 , 2.170000e+00 ,]
par.nDiscretizationBFP = 129
par.backgroundNoise = 0.020
par.nPhotons = 500
positionX_nm_array = [1.771257e+03 ,  2.426897e+02 ,  2.928389e+03 , -3.463468e+03 , -4.916179e+03 ,  1.792863e+02 , -9.743322e+02 ,  1.756483e+03 ,  3.873150e+03 , -4.184800e+03 , -2.383879e+03 ,  2.977073e+03 , -1.748098e+02 ,  4.003382e+03 , -1.882569e+02 , -2.470009e+03 ,  1.714309e+03 , -1.565182e+03 ,  5.367119e+02 , -4.939956e+03 , -3.102037e+03 ,  4.647032e+03 ,  1.085058e+03 , -2.030618e+03 ,  3.549402e+03 ,  3.970935e+03 ,  4.508303e+03 , -4.288242e+03 , -3.661720e+03 ,  1.752518e+03 , -2.954287e+03 ,  2.038330e+03 , -1.428051e+03 , -3.142943e+03 ,  3.013711e+03 ,  4.391013e+02 , -3.246421e+02 , -2.444947e+03 , -1.261470e+03 ,  3.476404e+03 , -1.280608e+03 ,  9.158702e+02 , -1.147697e+03 , -3.042347e+03 , -4.278286e+03 , -4.594558e+03 , -4.470642e+03 , -1.083040e+03 , -1.372203e+03 ,  4.850626e+03 ,]
positionY_nm_array = [-2.807421e+03 ,  4.190497e+03 ,  1.286855e+03 , -1.780829e+03 ,  3.462763e+03 , -2.036760e+03 ,  1.564501e+03 , -1.070681e+03 ,  1.887891e+03 , -8.798372e+02 , -1.810976e+03 ,  4.339073e+03 ,  8.059180e+02 ,  4.766793e+02 ,  3.284128e+03 , -3.909760e+02 ,  2.901951e+02 , -3.466128e+03 ,  2.436510e+03 ,  1.623527e+03 ,  2.021142e+03 , -2.525545e+03 ,  1.163873e+03 ,  1.261564e+03 , -1.830211e+03 , -4.790576e+03 ,  4.038159e+03 ,  2.527331e+03 , -4.609922e+03 ,  3.612559e+03 ,  4.486034e+03 , -4.473231e+03 ,  2.583939e+03 , -3.181976e+03 , -6.718425e+02 , -8.698471e+02 , -4.755537e+03 , -4.092753e+03 , -1.978464e+03 ,  3.348249e+03 ,  4.807111e+03 , -3.414662e+03 ,  5.422295e+02 ,  1.022607e+03 ,  4.372020e+03 , -2.345478e+03 , -3.593537e+03 , -9.556431e+02 ,  3.731517e+03 , -1.215620e+03 ,]
angleInclination_array = [5.235988e-01 , 5.235988e-01 , 5.235988e-01 , 5.235988e-01 , 5.235988e-01 , 5.235988e-01 , 5.235988e-01 , 5.235988e-01 , 5.235988e-01 , 5.235988e-01 , 5.235988e-01 , 5.235988e-01 , 5.235988e-01 , 5.235988e-01 , 5.235988e-01 , 5.235988e-01 , 5.235988e-01 , 5.235988e-01 , 5.235988e-01 , 5.235988e-01 , 5.235988e-01 , 5.235988e-01 , 5.235988e-01 , 5.235988e-01 , 5.235988e-01 , 5.235988e-01 , 5.235988e-01 , 5.235988e-01 , 5.235988e-01 , 5.235988e-01 , 5.235988e-01 , 5.235988e-01 , 5.235988e-01 , 5.235988e-01 , 5.235988e-01 , 5.235988e-01 , 5.235988e-01 , 5.235988e-01 , 5.235988e-01 , 5.235988e-01 , 5.235988e-01 , 5.235988e-01 , 5.235988e-01 , 5.235988e-01 , 5.235988e-01 , 5.235988e-01 , 5.235988e-01 , 5.235988e-01 , 5.235988e-01 , 5.235988e-01 ,]
angleAzimuth_array = [5.934119e+00 , 5.934119e+00 , 5.934119e+00 , 5.934119e+00 , 5.934119e+00 , 5.934119e+00 , 5.934119e+00 , 5.934119e+00 , 5.934119e+00 , 5.934119e+00 , 5.934119e+00 , 5.934119e+00 , 5.934119e+00 , 5.934119e+00 , 5.934119e+00 , 5.934119e+00 , 5.934119e+00 , 5.934119e+00 , 5.934119e+00 , 5.934119e+00 , 5.934119e+00 , 5.934119e+00 , 5.934119e+00 , 5.934119e+00 , 5.934119e+00 , 5.934119e+00 , 5.934119e+00 , 5.934119e+00 , 5.934119e+00 , 5.934119e+00 , 5.934119e+00 , 5.934119e+00 , 5.934119e+00 , 5.934119e+00 , 5.934119e+00 , 5.934119e+00 , 5.934119e+00 , 5.934119e+00 , 5.934119e+00 , 5.934119e+00 , 5.934119e+00 , 5.934119e+00 , 5.934119e+00 , 5.934119e+00 , 5.934119e+00 , 5.934119e+00 , 5.934119e+00 , 5.934119e+00 , 5.934119e+00 , 5.934119e+00 ,]
