% ground truth for sim_inc20_az300.tif
% settings
number_of_spots = 50
pixel_size_nm = 51.200
image_size_nm = 14142.136
image_size_px = 275
wavelength = 500
par.objectiveNA = 2.17
objectiveFocalLength = 770
par.refractiveIndices = [1.310000e+00 , 2.170000e+00 , 2.170000e+00 ,]
par.nDiscretizationBFP = 129
par.backgroundNoise = 0.020
par.nPhotons = 500
positionX_nm_array = [-5.867146e+02 ,  3.352885e+03 , -1.563018e+03 , -4.675702e+03 , -1.719514e+03 , -4.529742e+03 , -2.407950e+03 ,  7.272777e+02 ,  1.652438e+03 , -3.626398e+03 , -1.248552e+03 , -3.771619e+03 ,  4.359085e+03 , -3.465503e+03 ,  1.446683e+03 , -3.975800e+03 ,  1.133161e+03 ,  3.718873e+01 ,  1.384517e+03 , -2.950833e+03 , -1.682191e+03 ,  3.370772e+03 ,  4.619800e+03 ,  2.833684e+03 , -3.882198e+02 ,  3.545776e+03 , -3.081275e+03 , -1.424601e+03 , -1.413901e+02 ,  2.259481e+03 ,  2.017704e+03 ,  7.958163e+02 , -9.955359e+02 ,  4.324351e+03 ,  4.317213e+03 , -2.540720e+03 , -1.723220e+03 , -2.537321e+02 , -2.407050e+03 , -4.867692e+03 ,  4.852959e+03 , -4.233919e+03 ,  3.823833e+03 ,  2.515907e+03 , -2.684216e+03 ,  1.248307e+03 , -7.499486e+02 ,  3.267306e+02 ,  4.888259e+03 ,  2.363589e+03 ,]
positionY_nm_array = [8.680759e+02 ,  2.498763e+03 , -2.371531e+03 , -2.062572e+03 , -5.096175e+02 ,  1.745068e+03 ,  4.622791e+03 , -2.273036e+03 ,  1.652117e+03 , -3.060748e+03 ,  2.575619e+03 , -5.592132e+02 ,  3.039860e+03 ,  2.195617e+03 ,  2.768386e+03 ,  4.109467e+03 ,  4.548810e+03 , -4.044755e+03 , -9.348939e+02 , -4.595607e+03 , -4.465112e+03 , -3.003444e+03 , -4.093387e+02 , -1.808262e+03 , -2.449445e+03 ,  1.175518e+02 ,  1.190658e+03 ,  4.310641e+03 ,  2.434401e+03 , -4.726937e+03 , -2.919069e+03 ,  7.505875e+00 , -1.356454e+03 , -4.635185e+03 , -2.133339e+03 ,  3.156967e+03 ,  1.558748e+03 ,  4.875084e+03 , -3.705067e+03 ,  5.237663e+02 ,  4.722523e+03 , -4.762652e+03 , -1.247382e+03 ,  4.317887e+03 , -2.223928e+03 , -4.279675e+03 , -4.915085e+03 ,  1.367842e+03 , -3.206259e+03 ,  3.261363e+03 ,]
angleInclination_array = [3.490659e-01 , 3.490659e-01 , 3.490659e-01 , 3.490659e-01 , 3.490659e-01 , 3.490659e-01 , 3.490659e-01 , 3.490659e-01 , 3.490659e-01 , 3.490659e-01 , 3.490659e-01 , 3.490659e-01 , 3.490659e-01 , 3.490659e-01 , 3.490659e-01 , 3.490659e-01 , 3.490659e-01 , 3.490659e-01 , 3.490659e-01 , 3.490659e-01 , 3.490659e-01 , 3.490659e-01 , 3.490659e-01 , 3.490659e-01 , 3.490659e-01 , 3.490659e-01 , 3.490659e-01 , 3.490659e-01 , 3.490659e-01 , 3.490659e-01 , 3.490659e-01 , 3.490659e-01 , 3.490659e-01 , 3.490659e-01 , 3.490659e-01 , 3.490659e-01 , 3.490659e-01 , 3.490659e-01 , 3.490659e-01 , 3.490659e-01 , 3.490659e-01 , 3.490659e-01 , 3.490659e-01 , 3.490659e-01 , 3.490659e-01 , 3.490659e-01 , 3.490659e-01 , 3.490659e-01 , 3.490659e-01 , 3.490659e-01 ,]
angleAzimuth_array = [5.235988e+00 , 5.235988e+00 , 5.235988e+00 , 5.235988e+00 , 5.235988e+00 , 5.235988e+00 , 5.235988e+00 , 5.235988e+00 , 5.235988e+00 , 5.235988e+00 , 5.235988e+00 , 5.235988e+00 , 5.235988e+00 , 5.235988e+00 , 5.235988e+00 , 5.235988e+00 , 5.235988e+00 , 5.235988e+00 , 5.235988e+00 , 5.235988e+00 , 5.235988e+00 , 5.235988e+00 , 5.235988e+00 , 5.235988e+00 , 5.235988e+00 , 5.235988e+00 , 5.235988e+00 , 5.235988e+00 , 5.235988e+00 , 5.235988e+00 , 5.235988e+00 , 5.235988e+00 , 5.235988e+00 , 5.235988e+00 , 5.235988e+00 , 5.235988e+00 , 5.235988e+00 , 5.235988e+00 , 5.235988e+00 , 5.235988e+00 , 5.235988e+00 , 5.235988e+00 , 5.235988e+00 , 5.235988e+00 , 5.235988e+00 , 5.235988e+00 , 5.235988e+00 , 5.235988e+00 , 5.235988e+00 , 5.235988e+00 ,]
