% ground truth for sim_inc40_az220.tif
% settings
number_of_spots = 50
pixel_size_nm = 51.200
image_size_nm = 14142.136
image_size_px = 275
wavelength = 500
par.objectiveNA = 2.17
objectiveFocalLength = 770
par.refractiveIndices = [1.310000e+00 , 2.170000e+00 , 2.170000e+00 ,]
par.nDiscretizationBFP = 129
par.backgroundNoise = 0.020
par.nPhotons = 500
positionX_nm_array = [-3.789580e+03 , -1.847333e+03 ,  4.076025e+03 ,  3.376117e+03 ,  1.583754e+03 , -1.480225e+03 ,  2.001723e+03 ,  5.687849e+01 , -3.937727e+03 , -4.332480e+03 , -3.241405e+01 , -2.123174e+02 , -4.722576e+03 , -4.944379e+03 ,  2.671194e+03 ,  4.929720e+03 , -1.465045e+03 ,  9.637461e+02 ,  1.045249e+03 ,  3.983546e+03 , -3.609493e+03 , -1.128334e+03 ,  3.397226e+03 ,  4.160601e+03 , -3.487239e+03 , -2.756537e+03 , -3.313507e+03 , -2.900059e+03 ,  2.075008e+03 , -1.599250e+03 ,  2.328535e+03 ,  7.673105e+02 ,  1.514441e+03 , -2.789627e+03 , -3.865611e+03 ,  2.468685e+03 ,  3.289199e+03 , -3.838696e+03 , -4.922260e+03 , -2.634070e+03 ,  2.811498e+03 , -4.351065e+03 , -4.931817e+03 , -3.017202e+02 , -7.763791e+02 ,  3.539930e+03 , -4.555289e+03 ,  4.549153e+03 , -1.011639e+03 ,  1.460207e+03 ,]
positionY_nm_array = [4.512852e+03 ,  2.290124e+03 , -2.869012e+03 ,  1.914843e+03 ,  4.512958e+03 ,  1.152824e+03 ,  3.506563e+03 , -2.050692e+03 ,  3.574420e+02 , -2.358376e+03 ,  1.355792e+03 ,  4.312172e+03 ,  2.634345e+03 ,  1.030169e+03 , -5.331643e+02 ,  3.146118e+03 , -4.413679e+03 , -4.552789e+03 , -3.203706e+03 , -7.336772e+02 , -4.122098e+03 , -2.485969e+03 ,  8.249702e+02 , -4.324233e+03 ,  3.404351e+03 ,  4.469622e+03 , -3.126908e+03 , -2.056860e+03 , -2.928023e+03 ,  4.396841e+03 ,  1.415016e+03 ,  2.290082e+03 , -3.226083e+02 ,  1.708683e+03 ,  1.891749e+03 , -4.563269e+03 ,  3.182325e+03 , -9.635409e+02 ,  4.895613e+03 , -6.633031e+02 , -1.925013e+03 , -3.431607e+03 , -1.393354e+03 ,  2.405550e+03 , -6.182173e+01 ,  4.392896e+03 , -4.482819e+03 , -1.848513e+03 ,  3.192101e+03 , -2.122039e+03 ,]
angleInclination_array = [6.981317e-01 , 6.981317e-01 , 6.981317e-01 , 6.981317e-01 , 6.981317e-01 , 6.981317e-01 , 6.981317e-01 , 6.981317e-01 , 6.981317e-01 , 6.981317e-01 , 6.981317e-01 , 6.981317e-01 , 6.981317e-01 , 6.981317e-01 , 6.981317e-01 , 6.981317e-01 , 6.981317e-01 , 6.981317e-01 , 6.981317e-01 , 6.981317e-01 , 6.981317e-01 , 6.981317e-01 , 6.981317e-01 , 6.981317e-01 , 6.981317e-01 , 6.981317e-01 , 6.981317e-01 , 6.981317e-01 , 6.981317e-01 , 6.981317e-01 , 6.981317e-01 , 6.981317e-01 , 6.981317e-01 , 6.981317e-01 , 6.981317e-01 , 6.981317e-01 , 6.981317e-01 , 6.981317e-01 , 6.981317e-01 , 6.981317e-01 , 6.981317e-01 , 6.981317e-01 , 6.981317e-01 , 6.981317e-01 , 6.981317e-01 , 6.981317e-01 , 6.981317e-01 , 6.981317e-01 , 6.981317e-01 , 6.981317e-01 ,]
angleAzimuth_array = [3.839724e+00 , 3.839724e+00 , 3.839724e+00 , 3.839724e+00 , 3.839724e+00 , 3.839724e+00 , 3.839724e+00 , 3.839724e+00 , 3.839724e+00 , 3.839724e+00 , 3.839724e+00 , 3.839724e+00 , 3.839724e+00 , 3.839724e+00 , 3.839724e+00 , 3.839724e+00 , 3.839724e+00 , 3.839724e+00 , 3.839724e+00 , 3.839724e+00 , 3.839724e+00 , 3.839724e+00 , 3.839724e+00 , 3.839724e+00 , 3.839724e+00 , 3.839724e+00 , 3.839724e+00 , 3.839724e+00 , 3.839724e+00 , 3.839724e+00 , 3.839724e+00 , 3.839724e+00 , 3.839724e+00 , 3.839724e+00 , 3.839724e+00 , 3.839724e+00 , 3.839724e+00 , 3.839724e+00 , 3.839724e+00 , 3.839724e+00 , 3.839724e+00 , 3.839724e+00 , 3.839724e+00 , 3.839724e+00 , 3.839724e+00 , 3.839724e+00 , 3.839724e+00 , 3.839724e+00 , 3.839724e+00 , 3.839724e+00 ,]
