% ground truth for sim_inc180_az60.tif
% settings
number_of_spots = 50
pixel_size_nm = 51.200
image_size_nm = 14142.136
image_size_px = 275
wavelength = 500
par.objectiveNA = 2.17
objectiveFocalLength = 770
par.refractiveIndices = [1.310000e+00 , 2.170000e+00 , 2.170000e+00 ,]
par.nDiscretizationBFP = 129
par.backgroundNoise = 0.020
par.nPhotons = 500
positionX_nm_array = [2.082505e+03 ,  4.324689e+03 ,  4.029065e+02 , -2.641440e+03 ,  3.950924e+03 ,  3.297804e+03 , -3.012323e+03 ,  3.658600e+03 ,  2.136254e+03 , -1.033424e+03 , -3.998091e+03 , -4.454029e+03 , -3.009984e+03 , -1.604374e+02 , -2.284474e+03 , -5.499373e+02 , -4.111123e+03 ,  1.863854e+03 ,  1.258980e+03 ,  2.895864e+03 , -1.875173e+03 , -3.599863e+01 , -4.027238e+03 , -1.820918e+03 , -3.670955e+03 , -2.289264e+03 ,  7.599385e+02 ,  2.499251e+03 ,  4.769625e+03 , -2.929769e+03 , -8.711343e+02 , -6.246473e+01 , -4.938929e+03 , -4.275700e+03 ,  3.809969e+03 ,  4.536726e+03 ,  8.772637e+02 ,  4.770473e+03 ,  1.030146e+03 ,  3.515811e+03 , -4.645029e+03 ,  1.859854e+03 , -2.590183e+03 ,  2.832710e+03 , -1.877727e+03 ,  4.932288e+03 ,  9.070186e+02 ,  4.898491e+03 , -4.867996e+03 , -3.281299e+03 ,]
positionY_nm_array = [-4.748178e+03 , -3.382261e+03 , -1.818024e+03 , -4.535619e+03 ,  4.055465e+03 , -3.309243e+03 ,  4.519560e+02 ,  1.913217e+03 ,  3.067808e+03 ,  1.386007e+03 , -3.176095e+03 , -1.398589e+03 , -1.988096e+03 , -4.185004e+03 ,  2.264380e+03 , -2.756490e+03 ,  2.429433e+03 , -2.689937e+03 , -4.090975e+03 ,  1.968750e+02 , -3.835836e+03 , -2.400443e+01 , -4.920218e+03 ,  5.776663e+02 ,  4.081140e+03 ,  4.841033e+03 ,  4.346521e+03 , -1.415765e+03 , -4.502589e+03 , -3.377736e+03 ,  4.164183e+03 ,  2.318035e+03 ,  3.292289e+03 ,  5.274151e+02 , -2.454463e+02 ,  2.921364e+03 ,  2.748546e+03 ,  4.701152e+03 ,  1.145923e+03 , -2.101492e+03 , -4.041593e+02 ,  4.729315e+03 ,  3.311404e+03 ,  4.166083e+03 , -2.124133e+03 ,  2.193887e+02 , -6.263568e+02 , -1.642076e+03 , -4.100606e+03 ,  1.473640e+03 ,]
angleInclination_array = [3.141593e+00 , 3.141593e+00 , 3.141593e+00 , 3.141593e+00 , 3.141593e+00 , 3.141593e+00 , 3.141593e+00 , 3.141593e+00 , 3.141593e+00 , 3.141593e+00 , 3.141593e+00 , 3.141593e+00 , 3.141593e+00 , 3.141593e+00 , 3.141593e+00 , 3.141593e+00 , 3.141593e+00 , 3.141593e+00 , 3.141593e+00 , 3.141593e+00 , 3.141593e+00 , 3.141593e+00 , 3.141593e+00 , 3.141593e+00 , 3.141593e+00 , 3.141593e+00 , 3.141593e+00 , 3.141593e+00 , 3.141593e+00 , 3.141593e+00 , 3.141593e+00 , 3.141593e+00 , 3.141593e+00 , 3.141593e+00 , 3.141593e+00 , 3.141593e+00 , 3.141593e+00 , 3.141593e+00 , 3.141593e+00 , 3.141593e+00 , 3.141593e+00 , 3.141593e+00 , 3.141593e+00 , 3.141593e+00 , 3.141593e+00 , 3.141593e+00 , 3.141593e+00 , 3.141593e+00 , 3.141593e+00 , 3.141593e+00 ,]
angleAzimuth_array = [1.047198e+00 , 1.047198e+00 , 1.047198e+00 , 1.047198e+00 , 1.047198e+00 , 1.047198e+00 , 1.047198e+00 , 1.047198e+00 , 1.047198e+00 , 1.047198e+00 , 1.047198e+00 , 1.047198e+00 , 1.047198e+00 , 1.047198e+00 , 1.047198e+00 , 1.047198e+00 , 1.047198e+00 , 1.047198e+00 , 1.047198e+00 , 1.047198e+00 , 1.047198e+00 , 1.047198e+00 , 1.047198e+00 , 1.047198e+00 , 1.047198e+00 , 1.047198e+00 , 1.047198e+00 , 1.047198e+00 , 1.047198e+00 , 1.047198e+00 , 1.047198e+00 , 1.047198e+00 , 1.047198e+00 , 1.047198e+00 , 1.047198e+00 , 1.047198e+00 , 1.047198e+00 , 1.047198e+00 , 1.047198e+00 , 1.047198e+00 , 1.047198e+00 , 1.047198e+00 , 1.047198e+00 , 1.047198e+00 , 1.047198e+00 , 1.047198e+00 , 1.047198e+00 , 1.047198e+00 , 1.047198e+00 , 1.047198e+00 ,]
