% ground truth for sim_inc50_az140.tif
% settings
number_of_spots = 50
pixel_size_nm = 51.200
image_size_nm = 14142.136
image_size_px = 275
wavelength = 500
par.objectiveNA = 2.17
objectiveFocalLength = 770
par.refractiveIndices = [1.310000e+00 , 2.170000e+00 , 2.170000e+00 ,]
par.nDiscretizationBFP = 129
par.backgroundNoise = 0.020
par.nPhotons = 500
positionX_nm_array = [3.962764e+03 , -2.475870e+03 , -2.443933e+03 , -5.014907e+02 ,  4.566880e+03 ,  3.602165e+03 ,  1.332764e+03 ,  3.869091e+03 ,  1.115246e+03 ,  2.307374e+03 , -4.125499e+03 , -4.220959e+03 , -4.320371e+03 , -3.138599e+03 ,  7.698893e+02 , -3.445628e+03 ,  4.946920e+03 ,  4.919859e+03 ,  2.749567e+03 , -1.334989e+03 ,  2.967815e+03 ,  4.047720e+03 , -3.448339e+03 ,  2.201060e+02 ,  1.649120e+03 , -1.546379e+03 , -1.649552e+03 ,  1.238925e+03 , -3.080882e+02 , -3.947519e+03 ,  2.992066e+03 ,  4.204084e+03 , -4.680337e+03 , -1.282671e+03 ,  9.418668e+02 ,  1.205219e+03 , -4.734260e+02 ,  1.888278e+03 ,  3.300387e+03 ,  1.908278e+02 , -2.419894e+03 ,  4.059042e+02 , -1.146215e+02 , -3.062589e+03 , -1.608331e+03 , -2.339724e+03 ,  4.793687e+03 , -4.765762e+03 ,  3.996577e+03 ,  4.928991e+03 ,]
positionY_nm_array = [2.715925e+03 , -3.655656e+03 ,  3.158319e+03 ,  8.600044e+02 ,  9.622741e+02 ,  4.870768e+03 ,  1.068914e+02 ,  4.292207e+01 , -1.745499e+03 , -2.682461e+03 ,  4.765225e+03 , -1.858763e+03 ,  2.019062e+03 , -5.531361e+02 ,  1.219322e+03 , -4.374399e+03 , -1.615237e+03 , -3.801064e+03 , -4.660967e+03 ,  2.414219e+03 ,  3.402727e+03 , -1.146679e+03 ,  1.463021e+03 ,  3.020006e+03 ,  3.046881e+03 ,  3.912947e+03 , -1.490890e+03 ,  3.983316e+03 , -8.380051e+02 ,  3.465227e+02 ,  1.329759e+03 , -4.721911e+03 ,  2.987879e+03 , -2.518104e+03 , -3.452515e+03 , -4.680783e+03 , -3.611659e+03 , -9.191201e+02 , -3.373219e+03 , -4.680633e+03 ,  1.333620e+03 ,  4.789613e+03 , -2.115673e+03 ,  4.809338e+03 ,  2.960509e+01 , -4.759096e+03 ,  3.475559e+03 , -3.894184e+02 , -2.244858e+03 , -5.114475e+02 ,]
angleInclination_array = [8.726646e-01 , 8.726646e-01 , 8.726646e-01 , 8.726646e-01 , 8.726646e-01 , 8.726646e-01 , 8.726646e-01 , 8.726646e-01 , 8.726646e-01 , 8.726646e-01 , 8.726646e-01 , 8.726646e-01 , 8.726646e-01 , 8.726646e-01 , 8.726646e-01 , 8.726646e-01 , 8.726646e-01 , 8.726646e-01 , 8.726646e-01 , 8.726646e-01 , 8.726646e-01 , 8.726646e-01 , 8.726646e-01 , 8.726646e-01 , 8.726646e-01 , 8.726646e-01 , 8.726646e-01 , 8.726646e-01 , 8.726646e-01 , 8.726646e-01 , 8.726646e-01 , 8.726646e-01 , 8.726646e-01 , 8.726646e-01 , 8.726646e-01 , 8.726646e-01 , 8.726646e-01 , 8.726646e-01 , 8.726646e-01 , 8.726646e-01 , 8.726646e-01 , 8.726646e-01 , 8.726646e-01 , 8.726646e-01 , 8.726646e-01 , 8.726646e-01 , 8.726646e-01 , 8.726646e-01 , 8.726646e-01 , 8.726646e-01 ,]
angleAzimuth_array = [2.443461e+00 , 2.443461e+00 , 2.443461e+00 , 2.443461e+00 , 2.443461e+00 , 2.443461e+00 , 2.443461e+00 , 2.443461e+00 , 2.443461e+00 , 2.443461e+00 , 2.443461e+00 , 2.443461e+00 , 2.443461e+00 , 2.443461e+00 , 2.443461e+00 , 2.443461e+00 , 2.443461e+00 , 2.443461e+00 , 2.443461e+00 , 2.443461e+00 , 2.443461e+00 , 2.443461e+00 , 2.443461e+00 , 2.443461e+00 , 2.443461e+00 , 2.443461e+00 , 2.443461e+00 , 2.443461e+00 , 2.443461e+00 , 2.443461e+00 , 2.443461e+00 , 2.443461e+00 , 2.443461e+00 , 2.443461e+00 , 2.443461e+00 , 2.443461e+00 , 2.443461e+00 , 2.443461e+00 , 2.443461e+00 , 2.443461e+00 , 2.443461e+00 , 2.443461e+00 , 2.443461e+00 , 2.443461e+00 , 2.443461e+00 , 2.443461e+00 , 2.443461e+00 , 2.443461e+00 , 2.443461e+00 , 2.443461e+00 ,]
