% ground truth for sim_inc90_az140.tif
% settings
number_of_spots = 50
pixel_size_nm = 51.200
image_size_nm = 14142.136
image_size_px = 275
wavelength = 500
par.objectiveNA = 2.17
objectiveFocalLength = 770
par.refractiveIndices = [1.310000e+00 , 2.170000e+00 , 2.170000e+00 ,]
par.nDiscretizationBFP = 129
par.backgroundNoise = 0.020
par.nPhotons = 500
positionX_nm_array = [-3.954895e+03 , -3.174232e+03 ,  1.299313e+02 ,  3.528334e+03 ,  9.487167e+02 , -6.270939e+02 ,  4.042658e+03 , -2.969269e+03 ,  1.553494e+02 , -3.171018e+03 ,  3.591002e+03 , -4.039242e+03 , -1.271071e+03 ,  1.121201e+03 , -4.323935e+03 ,  2.189012e+03 ,  4.437973e+03 ,  2.143549e+03 , -1.787807e+03 , -2.184359e+03 ,  2.562138e+03 , -8.565834e+02 ,  9.165666e+02 , -3.249334e+03 ,  1.596510e+02 , -2.303391e+03 ,  1.101900e+03 ,  2.087041e+03 ,  3.352343e+03 ,  4.676209e+03 ,  3.596141e+03 ,  2.245994e+03 , -4.508307e+02 , -3.221517e+03 ,  2.392803e+03 ,  3.509996e+03 , -2.419008e+03 ,  8.667603e+02 , -1.151550e+03 ,  9.325752e+02 , -1.531948e+03 ,  4.041007e+03 , -4.234150e+03 , -1.348479e+03 ,  4.816763e+03 , -2.056544e+03 , -4.816389e+03 , -1.097662e+02 ,  2.973032e+03 , -4.844674e+03 ,]
positionY_nm_array = [2.611904e+03 ,  3.673321e+02 ,  2.041161e+03 , -4.382106e+03 , -2.080973e+03 , -3.948809e+03 ,  4.944979e+03 , -2.444086e+03 , -3.183657e+03 ,  3.580350e+03 , -1.678248e+03 , -2.914406e+03 ,  7.492744e+02 ,  6.119335e+02 ,  4.918064e+03 ,  4.374690e+03 ,  3.054946e+03 , -4.316146e+03 ,  3.651676e+03 , -1.617644e+03 ,  1.810840e+03 ,  2.837697e+03 , -7.718178e+02 ,  1.673907e+03 ,  9.018496e+02 ,  1.245708e+03 ,  3.086343e+03 , -3.240639e+03 ,  3.822205e+03 ,  6.621451e+02 , -1.432064e+02 , -7.661615e+02 ,  4.014048e+03 , -1.108090e+03 , -2.189566e+03 ,  2.545436e+03 ,  2.768177e+03 , -4.344055e+03 , -2.149702e+03 ,  4.387432e+03 , -4.622805e+03 , -3.065687e+03 ,  1.143772e+02 , -5.109092e+02 , -3.916418e+03 , -3.605399e+03 ,  3.194287e+03 , -1.846763e+03 ,  8.279507e+02 ,  1.050378e+03 ,]
angleInclination_array = [1.570796e+00 , 1.570796e+00 , 1.570796e+00 , 1.570796e+00 , 1.570796e+00 , 1.570796e+00 , 1.570796e+00 , 1.570796e+00 , 1.570796e+00 , 1.570796e+00 , 1.570796e+00 , 1.570796e+00 , 1.570796e+00 , 1.570796e+00 , 1.570796e+00 , 1.570796e+00 , 1.570796e+00 , 1.570796e+00 , 1.570796e+00 , 1.570796e+00 , 1.570796e+00 , 1.570796e+00 , 1.570796e+00 , 1.570796e+00 , 1.570796e+00 , 1.570796e+00 , 1.570796e+00 , 1.570796e+00 , 1.570796e+00 , 1.570796e+00 , 1.570796e+00 , 1.570796e+00 , 1.570796e+00 , 1.570796e+00 , 1.570796e+00 , 1.570796e+00 , 1.570796e+00 , 1.570796e+00 , 1.570796e+00 , 1.570796e+00 , 1.570796e+00 , 1.570796e+00 , 1.570796e+00 , 1.570796e+00 , 1.570796e+00 , 1.570796e+00 , 1.570796e+00 , 1.570796e+00 , 1.570796e+00 , 1.570796e+00 ,]
angleAzimuth_array = [2.443461e+00 , 2.443461e+00 , 2.443461e+00 , 2.443461e+00 , 2.443461e+00 , 2.443461e+00 , 2.443461e+00 , 2.443461e+00 , 2.443461e+00 , 2.443461e+00 , 2.443461e+00 , 2.443461e+00 , 2.443461e+00 , 2.443461e+00 , 2.443461e+00 , 2.443461e+00 , 2.443461e+00 , 2.443461e+00 , 2.443461e+00 , 2.443461e+00 , 2.443461e+00 , 2.443461e+00 , 2.443461e+00 , 2.443461e+00 , 2.443461e+00 , 2.443461e+00 , 2.443461e+00 , 2.443461e+00 , 2.443461e+00 , 2.443461e+00 , 2.443461e+00 , 2.443461e+00 , 2.443461e+00 , 2.443461e+00 , 2.443461e+00 , 2.443461e+00 , 2.443461e+00 , 2.443461e+00 , 2.443461e+00 , 2.443461e+00 , 2.443461e+00 , 2.443461e+00 , 2.443461e+00 , 2.443461e+00 , 2.443461e+00 , 2.443461e+00 , 2.443461e+00 , 2.443461e+00 , 2.443461e+00 , 2.443461e+00 ,]
