% ground truth for sim_inc50_az240.tif
% settings
number_of_spots = 50
pixel_size_nm = 51.200
image_size_nm = 14142.136
image_size_px = 275
wavelength = 500
par.objectiveNA = 2.17
objectiveFocalLength = 770
par.refractiveIndices = [1.310000e+00 , 2.170000e+00 , 2.170000e+00 ,]
par.nDiscretizationBFP = 129
par.backgroundNoise = 0.020
par.nPhotons = 500
positionX_nm_array = [5.231063e+02 ,  1.524713e+03 , -3.731404e+03 , -1.794060e+03 , -1.587972e+03 ,  2.808355e+03 ,  2.330534e+03 ,  3.311019e+03 ,  4.563806e+01 , -1.350381e+03 ,  3.279839e+03 ,  1.600389e+03 , -3.192004e+03 , -4.705751e+03 ,  5.612470e+02 , -1.747511e+03 ,  2.845395e+03 , -4.714938e+03 , -1.389332e+03 ,  3.022117e+03 , -3.405476e+03 ,  2.029646e+03 , -4.839518e+03 ,  1.090239e+03 , -4.472542e+03 ,  6.380836e+02 , -2.945424e+03 , -4.211235e+03 , -1.543828e+03 ,  1.220302e+03 ,  4.546784e+03 , -2.741794e+03 ,  3.888386e+03 ,  5.972057e+02 , -3.471538e+02 ,  4.788308e+03 ,  4.508148e+03 , -1.135025e+02 ,  2.192464e+03 ,  3.958521e+03 , -9.148290e+02 , -3.456972e+03 , -2.329746e+03 ,  4.892547e+03 ,  1.319213e+03 , -1.117951e+03 , -4.039073e+02 ,  4.134660e+03 ,  2.966003e+03 ,  1.191277e+03 ,]
positionY_nm_array = [-4.103937e+03 , -3.223911e+03 ,  4.332115e+02 , -1.203060e+03 , -8.964810e+01 ,  4.511302e+03 ,  7.990706e+01 , -7.187918e+02 ,  7.233734e+02 ,  2.220010e+03 ,  3.200408e+03 , -4.516364e+03 , -3.343163e+03 , -4.220059e+03 , -1.137716e+03 , -2.968569e+03 ,  1.368206e+03 ,  1.608028e+03 , -4.128847e+03 , -2.409504e+03 ,  4.121989e+03 , -1.022537e+03 , -5.386494e+00 ,  1.125934e+03 , -1.851787e+03 ,  4.897998e+03 , -1.766263e+03 ,  3.209385e+03 ,  4.365817e+03 ,  2.775202e+03 ,  1.073734e+03 ,  1.615139e+03 ,  2.215635e+03 , -2.469794e+03 , -2.335282e+02 , -6.669373e+02 ,  3.138147e+03 ,  1.845667e+03 ,  3.473503e+03 ,  4.848784e+03 ,  3.297216e+03 ,  2.508667e+03 ,  2.788544e+03 , -4.596746e+03 ,  4.020651e+03 ,  9.487399e+02 ,  4.544139e+03 , -2.238127e+03 , -4.276115e+03 , -1.999759e+02 ,]
angleInclination_array = [8.726646e-01 , 8.726646e-01 , 8.726646e-01 , 8.726646e-01 , 8.726646e-01 , 8.726646e-01 , 8.726646e-01 , 8.726646e-01 , 8.726646e-01 , 8.726646e-01 , 8.726646e-01 , 8.726646e-01 , 8.726646e-01 , 8.726646e-01 , 8.726646e-01 , 8.726646e-01 , 8.726646e-01 , 8.726646e-01 , 8.726646e-01 , 8.726646e-01 , 8.726646e-01 , 8.726646e-01 , 8.726646e-01 , 8.726646e-01 , 8.726646e-01 , 8.726646e-01 , 8.726646e-01 , 8.726646e-01 , 8.726646e-01 , 8.726646e-01 , 8.726646e-01 , 8.726646e-01 , 8.726646e-01 , 8.726646e-01 , 8.726646e-01 , 8.726646e-01 , 8.726646e-01 , 8.726646e-01 , 8.726646e-01 , 8.726646e-01 , 8.726646e-01 , 8.726646e-01 , 8.726646e-01 , 8.726646e-01 , 8.726646e-01 , 8.726646e-01 , 8.726646e-01 , 8.726646e-01 , 8.726646e-01 , 8.726646e-01 ,]
angleAzimuth_array = [4.188790e+00 , 4.188790e+00 , 4.188790e+00 , 4.188790e+00 , 4.188790e+00 , 4.188790e+00 , 4.188790e+00 , 4.188790e+00 , 4.188790e+00 , 4.188790e+00 , 4.188790e+00 , 4.188790e+00 , 4.188790e+00 , 4.188790e+00 , 4.188790e+00 , 4.188790e+00 , 4.188790e+00 , 4.188790e+00 , 4.188790e+00 , 4.188790e+00 , 4.188790e+00 , 4.188790e+00 , 4.188790e+00 , 4.188790e+00 , 4.188790e+00 , 4.188790e+00 , 4.188790e+00 , 4.188790e+00 , 4.188790e+00 , 4.188790e+00 , 4.188790e+00 , 4.188790e+00 , 4.188790e+00 , 4.188790e+00 , 4.188790e+00 , 4.188790e+00 , 4.188790e+00 , 4.188790e+00 , 4.188790e+00 , 4.188790e+00 , 4.188790e+00 , 4.188790e+00 , 4.188790e+00 , 4.188790e+00 , 4.188790e+00 , 4.188790e+00 , 4.188790e+00 , 4.188790e+00 , 4.188790e+00 , 4.188790e+00 ,]
