% ground truth for sim_inc90_az320.tif
% settings
number_of_spots = 50
pixel_size_nm = 51.200
image_size_nm = 14142.136
image_size_px = 275
wavelength = 500
par.objectiveNA = 2.17
objectiveFocalLength = 770
par.refractiveIndices = [1.310000e+00 , 2.170000e+00 , 2.170000e+00 ,]
par.nDiscretizationBFP = 129
par.backgroundNoise = 0.020
par.nPhotons = 500
positionX_nm_array = [4.889154e+03 ,  3.762548e+03 , -1.233850e+03 ,  3.259976e+03 , -2.376037e+03 ,  4.379628e+03 ,  2.371898e+03 ,  2.302695e+03 , -2.722507e+03 ,  3.606813e+03 ,  4.637676e+02 , -1.375349e+03 , -3.873680e+03 , -2.000496e+03 , -9.075256e+02 ,  3.096661e+03 ,  1.813917e+03 ,  2.900813e+03 , -4.027904e+03 ,  1.680509e+03 , -7.970302e+01 ,  2.507403e+03 , -1.398244e+03 ,  9.978574e+02 ,  1.652030e+03 ,  8.327341e+02 ,  4.598658e+03 ,  8.329683e+01 ,  4.350094e+03 , -3.555496e+03 , -4.056739e+03 ,  1.043021e+03 , -3.068748e+02 , -1.960249e+03 , -3.654728e+03 ,  4.622570e+03 , -2.579864e+03 ,  2.476794e+03 , -1.096395e+03 , -4.903397e+03 ,  8.268175e+02 , -1.978230e+03 ,  1.573705e+03 , -1.977448e+03 , -4.775457e+03 ,  4.871815e+03 , -3.244644e+03 ,  4.635233e+03 ,  2.686893e+02 , -4.633929e+03 ,]
positionY_nm_array = [-2.029023e+03 , -2.750398e+03 ,  3.715305e+03 ,  1.510300e+03 , -1.252566e+03 ,  1.650574e+03 ,  4.724503e+03 ,  3.544672e+03 , -2.322279e+03 , -4.449460e+02 , -3.423144e+03 , -2.239818e+03 ,  1.023967e+03 ,  2.479582e+03 ,  2.215288e+03 ,  4.767659e+02 ,  1.994354e+03 , -4.777490e+03 , -2.482150e+02 , -1.413403e+02 , -2.224991e+03 , -3.315447e+03 , -3.262037e+03 ,  4.876738e+03 , -2.759543e+03 ,  2.370008e+03 , -3.367208e+03 ,  3.677112e+03 ,  3.047051e+03 , -4.223860e+03 ,  2.751739e+03 , -1.189732e+03 ,  2.914932e+02 ,  9.899407e+02 , -1.915297e+03 ,  4.204561e+03 ,  3.334539e+03 , -1.421537e+03 , -1.148256e+03 , -4.450891e+03 , -4.795920e+03 , -1.662210e+02 , -3.783726e+03 , -4.350887e+03 , -2.239306e+03 ,  4.754527e+02 ,  1.938260e+03 , -1.008472e+03 ,  1.333814e+03 ,  4.314498e+03 ,]
angleInclination_array = [1.570796e+00 , 1.570796e+00 , 1.570796e+00 , 1.570796e+00 , 1.570796e+00 , 1.570796e+00 , 1.570796e+00 , 1.570796e+00 , 1.570796e+00 , 1.570796e+00 , 1.570796e+00 , 1.570796e+00 , 1.570796e+00 , 1.570796e+00 , 1.570796e+00 , 1.570796e+00 , 1.570796e+00 , 1.570796e+00 , 1.570796e+00 , 1.570796e+00 , 1.570796e+00 , 1.570796e+00 , 1.570796e+00 , 1.570796e+00 , 1.570796e+00 , 1.570796e+00 , 1.570796e+00 , 1.570796e+00 , 1.570796e+00 , 1.570796e+00 , 1.570796e+00 , 1.570796e+00 , 1.570796e+00 , 1.570796e+00 , 1.570796e+00 , 1.570796e+00 , 1.570796e+00 , 1.570796e+00 , 1.570796e+00 , 1.570796e+00 , 1.570796e+00 , 1.570796e+00 , 1.570796e+00 , 1.570796e+00 , 1.570796e+00 , 1.570796e+00 , 1.570796e+00 , 1.570796e+00 , 1.570796e+00 , 1.570796e+00 ,]
angleAzimuth_array = [5.585054e+00 , 5.585054e+00 , 5.585054e+00 , 5.585054e+00 , 5.585054e+00 , 5.585054e+00 , 5.585054e+00 , 5.585054e+00 , 5.585054e+00 , 5.585054e+00 , 5.585054e+00 , 5.585054e+00 , 5.585054e+00 , 5.585054e+00 , 5.585054e+00 , 5.585054e+00 , 5.585054e+00 , 5.585054e+00 , 5.585054e+00 , 5.585054e+00 , 5.585054e+00 , 5.585054e+00 , 5.585054e+00 , 5.585054e+00 , 5.585054e+00 , 5.585054e+00 , 5.585054e+00 , 5.585054e+00 , 5.585054e+00 , 5.585054e+00 , 5.585054e+00 , 5.585054e+00 , 5.585054e+00 , 5.585054e+00 , 5.585054e+00 , 5.585054e+00 , 5.585054e+00 , 5.585054e+00 , 5.585054e+00 , 5.585054e+00 , 5.585054e+00 , 5.585054e+00 , 5.585054e+00 , 5.585054e+00 , 5.585054e+00 , 5.585054e+00 , 5.585054e+00 , 5.585054e+00 , 5.585054e+00 , 5.585054e+00 ,]
