% ground truth for sim_inc110_az40.tif
% settings
number_of_spots = 50
pixel_size_nm = 51.200
image_size_nm = 14142.136
image_size_px = 275
wavelength = 500
par.objectiveNA = 2.17
objectiveFocalLength = 770
par.refractiveIndices = [1.310000e+00 , 2.170000e+00 , 2.170000e+00 ,]
par.nDiscretizationBFP = 129
par.backgroundNoise = 0.020
par.nPhotons = 500
positionX_nm_array = [5.787811e+02 ,  8.953297e+02 ,  3.149346e+03 ,  4.621730e+03 ,  2.082067e+03 ,  1.397550e+03 , -1.859172e+03 , -3.556393e+03 , -3.743908e+03 , -2.547020e+03 , -4.800957e+03 , -1.345663e+02 ,  2.193556e+03 , -3.145594e+02 , -4.183287e+03 , -1.017572e+03 , -2.040475e+03 ,  1.213805e+03 ,  4.521758e+03 , -3.553689e+03 , -4.258008e+03 , -3.478189e+03 ,  3.857153e+03 , -1.359067e+02 , -6.395466e+02 , -5.696031e+02 , -9.234473e+02 ,  1.805383e+03 , -2.749541e+03 ,  4.730483e+03 ,  2.742144e+03 ,  4.060883e+03 , -7.306063e+02 ,  8.982256e+02 , -8.688073e+02 ,  4.516143e+03 , -3.623614e+03 ,  4.448461e+02 ,  4.045752e+03 ,  2.717600e+03 , -1.461622e+03 , -4.392077e+03 ,  2.377128e+03 , -2.590420e+03 ,  4.696751e+03 , -1.941035e+03 , -2.607882e+03 ,  1.192553e+03 , -4.573525e+03 , -3.746064e+03 ,]
positionY_nm_array = [3.205631e+03 ,  8.513328e+02 ,  2.069865e+02 ,  1.999760e+03 ,  4.560039e+03 , -2.186517e+03 , -4.883071e+03 ,  1.830001e+03 ,  4.617133e+03 , -2.443565e+03 , -2.810640e+03 , -4.437628e+02 ,  2.479638e+03 , -1.662854e+03 , -8.087090e+02 ,  3.355392e+03 ,  3.929618e+03 , -3.535516e+03 , -3.335353e+03 , -2.269630e+03 ,  2.951500e+03 ,  8.348748e+00 , -4.418901e+03 , -3.899866e+03 , -2.737126e+03 ,  4.298400e+03 ,  7.438031e+02 , -4.674873e+03 ,  9.758743e+02 , -2.174905e+03 , -3.920789e+03 ,  2.971722e+03 , -4.830926e+03 , -7.281900e+02 ,  2.106920e+03 ,  4.778588e+03 , -4.878545e+03 ,  4.942858e+03 , -1.019946e+03 , -1.942675e+03 , -1.732846e+03 ,  1.018105e+03 , -7.961470e+02 ,  2.924472e+03 , -2.055686e+02 , -2.540796e+02 , -1.270096e+03 ,  2.059085e+03 , -3.952756e+03 , -3.330785e+03 ,]
angleInclination_array = [1.919862e+00 , 1.919862e+00 , 1.919862e+00 , 1.919862e+00 , 1.919862e+00 , 1.919862e+00 , 1.919862e+00 , 1.919862e+00 , 1.919862e+00 , 1.919862e+00 , 1.919862e+00 , 1.919862e+00 , 1.919862e+00 , 1.919862e+00 , 1.919862e+00 , 1.919862e+00 , 1.919862e+00 , 1.919862e+00 , 1.919862e+00 , 1.919862e+00 , 1.919862e+00 , 1.919862e+00 , 1.919862e+00 , 1.919862e+00 , 1.919862e+00 , 1.919862e+00 , 1.919862e+00 , 1.919862e+00 , 1.919862e+00 , 1.919862e+00 , 1.919862e+00 , 1.919862e+00 , 1.919862e+00 , 1.919862e+00 , 1.919862e+00 , 1.919862e+00 , 1.919862e+00 , 1.919862e+00 , 1.919862e+00 , 1.919862e+00 , 1.919862e+00 , 1.919862e+00 , 1.919862e+00 , 1.919862e+00 , 1.919862e+00 , 1.919862e+00 , 1.919862e+00 , 1.919862e+00 , 1.919862e+00 , 1.919862e+00 ,]
angleAzimuth_array = [6.981317e-01 , 6.981317e-01 , 6.981317e-01 , 6.981317e-01 , 6.981317e-01 , 6.981317e-01 , 6.981317e-01 , 6.981317e-01 , 6.981317e-01 , 6.981317e-01 , 6.981317e-01 , 6.981317e-01 , 6.981317e-01 , 6.981317e-01 , 6.981317e-01 , 6.981317e-01 , 6.981317e-01 , 6.981317e-01 , 6.981317e-01 , 6.981317e-01 , 6.981317e-01 , 6.981317e-01 , 6.981317e-01 , 6.981317e-01 , 6.981317e-01 , 6.981317e-01 , 6.981317e-01 , 6.981317e-01 , 6.981317e-01 , 6.981317e-01 , 6.981317e-01 , 6.981317e-01 , 6.981317e-01 , 6.981317e-01 , 6.981317e-01 , 6.981317e-01 , 6.981317e-01 , 6.981317e-01 , 6.981317e-01 , 6.981317e-01 , 6.981317e-01 , 6.981317e-01 , 6.981317e-01 , 6.981317e-01 , 6.981317e-01 , 6.981317e-01 , 6.981317e-01 , 6.981317e-01 , 6.981317e-01 , 6.981317e-01 ,]
