% ground truth for sim_inc110_az0.tif
% settings
number_of_spots = 50
pixel_size_nm = 51.200
image_size_nm = 14142.136
image_size_px = 275
wavelength = 500
par.objectiveNA = 2.17
objectiveFocalLength = 770
par.refractiveIndices = [1.310000e+00 , 2.170000e+00 , 2.170000e+00 ,]
par.nDiscretizationBFP = 129
par.backgroundNoise = 0.020
par.nPhotons = 500
positionX_nm_array = [-3.315847e+03 ,  4.008411e+03 ,  1.535841e+03 ,  4.002807e+03 , -2.004985e+03 ,  2.374077e+03 ,  4.441749e+03 , -3.852788e+03 ,  4.163961e+03 , -1.214237e+03 ,  1.884498e+03 ,  9.134302e+01 ,  3.195567e+03 , -3.317835e+01 , -2.193554e+03 ,  3.087970e+03 ,  4.301413e+03 , -2.506122e+03 , -1.174678e+03 ,  4.663825e+03 ,  1.457573e+03 ,  8.961728e+02 , -1.833964e+02 ,  2.081139e+03 , -1.129351e+03 ,  8.540252e+02 , -1.128232e+03 , -4.830887e+03 , -2.039523e+03 , -2.885452e+03 ,  1.824464e+03 , -4.581796e+03 , -4.414624e+03 ,  2.544031e+03 ,  2.134197e+02 ,  3.224994e+02 ,  4.625397e+03 ,  1.864645e+03 , -2.785735e+03 ,  2.475490e+02 , -2.221023e+03 ,  4.758326e+03 , -3.835138e+03 ,  3.514590e+03 ,  2.902994e+03 , -4.895402e+03 , -2.103004e+03 , -3.731808e+03 , -4.867044e+03 , -9.294427e+02 ,]
positionY_nm_array = [8.370786e+02 ,  4.355609e+03 , -4.362048e+03 , -2.755840e+03 , -4.440327e+03 ,  4.007233e+03 , -1.816046e+03 , -3.922118e+03 , -4.942416e+03 ,  9.866130e+02 ,  2.911994e+03 , -3.634765e+03 , -2.101558e+03 ,  1.439319e+02 ,  3.446486e+03 , -3.426136e+03 ,  1.440991e+03 , -3.268655e+03 , -3.181066e+03 ,  6.742257e+00 , -2.051637e+03 ,  1.606942e+03 ,  4.233524e+03 ,  1.098686e+03 , -1.138431e+03 ,  4.104913e+03 ,  2.460154e+03 ,  2.598925e+03 , -1.966293e+03 ,  4.630302e+03 , -1.222776e+02 , -2.105856e+02 ,  4.385292e+03 , -4.585543e+03 , -4.638037e+03 , -1.006292e+03 , -4.023807e+03 , -1.123930e+03 , -1.170330e+03 , -2.059761e+03 ,  2.022344e+03 ,  3.604977e+03 , -2.864981e+03 , -1.055243e+03 ,  2.722257e+03 , -1.978496e+03 , -4.137676e+02 ,  3.237253e+03 , -4.525043e+03 , -4.819162e+03 ,]
angleInclination_array = [1.919862e+00 , 1.919862e+00 , 1.919862e+00 , 1.919862e+00 , 1.919862e+00 , 1.919862e+00 , 1.919862e+00 , 1.919862e+00 , 1.919862e+00 , 1.919862e+00 , 1.919862e+00 , 1.919862e+00 , 1.919862e+00 , 1.919862e+00 , 1.919862e+00 , 1.919862e+00 , 1.919862e+00 , 1.919862e+00 , 1.919862e+00 , 1.919862e+00 , 1.919862e+00 , 1.919862e+00 , 1.919862e+00 , 1.919862e+00 , 1.919862e+00 , 1.919862e+00 , 1.919862e+00 , 1.919862e+00 , 1.919862e+00 , 1.919862e+00 , 1.919862e+00 , 1.919862e+00 , 1.919862e+00 , 1.919862e+00 , 1.919862e+00 , 1.919862e+00 , 1.919862e+00 , 1.919862e+00 , 1.919862e+00 , 1.919862e+00 , 1.919862e+00 , 1.919862e+00 , 1.919862e+00 , 1.919862e+00 , 1.919862e+00 , 1.919862e+00 , 1.919862e+00 , 1.919862e+00 , 1.919862e+00 , 1.919862e+00 ,]
angleAzimuth_array = [0 , 0 , 0 , 0 , 0 , 0 , 0 , 0 , 0 , 0 , 0 , 0 , 0 , 0 , 0 , 0 , 0 , 0 , 0 , 0 , 0 , 0 , 0 , 0 , 0 , 0 , 0 , 0 , 0 , 0 , 0 , 0 , 0 , 0 , 0 , 0 , 0 , 0 , 0 , 0 , 0 , 0 , 0 , 0 , 0 , 0 , 0 , 0 , 0 , 0 ,]
