% ground truth for sim_inc110_az200.tif
% settings
number_of_spots = 50
pixel_size_nm = 51.200
image_size_nm = 14142.136
image_size_px = 275
wavelength = 500
par.objectiveNA = 2.17
objectiveFocalLength = 770
par.refractiveIndices = [1.310000e+00 , 2.170000e+00 , 2.170000e+00 ,]
par.nDiscretizationBFP = 129
par.backgroundNoise = 0.020
par.nPhotons = 500
positionX_nm_array = [2.065779e+03 ,  2.847441e+03 , -3.115714e+03 ,  3.289916e+03 ,  9.499156e+02 , -2.274918e+03 , -4.693096e+03 , -2.211265e+03 , -1.361526e+03 , -4.568610e+03 , -4.822461e+03 ,  1.230950e+03 , -4.011873e+03 ,  4.322037e+03 ,  4.558957e+03 , -4.963488e+02 ,  2.122465e+03 ,  9.971712e+02 ,  1.153427e+03 ,  4.433419e+03 , -2.232856e+02 ,  3.931401e+03 , -2.633819e+03 ,  1.988561e+03 , -1.841734e+03 ,  4.081843e+03 ,  3.529725e+03 ,  2.868180e+03 ,  2.900321e+03 ,  3.505849e+03 , -7.826511e+02 , -4.011815e+01 , -3.427181e+03 ,  5.268225e+02 , -2.802282e+02 , -9.852171e+02 , -3.613157e+03 , -4.911945e+03 , -1.310042e+03 , -3.600873e+03 ,  2.805974e+03 , -3.676121e+03 , -4.101082e+03 ,  2.978630e+03 ,  4.912095e+03 , -1.043680e+03 ,  6.678397e+02 , -6.302586e+02 , -3.202785e+03 , -4.890116e+03 ,]
positionY_nm_array = [-3.099053e+03 , -1.950507e+02 , -6.986976e+02 , -2.605456e+03 , -8.918318e+02 ,  8.231721e+00 , -4.018239e+03 ,  4.651313e+03 , -1.488666e+03 , -6.502210e+02 , -2.142551e+03 ,  1.722973e+03 ,  1.889959e+03 ,  4.880928e+03 ,  7.302208e+02 ,  4.069275e+02 ,  2.614385e+03 ,  4.106788e+03 , -4.174860e+03 , -1.195775e+03 , -9.636392e+02 , -3.532951e+03 ,  3.391808e+03 , -1.022824e+03 ,  2.129269e+03 ,  2.985165e+03 , -4.882345e+03 ,  4.398940e+03 ,  3.373538e+03 ,  2.006059e+03 ,  2.456583e+03 , -4.334440e+03 ,  4.091458e+03 ,  4.096431e+02 , -2.564601e+03 ,  1.374739e+03 ,  2.872982e+03 ,  4.888885e+03 , -4.475602e+03 , -4.523592e+03 ,  1.227493e+03 , -2.530359e+03 ,  2.638426e+02 , -3.917013e+03 , -2.118769e+03 , -3.294483e+03 ,  2.819544e+03 ,  3.945940e+03 ,  1.096220e+03 ,  3.818632e+03 ,]
angleInclination_array = [1.919862e+00 , 1.919862e+00 , 1.919862e+00 , 1.919862e+00 , 1.919862e+00 , 1.919862e+00 , 1.919862e+00 , 1.919862e+00 , 1.919862e+00 , 1.919862e+00 , 1.919862e+00 , 1.919862e+00 , 1.919862e+00 , 1.919862e+00 , 1.919862e+00 , 1.919862e+00 , 1.919862e+00 , 1.919862e+00 , 1.919862e+00 , 1.919862e+00 , 1.919862e+00 , 1.919862e+00 , 1.919862e+00 , 1.919862e+00 , 1.919862e+00 , 1.919862e+00 , 1.919862e+00 , 1.919862e+00 , 1.919862e+00 , 1.919862e+00 , 1.919862e+00 , 1.919862e+00 , 1.919862e+00 , 1.919862e+00 , 1.919862e+00 , 1.919862e+00 , 1.919862e+00 , 1.919862e+00 , 1.919862e+00 , 1.919862e+00 , 1.919862e+00 , 1.919862e+00 , 1.919862e+00 , 1.919862e+00 , 1.919862e+00 , 1.919862e+00 , 1.919862e+00 , 1.919862e+00 , 1.919862e+00 , 1.919862e+00 ,]
angleAzimuth_array = [3.490659e+00 , 3.490659e+00 , 3.490659e+00 , 3.490659e+00 , 3.490659e+00 , 3.490659e+00 , 3.490659e+00 , 3.490659e+00 , 3.490659e+00 , 3.490659e+00 , 3.490659e+00 , 3.490659e+00 , 3.490659e+00 , 3.490659e+00 , 3.490659e+00 , 3.490659e+00 , 3.490659e+00 , 3.490659e+00 , 3.490659e+00 , 3.490659e+00 , 3.490659e+00 , 3.490659e+00 , 3.490659e+00 , 3.490659e+00 , 3.490659e+00 , 3.490659e+00 , 3.490659e+00 , 3.490659e+00 , 3.490659e+00 , 3.490659e+00 , 3.490659e+00 , 3.490659e+00 , 3.490659e+00 , 3.490659e+00 , 3.490659e+00 , 3.490659e+00 , 3.490659e+00 , 3.490659e+00 , 3.490659e+00 , 3.490659e+00 , 3.490659e+00 , 3.490659e+00 , 3.490659e+00 , 3.490659e+00 , 3.490659e+00 , 3.490659e+00 , 3.490659e+00 , 3.490659e+00 , 3.490659e+00 , 3.490659e+00 ,]
