% ground truth for sim_inc10_az360.tif
% settings
number_of_spots = 50
pixel_size_nm = 51.200
image_size_nm = 14142.136
image_size_px = 275
wavelength = 500
par.objectiveNA = 2.17
objectiveFocalLength = 770
par.refractiveIndices = [1.310000e+00 , 2.170000e+00 , 2.170000e+00 ,]
par.nDiscretizationBFP = 129
par.backgroundNoise = 0.020
par.nPhotons = 500
positionX_nm_array = [-6.493010e+02 , -2.181804e+03 ,  6.833128e+02 ,  4.840218e+02 , -1.316826e+03 , -1.218456e+03 ,  3.672813e+03 , -2.944009e+03 , -1.698948e+02 , -3.638867e+03 , -3.819837e+03 ,  4.630327e+03 ,  2.140865e+03 , -1.525983e+03 , -3.727775e+03 , -2.700868e+03 ,  3.899925e+03 ,  4.711779e+03 , -4.608955e+03 , -4.580970e+03 ,  2.565488e+03 , -9.862441e+02 ,  3.108400e+03 ,  2.886514e+03 , -1.806964e+03 ,  4.739140e+03 ,  1.976111e+03 ,  3.614678e+03 , -2.061696e+03 ,  1.138884e+02 ,  1.250759e+03 ,  2.467440e+03 ,  4.867061e+03 ,  1.821037e+03 , -4.476674e+03 , -4.842417e+02 , -4.678668e+03 ,  1.548543e+03 , -4.920640e+03 , -4.883170e+03 , -9.315480e+01 , -3.142176e+03 , -6.472095e+02 ,  2.288920e+03 ,  2.945803e+03 ,  3.866682e+03 ,  4.200281e+03 ,  4.663995e+03 ,  1.428953e+03 ,  3.360856e+03 ,]
positionY_nm_array = [3.198586e+03 ,  2.915650e+03 , -3.100740e+03 ,  1.875286e+03 , -3.968863e+03 ,  4.746951e+03 , -4.769367e+03 ,  1.172078e+03 , -3.972557e+03 ,  5.199782e+01 , -4.345177e+03 , -3.027736e+03 , -1.660898e+03 , -5.139519e+02 ,  4.888413e+03 , -1.812205e+03 , -2.996469e+02 , -1.036380e+03 , -2.559960e+03 ,  3.906618e+03 , -4.909315e+03 ,  1.843791e+03 ,  4.636422e+03 , -8.570791e+02 , -2.656197e+03 ,  3.191317e+03 ,  2.700099e+03 ,  1.769385e+03 , -4.780526e+03 ,  4.170761e+03 , -3.452545e+02 ,  1.588266e+03 ,  2.704682e+02 , -2.725893e+03 ,  2.905984e+03 , -2.375066e+02 , -6.530922e+02 ,  4.009749e+03 ,  7.478285e+02 , -3.930478e+03 ,  9.878494e+02 ,  3.559785e+03 , -1.978622e+03 ,  1.125316e+02 , -3.281629e+03 , -2.021574e+03 ,  4.288789e+03 , -4.422617e+03 , -4.214461e+03 ,  3.514757e+03 ,]
angleInclination_array = [1.745329e-01 , 1.745329e-01 , 1.745329e-01 , 1.745329e-01 , 1.745329e-01 , 1.745329e-01 , 1.745329e-01 , 1.745329e-01 , 1.745329e-01 , 1.745329e-01 , 1.745329e-01 , 1.745329e-01 , 1.745329e-01 , 1.745329e-01 , 1.745329e-01 , 1.745329e-01 , 1.745329e-01 , 1.745329e-01 , 1.745329e-01 , 1.745329e-01 , 1.745329e-01 , 1.745329e-01 , 1.745329e-01 , 1.745329e-01 , 1.745329e-01 , 1.745329e-01 , 1.745329e-01 , 1.745329e-01 , 1.745329e-01 , 1.745329e-01 , 1.745329e-01 , 1.745329e-01 , 1.745329e-01 , 1.745329e-01 , 1.745329e-01 , 1.745329e-01 , 1.745329e-01 , 1.745329e-01 , 1.745329e-01 , 1.745329e-01 , 1.745329e-01 , 1.745329e-01 , 1.745329e-01 , 1.745329e-01 , 1.745329e-01 , 1.745329e-01 , 1.745329e-01 , 1.745329e-01 , 1.745329e-01 , 1.745329e-01 ,]
angleAzimuth_array = [6.283185e+00 , 6.283185e+00 , 6.283185e+00 , 6.283185e+00 , 6.283185e+00 , 6.283185e+00 , 6.283185e+00 , 6.283185e+00 , 6.283185e+00 , 6.283185e+00 , 6.283185e+00 , 6.283185e+00 , 6.283185e+00 , 6.283185e+00 , 6.283185e+00 , 6.283185e+00 , 6.283185e+00 , 6.283185e+00 , 6.283185e+00 , 6.283185e+00 , 6.283185e+00 , 6.283185e+00 , 6.283185e+00 , 6.283185e+00 , 6.283185e+00 , 6.283185e+00 , 6.283185e+00 , 6.283185e+00 , 6.283185e+00 , 6.283185e+00 , 6.283185e+00 , 6.283185e+00 , 6.283185e+00 , 6.283185e+00 , 6.283185e+00 , 6.283185e+00 , 6.283185e+00 , 6.283185e+00 , 6.283185e+00 , 6.283185e+00 , 6.283185e+00 , 6.283185e+00 , 6.283185e+00 , 6.283185e+00 , 6.283185e+00 , 6.283185e+00 , 6.283185e+00 , 6.283185e+00 , 6.283185e+00 , 6.283185e+00 ,]
