% ground truth for sim_inc170_az340.tif
% settings
number_of_spots = 50
pixel_size_nm = 51.200
image_size_nm = 14142.136
image_size_px = 275
wavelength = 500
par.objectiveNA = 2.17
objectiveFocalLength = 770
par.refractiveIndices = [1.310000e+00 , 2.170000e+00 , 2.170000e+00 ,]
par.nDiscretizationBFP = 129
par.backgroundNoise = 0.020
par.nPhotons = 500
positionX_nm_array = [1.975164e+03 ,  4.379245e+03 ,  4.818418e+03 , -3.620148e+03 , -1.100571e+02 , -2.499902e+03 , -4.933305e+03 , -1.122454e+03 ,  4.214782e+02 , -4.220460e+03 , -1.968958e+03 ,  6.273528e+02 ,  4.181009e+03 ,  3.214786e+03 , -9.950715e+02 , -6.874660e+02 , -4.107633e+02 , -3.648098e+03 , -4.600742e+03 , -2.677544e+03 ,  4.226192e+03 ,  9.515458e+02 ,  1.799107e+03 , -4.934230e+03 ,  1.512074e+03 , -1.222609e+03 ,  9.969164e+02 ,  2.476103e+03 , -3.716152e+03 , -1.552341e+03 , -1.673210e+01 , -2.399766e+03 , -3.895582e+03 , -2.391363e+03 ,  2.173246e+03 ,  4.429122e+03 , -8.048814e+02 , -4.567758e+03 ,  2.522714e+03 ,  3.293073e+03 ,  5.236464e+02 ,  4.091957e+03 , -7.279292e+01 , -1.259452e+03 ,  2.652254e+03 , -2.651417e+03 ,  4.259941e+03 ,  2.167562e+03 ,  3.274906e+03 ,  3.696011e+03 ,]
positionY_nm_array = [4.458897e+02 , -2.909926e+03 ,  5.613572e+02 ,  4.630502e+03 , -3.272653e+03 ,  4.817231e+03 ,  9.863018e+02 ,  4.020647e+03 , -3.801235e+02 , -3.139809e+03 ,  2.013586e+03 , -1.822415e+03 , -4.418775e+02 ,  1.583028e+03 ,  1.401144e+03 , -8.409426e+02 ,  2.967345e+03 , -4.329930e+02 , -4.685427e+03 , -2.295801e+03 , -1.804931e+03 , -3.788984e+03 , -4.943713e+03 ,  2.467962e+03 ,  3.554161e+03 , -3.231912e+03 ,  1.578961e+03 , -4.169055e+03 , -4.134309e+03 ,  3.032089e+03 ,  2.039963e+03 , -3.946694e+03 ,  1.408251e+03 , -5.229750e+02 ,  2.630216e+03 ,  3.998464e+03 , -4.161195e+03 , -1.220107e+03 , -1.072160e+03 ,  3.486724e+02 ,  3.390140e+03 , -4.763999e+03 , -4.915531e+03 ,  4.290369e+02 ,  4.436711e+03 ,  2.990151e+03 ,  2.595222e+03 , -2.084230e+03 , -3.557498e+03 ,  4.813350e+03 ,]
angleInclination_array = [2.967060e+00 , 2.967060e+00 , 2.967060e+00 , 2.967060e+00 , 2.967060e+00 , 2.967060e+00 , 2.967060e+00 , 2.967060e+00 , 2.967060e+00 , 2.967060e+00 , 2.967060e+00 , 2.967060e+00 , 2.967060e+00 , 2.967060e+00 , 2.967060e+00 , 2.967060e+00 , 2.967060e+00 , 2.967060e+00 , 2.967060e+00 , 2.967060e+00 , 2.967060e+00 , 2.967060e+00 , 2.967060e+00 , 2.967060e+00 , 2.967060e+00 , 2.967060e+00 , 2.967060e+00 , 2.967060e+00 , 2.967060e+00 , 2.967060e+00 , 2.967060e+00 , 2.967060e+00 , 2.967060e+00 , 2.967060e+00 , 2.967060e+00 , 2.967060e+00 , 2.967060e+00 , 2.967060e+00 , 2.967060e+00 , 2.967060e+00 , 2.967060e+00 , 2.967060e+00 , 2.967060e+00 , 2.967060e+00 , 2.967060e+00 , 2.967060e+00 , 2.967060e+00 , 2.967060e+00 , 2.967060e+00 , 2.967060e+00 ,]
angleAzimuth_array = [5.934119e+00 , 5.934119e+00 , 5.934119e+00 , 5.934119e+00 , 5.934119e+00 , 5.934119e+00 , 5.934119e+00 , 5.934119e+00 , 5.934119e+00 , 5.934119e+00 , 5.934119e+00 , 5.934119e+00 , 5.934119e+00 , 5.934119e+00 , 5.934119e+00 , 5.934119e+00 , 5.934119e+00 , 5.934119e+00 , 5.934119e+00 , 5.934119e+00 , 5.934119e+00 , 5.934119e+00 , 5.934119e+00 , 5.934119e+00 , 5.934119e+00 , 5.934119e+00 , 5.934119e+00 , 5.934119e+00 , 5.934119e+00 , 5.934119e+00 , 5.934119e+00 , 5.934119e+00 , 5.934119e+00 , 5.934119e+00 , 5.934119e+00 , 5.934119e+00 , 5.934119e+00 , 5.934119e+00 , 5.934119e+00 , 5.934119e+00 , 5.934119e+00 , 5.934119e+00 , 5.934119e+00 , 5.934119e+00 , 5.934119e+00 , 5.934119e+00 , 5.934119e+00 , 5.934119e+00 , 5.934119e+00 , 5.934119e+00 ,]
