% ground truth for sim_inc30_az60.tif
% settings
number_of_spots = 50
pixel_size_nm = 51.200
image_size_nm = 14142.136
image_size_px = 275
wavelength = 500
par.objectiveNA = 2.17
objectiveFocalLength = 770
par.refractiveIndices = [1.310000e+00 , 2.170000e+00 , 2.170000e+00 ,]
par.nDiscretizationBFP = 129
par.backgroundNoise = 0.020
par.nPhotons = 500
positionX_nm_array = [2.773156e+03 , -4.295812e+03 , -2.780735e+03 , -3.928689e+03 , -2.036672e+03 ,  4.440795e+03 ,  2.492294e+03 ,  2.037517e+03 ,  2.599264e+02 , -1.484798e+03 ,  1.489608e+03 , -4.380917e+03 , -2.373957e+03 ,  1.994164e+03 ,  1.047405e+03 , -4.777787e+03 , -3.187145e+03 ,  1.421712e+03 , -1.648729e+03 , -2.506767e+03 , -8.577382e+02 ,  4.129718e+02 , -7.437687e+02 , -3.228186e+03 ,  4.173952e+03 , -4.127928e+03 ,  2.931976e+03 , -4.760996e+03 , -3.524309e+03 ,  2.071049e+02 , -4.797054e+02 ,  4.494267e+03 ,  1.077072e+03 ,  3.584317e+03 , -3.703613e+02 ,  3.359450e+03 ,  3.051396e+02 , -3.163072e+03 , -2.269141e+03 ,  1.386911e+03 ,  4.518513e+03 ,  2.889184e+03 ,  3.861397e+03 ,  4.905144e+03 , -1.439362e+03 ,  4.912673e+03 ,  2.855581e+03 , -4.155293e+03 , -3.363319e+03 , -3.518644e+03 ,]
positionY_nm_array = [-2.773181e+02 , -2.858114e+03 ,  3.094531e+03 ,  3.338657e+03 ,  4.734466e+03 ,  2.673854e+03 ,  3.261924e+03 , -4.573525e+03 ,  2.419000e+03 , -1.382046e+03 , -3.468812e+03 ,  1.051999e+03 ,  3.545800e+02 ,  1.321772e+03 , -2.422908e+03 ,  2.467880e+03 ,  4.346438e+03 ,  2.247630e+03 , -4.838480e+03 ,  2.126491e+03 ,  2.354265e+03 , -6.507245e+02 ,  3.810952e+03 , -2.336351e+03 ,  4.276472e+03 , -1.225972e+03 ,  2.110022e+03 ,  4.726549e+03 ,  1.694459e+03 ,  1.050622e+03 , -1.775280e+03 , -3.642925e+03 ,  3.486941e+03 , -1.676476e+03 , -3.823510e+03 , -2.855079e+03 ,  4.491837e+03 , -3.329385e+02 , -3.103120e+03 , -1.455817e+03 ,  1.384180e+03 , -3.993148e+03 , -1.419363e+02 , -2.594388e+03 ,  1.111462e+03 , -8.074166e+02 ,  4.236112e+03 , -7.265654e+01 , -3.683564e+03 , -4.895446e+03 ,]
angleInclination_array = [5.235988e-01 , 5.235988e-01 , 5.235988e-01 , 5.235988e-01 , 5.235988e-01 , 5.235988e-01 , 5.235988e-01 , 5.235988e-01 , 5.235988e-01 , 5.235988e-01 , 5.235988e-01 , 5.235988e-01 , 5.235988e-01 , 5.235988e-01 , 5.235988e-01 , 5.235988e-01 , 5.235988e-01 , 5.235988e-01 , 5.235988e-01 , 5.235988e-01 , 5.235988e-01 , 5.235988e-01 , 5.235988e-01 , 5.235988e-01 , 5.235988e-01 , 5.235988e-01 , 5.235988e-01 , 5.235988e-01 , 5.235988e-01 , 5.235988e-01 , 5.235988e-01 , 5.235988e-01 , 5.235988e-01 , 5.235988e-01 , 5.235988e-01 , 5.235988e-01 , 5.235988e-01 , 5.235988e-01 , 5.235988e-01 , 5.235988e-01 , 5.235988e-01 , 5.235988e-01 , 5.235988e-01 , 5.235988e-01 , 5.235988e-01 , 5.235988e-01 , 5.235988e-01 , 5.235988e-01 , 5.235988e-01 , 5.235988e-01 ,]
angleAzimuth_array = [1.047198e+00 , 1.047198e+00 , 1.047198e+00 , 1.047198e+00 , 1.047198e+00 , 1.047198e+00 , 1.047198e+00 , 1.047198e+00 , 1.047198e+00 , 1.047198e+00 , 1.047198e+00 , 1.047198e+00 , 1.047198e+00 , 1.047198e+00 , 1.047198e+00 , 1.047198e+00 , 1.047198e+00 , 1.047198e+00 , 1.047198e+00 , 1.047198e+00 , 1.047198e+00 , 1.047198e+00 , 1.047198e+00 , 1.047198e+00 , 1.047198e+00 , 1.047198e+00 , 1.047198e+00 , 1.047198e+00 , 1.047198e+00 , 1.047198e+00 , 1.047198e+00 , 1.047198e+00 , 1.047198e+00 , 1.047198e+00 , 1.047198e+00 , 1.047198e+00 , 1.047198e+00 , 1.047198e+00 , 1.047198e+00 , 1.047198e+00 , 1.047198e+00 , 1.047198e+00 , 1.047198e+00 , 1.047198e+00 , 1.047198e+00 , 1.047198e+00 , 1.047198e+00 , 1.047198e+00 , 1.047198e+00 , 1.047198e+00 ,]
