% ground truth for sim_inc160_az80.tif
% settings
number_of_spots = 50
pixel_size_nm = 51.200
image_size_nm = 14142.136
image_size_px = 275
wavelength = 500
par.objectiveNA = 2.17
objectiveFocalLength = 770
par.refractiveIndices = [1.310000e+00 , 2.170000e+00 , 2.170000e+00 ,]
par.nDiscretizationBFP = 129
par.backgroundNoise = 0.020
par.nPhotons = 500
positionX_nm_array = [-3.879788e+03 , -1.881874e+03 ,  2.718426e+03 , -4.894036e+03 , -3.696140e+02 ,  2.813840e+03 ,  3.472925e+03 , -2.492047e+03 ,  6.144826e+02 , -2.736255e+03 , -1.237645e+02 , -3.153978e+03 , -4.532113e+03 , -4.190233e+03 , -1.029161e+03 , -3.245259e+03 , -1.358321e+03 , -2.470756e+03 , -1.130707e+03 , -1.996094e+03 ,  4.233942e+03 ,  3.841151e+03 ,  2.059988e+03 , -4.157306e+03 , -3.172158e+03 ,  1.548183e+03 ,  1.162256e+03 , -3.920442e+02 ,  3.945343e+03 ,  3.823008e+03 , -4.940367e+03 ,  1.245783e+03 ,  4.003852e+03 , -4.310890e+03 ,  2.297838e+03 ,  6.071920e+02 ,  3.591990e+03 ,  2.593883e+03 ,  4.763889e+03 ,  9.272479e+02 ,  4.042268e+02 , -4.713623e+03 ,  3.188708e+01 ,  4.817743e+03 ,  1.514645e+03 , -1.527200e+03 ,  1.832250e+03 ,  2.865910e+03 , -2.730368e+03 ,  3.005111e+03 ,]
positionY_nm_array = [-3.451428e+03 ,  3.676265e+03 ,  1.875333e+03 , -2.832579e+03 ,  2.400535e+03 ,  4.821117e+03 ,  9.563460e+02 , -4.903075e+03 ,  4.276798e+03 , -3.215251e+01 , -1.941822e+03 , -1.462308e+03 ,  7.311887e+02 ,  2.016358e+03 ,  1.308499e+01 ,  3.024529e+03 ,  1.019621e+03 , -2.897456e+03 , -2.880804e+03 ,  2.054954e+03 , -3.327935e+03 , -2.029245e+03 , -3.027676e+03 , -7.697130e+02 ,  4.832525e+03 , -4.676005e+03 , -1.072352e+03 ,  1.358858e+03 ,  4.538461e+03 , -4.533268e+03 ,  4.784189e+03 , -2.191319e+03 , -5.538757e+02 ,  3.513974e+03 ,  3.798468e+03 ,  3.798297e+02 ,  3.000653e+03 , -1.384461e+03 ,  9.820456e+02 , -3.499518e+03 ,  3.127921e+03 , -4.789155e+03 , -4.083794e+03 ,  3.236587e+03 ,  2.463912e+03 , -9.773124e+02 ,  1.187642e+02 , -4.165572e+03 ,  1.113539e+03 , -4.031148e+02 ,]
angleInclination_array = [2.792527e+00 , 2.792527e+00 , 2.792527e+00 , 2.792527e+00 , 2.792527e+00 , 2.792527e+00 , 2.792527e+00 , 2.792527e+00 , 2.792527e+00 , 2.792527e+00 , 2.792527e+00 , 2.792527e+00 , 2.792527e+00 , 2.792527e+00 , 2.792527e+00 , 2.792527e+00 , 2.792527e+00 , 2.792527e+00 , 2.792527e+00 , 2.792527e+00 , 2.792527e+00 , 2.792527e+00 , 2.792527e+00 , 2.792527e+00 , 2.792527e+00 , 2.792527e+00 , 2.792527e+00 , 2.792527e+00 , 2.792527e+00 , 2.792527e+00 , 2.792527e+00 , 2.792527e+00 , 2.792527e+00 , 2.792527e+00 , 2.792527e+00 , 2.792527e+00 , 2.792527e+00 , 2.792527e+00 , 2.792527e+00 , 2.792527e+00 , 2.792527e+00 , 2.792527e+00 , 2.792527e+00 , 2.792527e+00 , 2.792527e+00 , 2.792527e+00 , 2.792527e+00 , 2.792527e+00 , 2.792527e+00 , 2.792527e+00 ,]
angleAzimuth_array = [1.396263e+00 , 1.396263e+00 , 1.396263e+00 , 1.396263e+00 , 1.396263e+00 , 1.396263e+00 , 1.396263e+00 , 1.396263e+00 , 1.396263e+00 , 1.396263e+00 , 1.396263e+00 , 1.396263e+00 , 1.396263e+00 , 1.396263e+00 , 1.396263e+00 , 1.396263e+00 , 1.396263e+00 , 1.396263e+00 , 1.396263e+00 , 1.396263e+00 , 1.396263e+00 , 1.396263e+00 , 1.396263e+00 , 1.396263e+00 , 1.396263e+00 , 1.396263e+00 , 1.396263e+00 , 1.396263e+00 , 1.396263e+00 , 1.396263e+00 , 1.396263e+00 , 1.396263e+00 , 1.396263e+00 , 1.396263e+00 , 1.396263e+00 , 1.396263e+00 , 1.396263e+00 , 1.396263e+00 , 1.396263e+00 , 1.396263e+00 , 1.396263e+00 , 1.396263e+00 , 1.396263e+00 , 1.396263e+00 , 1.396263e+00 , 1.396263e+00 , 1.396263e+00 , 1.396263e+00 , 1.396263e+00 , 1.396263e+00 ,]
