% ground truth for sim_inc150_az180.tif
% settings
number_of_spots = 50
pixel_size_nm = 51.200
image_size_nm = 14142.136
image_size_px = 275
wavelength = 500
par.objectiveNA = 2.17
objectiveFocalLength = 770
par.refractiveIndices = [1.310000e+00 , 2.170000e+00 , 2.170000e+00 ,]
par.nDiscretizationBFP = 129
par.backgroundNoise = 0.020
par.nPhotons = 500
positionX_nm_array = [-1.130515e+03 , -1.194595e+03 , -1.851683e+03 , -4.597473e+03 ,  4.233983e+03 , -4.273556e+03 , -4.327756e+03 ,  4.733435e+03 , -1.426272e+03 , -3.813850e+03 , -1.536073e+03 , -4.316289e+03 , -4.052357e+03 ,  1.661263e+03 ,  3.851344e+03 ,  4.151450e+03 ,  7.256336e+02 ,  2.635171e+03 ,  3.485446e+03 , -2.545952e+03 ,  3.103117e+03 , -2.975775e+03 ,  2.896974e+02 , -2.381447e+03 ,  4.522668e+03 ,  4.735313e+03 ,  1.087826e+03 , -4.796021e+03 ,  1.793857e+03 , -3.266348e+03 , -2.680965e+03 ,  6.406629e+02 , -9.892034e+02 ,  2.399360e+03 , -2.854333e+02 , -1.276781e+03 ,  9.786220e+02 , -3.968688e+03 ,  4.497328e+03 ,  1.565540e+03 , -8.242197e+02 , -1.511480e+02 ,  3.935747e+03 ,  2.893473e+03 , -3.514344e+02 ,  2.464058e+03 , -2.648025e+03 ,  8.102879e+02 , -4.342207e+03 ,  3.840814e+03 ,]
positionY_nm_array = [-2.394533e+03 ,  4.844897e+03 , -3.242162e+03 , -1.383343e+03 ,  9.760081e+02 ,  3.398352e+03 ,  4.478821e+03 ,  2.027111e+03 ,  4.339009e+01 ,  1.223916e+03 ,  1.713780e+03 , -3.830437e+03 , -1.042469e+02 ,  1.465445e+03 ,  3.331834e+03 , -3.376181e+03 ,  4.270766e+03 , -4.208931e+03 , -1.151966e+03 ,  1.594728e+03 ,  2.488336e+03 , -1.683329e+03 ,  3.022176e+03 ,  4.273197e+03 ,  4.816203e+03 , -4.904051e+03 , -1.578309e+03 ,  1.752492e+03 , -3.223167e+02 ,  3.146148e+03 , -4.867170e+03 , -4.182378e+03 , -4.126952e+03 ,  4.876895e+03 ,  6.421648e+02 ,  3.206054e+03 , -2.657337e+03 , -2.580536e+03 , -1.408051e+03 , -3.488735e+03 , -1.013808e+03 , -3.332030e+03 , -4.789178e+01 ,  1.212582e+03 ,  1.775541e+03 , -2.912492e+03 ,  8.462877e+01 , -5.788678e+02 , -4.875723e+03 , -2.251083e+03 ,]
angleInclination_array = [2.617994e+00 , 2.617994e+00 , 2.617994e+00 , 2.617994e+00 , 2.617994e+00 , 2.617994e+00 , 2.617994e+00 , 2.617994e+00 , 2.617994e+00 , 2.617994e+00 , 2.617994e+00 , 2.617994e+00 , 2.617994e+00 , 2.617994e+00 , 2.617994e+00 , 2.617994e+00 , 2.617994e+00 , 2.617994e+00 , 2.617994e+00 , 2.617994e+00 , 2.617994e+00 , 2.617994e+00 , 2.617994e+00 , 2.617994e+00 , 2.617994e+00 , 2.617994e+00 , 2.617994e+00 , 2.617994e+00 , 2.617994e+00 , 2.617994e+00 , 2.617994e+00 , 2.617994e+00 , 2.617994e+00 , 2.617994e+00 , 2.617994e+00 , 2.617994e+00 , 2.617994e+00 , 2.617994e+00 , 2.617994e+00 , 2.617994e+00 , 2.617994e+00 , 2.617994e+00 , 2.617994e+00 , 2.617994e+00 , 2.617994e+00 , 2.617994e+00 , 2.617994e+00 , 2.617994e+00 , 2.617994e+00 , 2.617994e+00 ,]
angleAzimuth_array = [3.141593e+00 , 3.141593e+00 , 3.141593e+00 , 3.141593e+00 , 3.141593e+00 , 3.141593e+00 , 3.141593e+00 , 3.141593e+00 , 3.141593e+00 , 3.141593e+00 , 3.141593e+00 , 3.141593e+00 , 3.141593e+00 , 3.141593e+00 , 3.141593e+00 , 3.141593e+00 , 3.141593e+00 , 3.141593e+00 , 3.141593e+00 , 3.141593e+00 , 3.141593e+00 , 3.141593e+00 , 3.141593e+00 , 3.141593e+00 , 3.141593e+00 , 3.141593e+00 , 3.141593e+00 , 3.141593e+00 , 3.141593e+00 , 3.141593e+00 , 3.141593e+00 , 3.141593e+00 , 3.141593e+00 , 3.141593e+00 , 3.141593e+00 , 3.141593e+00 , 3.141593e+00 , 3.141593e+00 , 3.141593e+00 , 3.141593e+00 , 3.141593e+00 , 3.141593e+00 , 3.141593e+00 , 3.141593e+00 , 3.141593e+00 , 3.141593e+00 , 3.141593e+00 , 3.141593e+00 , 3.141593e+00 , 3.141593e+00 ,]
