% ground truth for sim_inc30_az40.tif
% settings
number_of_spots = 50
pixel_size_nm = 51.200
image_size_nm = 14142.136
image_size_px = 275
wavelength = 500
par.objectiveNA = 2.17
objectiveFocalLength = 770
par.refractiveIndices = [1.310000e+00 , 2.170000e+00 , 2.170000e+00 ,]
par.nDiscretizationBFP = 129
par.backgroundNoise = 0.020
par.nPhotons = 500
positionX_nm_array = [-4.080115e+03 , -8.630079e+02 , -4.908388e+03 , -3.531654e+03 ,  8.920189e+02 ,  3.672299e+03 ,  4.918620e+03 ,  3.538210e+03 , -3.933537e+03 ,  1.184697e+03 ,  4.080662e+03 ,  1.281738e+03 ,  1.474792e+03 ,  4.360229e+03 ,  1.694264e+03 , -4.830274e+02 ,  4.711348e+03 , -2.223033e+03 , -2.111592e+03 ,  3.226398e+03 , -3.521963e+03 , -3.422895e+03 ,  2.250127e+03 , -2.347557e+03 ,  4.188034e+03 , -6.099493e+02 ,  3.498284e+03 , -1.858508e+03 , -4.285866e+03 ,  4.787114e+03 , -5.454534e+02 , -1.638075e+03 ,  1.860621e+02 , -1.854662e+03 , -3.390944e+03 ,  1.266340e+03 , -5.271608e+02 ,  6.148862e+01 ,  2.868213e+03 ,  2.619378e+03 , -1.146995e+03 , -4.849024e+03 , -3.955796e+03 ,  4.622190e+02 ,  3.459148e+03 ,  5.246295e+02 ,  5.967191e+02 , -1.850449e+03 , -2.603015e+03 ,  5.023857e+02 ,]
positionY_nm_array = [-1.334425e+03 ,  1.973313e+03 ,  1.298946e+03 , -2.503023e+03 ,  4.479312e+03 ,  1.472147e+03 ,  2.845848e+03 ,  3.748009e+03 , -2.568075e+02 ,  6.772313e+02 ,  4.878201e+03 ,  3.153438e+03 , -3.927911e+02 , -4.752894e+03 , -1.943410e+03 ,  1.933501e+02 ,  1.671868e+03 , -5.462084e+02 , -2.025277e+03 , -1.317326e+03 ,  1.974199e+03 , -4.029324e+03 , -3.966235e+03 , -4.243867e+03 , -3.274349e+02 , -3.366786e+03 , -4.037380e+03 ,  3.497813e+03 , -4.546212e+03 , -2.620507e+03 ,  4.374408e+03 ,  4.678106e+03 , -4.667694e+03 ,  1.629277e+03 ,  3.029774e+03 , -4.522233e+03 , -1.666310e+03 ,  2.430876e+03 ,  2.649817e+02 ,  1.801682e+03 , -4.700694e+03 , -3.357505e+03 ,  4.355341e+03 , -1.341601e+03 , -2.878647e+03 , -2.391395e+03 , -3.476071e+03 ,  5.763112e+02 ,  4.183328e+03 ,  1.471780e+03 ,]
angleInclination_array = [5.235988e-01 , 5.235988e-01 , 5.235988e-01 , 5.235988e-01 , 5.235988e-01 , 5.235988e-01 , 5.235988e-01 , 5.235988e-01 , 5.235988e-01 , 5.235988e-01 , 5.235988e-01 , 5.235988e-01 , 5.235988e-01 , 5.235988e-01 , 5.235988e-01 , 5.235988e-01 , 5.235988e-01 , 5.235988e-01 , 5.235988e-01 , 5.235988e-01 , 5.235988e-01 , 5.235988e-01 , 5.235988e-01 , 5.235988e-01 , 5.235988e-01 , 5.235988e-01 , 5.235988e-01 , 5.235988e-01 , 5.235988e-01 , 5.235988e-01 , 5.235988e-01 , 5.235988e-01 , 5.235988e-01 , 5.235988e-01 , 5.235988e-01 , 5.235988e-01 , 5.235988e-01 , 5.235988e-01 , 5.235988e-01 , 5.235988e-01 , 5.235988e-01 , 5.235988e-01 , 5.235988e-01 , 5.235988e-01 , 5.235988e-01 , 5.235988e-01 , 5.235988e-01 , 5.235988e-01 , 5.235988e-01 , 5.235988e-01 ,]
angleAzimuth_array = [6.981317e-01 , 6.981317e-01 , 6.981317e-01 , 6.981317e-01 , 6.981317e-01 , 6.981317e-01 , 6.981317e-01 , 6.981317e-01 , 6.981317e-01 , 6.981317e-01 , 6.981317e-01 , 6.981317e-01 , 6.981317e-01 , 6.981317e-01 , 6.981317e-01 , 6.981317e-01 , 6.981317e-01 , 6.981317e-01 , 6.981317e-01 , 6.981317e-01 , 6.981317e-01 , 6.981317e-01 , 6.981317e-01 , 6.981317e-01 , 6.981317e-01 , 6.981317e-01 , 6.981317e-01 , 6.981317e-01 , 6.981317e-01 , 6.981317e-01 , 6.981317e-01 , 6.981317e-01 , 6.981317e-01 , 6.981317e-01 , 6.981317e-01 , 6.981317e-01 , 6.981317e-01 , 6.981317e-01 , 6.981317e-01 , 6.981317e-01 , 6.981317e-01 , 6.981317e-01 , 6.981317e-01 , 6.981317e-01 , 6.981317e-01 , 6.981317e-01 , 6.981317e-01 , 6.981317e-01 , 6.981317e-01 , 6.981317e-01 ,]
