% ground truth for sim_inc70_az80.tif
% settings
number_of_spots = 50
pixel_size_nm = 51.200
image_size_nm = 14142.136
image_size_px = 275
wavelength = 500
par.objectiveNA = 2.17
objectiveFocalLength = 770
par.refractiveIndices = [1.310000e+00 , 2.170000e+00 , 2.170000e+00 ,]
par.nDiscretizationBFP = 129
par.backgroundNoise = 0.020
par.nPhotons = 500
positionX_nm_array = [-3.893097e+03 ,  9.308342e+02 ,  1.862879e+03 , -3.545026e+03 ,  1.837882e+03 , -2.483251e+03 , -2.569872e+03 ,  2.876844e+03 , -3.292796e+02 , -1.351839e+03 , -1.934136e+03 , -2.311096e+03 , -4.258819e+03 , -1.445625e+02 , -3.208447e+03 , -5.717422e+02 ,  2.109742e+03 , -3.043601e+03 , -8.852101e+02 , -4.761888e+03 ,  4.141582e+03 , -3.928009e+03 ,  4.171291e+03 ,  2.942038e+03 ,  4.322153e+03 ,  3.905765e+03 ,  1.206476e+03 ,  4.876661e+03 , -2.278439e+03 ,  3.675911e+03 ,  2.421199e+03 ,  3.600283e+03 , -4.074757e+02 ,  2.434063e+03 ,  4.953691e+02 ,  1.050644e+03 , -1.562864e+03 ,  3.302846e+03 , -3.605062e+03 ,  7.731466e+02 ,  1.167620e+03 , -4.033417e+03 ,  1.817969e+03 , -1.905809e+02 ,  4.627546e+03 ,  3.610943e+03 , -1.472038e+03 , -4.377890e+03 ,  9.347011e+02 , -4.865554e+03 ,]
positionY_nm_array = [-5.363506e+02 ,  4.798032e+03 ,  5.119461e+02 , -1.487080e+03 , -2.708518e+03 , -1.504915e+03 ,  3.925126e+03 ,  1.200859e+03 ,  2.703675e+03 , -1.091825e+03 ,  3.862671e+02 ,  2.054272e+03 , -3.159616e+03 ,  1.085307e+03 , -2.963352e+03 ,  1.654414e+02 ,  3.254842e+03 ,  1.252115e+03 , -2.892603e+03 ,  3.125452e+03 ,  3.850665e+03 ,  3.783218e+03 , -2.679139e+03 , -4.175118e+03 , -1.166097e+03 ,  1.365395e+03 ,  2.131561e+03 , -4.592485e+03 , -4.308251e+03 , -6.550970e+01 , -3.661871e+02 ,  2.752903e+03 , -3.791602e+03 ,  4.414579e+03 , -4.310146e+03 , -3.135455e+02 ,  4.008031e+03 , -3.184830e+03 , -4.823963e+03 ,  3.461302e+03 , -1.462042e+03 ,  5.220272e+02 , -4.935705e+03 , -1.183855e+03 ,  2.423350e+03 ,  4.707848e+03 ,  2.891133e+03 ,  4.748014e+03 ,  9.706019e+02 , -1.370023e+03 ,]
angleInclination_array = [1.221730e+00 , 1.221730e+00 , 1.221730e+00 , 1.221730e+00 , 1.221730e+00 , 1.221730e+00 , 1.221730e+00 , 1.221730e+00 , 1.221730e+00 , 1.221730e+00 , 1.221730e+00 , 1.221730e+00 , 1.221730e+00 , 1.221730e+00 , 1.221730e+00 , 1.221730e+00 , 1.221730e+00 , 1.221730e+00 , 1.221730e+00 , 1.221730e+00 , 1.221730e+00 , 1.221730e+00 , 1.221730e+00 , 1.221730e+00 , 1.221730e+00 , 1.221730e+00 , 1.221730e+00 , 1.221730e+00 , 1.221730e+00 , 1.221730e+00 , 1.221730e+00 , 1.221730e+00 , 1.221730e+00 , 1.221730e+00 , 1.221730e+00 , 1.221730e+00 , 1.221730e+00 , 1.221730e+00 , 1.221730e+00 , 1.221730e+00 , 1.221730e+00 , 1.221730e+00 , 1.221730e+00 , 1.221730e+00 , 1.221730e+00 , 1.221730e+00 , 1.221730e+00 , 1.221730e+00 , 1.221730e+00 , 1.221730e+00 ,]
angleAzimuth_array = [1.396263e+00 , 1.396263e+00 , 1.396263e+00 , 1.396263e+00 , 1.396263e+00 , 1.396263e+00 , 1.396263e+00 , 1.396263e+00 , 1.396263e+00 , 1.396263e+00 , 1.396263e+00 , 1.396263e+00 , 1.396263e+00 , 1.396263e+00 , 1.396263e+00 , 1.396263e+00 , 1.396263e+00 , 1.396263e+00 , 1.396263e+00 , 1.396263e+00 , 1.396263e+00 , 1.396263e+00 , 1.396263e+00 , 1.396263e+00 , 1.396263e+00 , 1.396263e+00 , 1.396263e+00 , 1.396263e+00 , 1.396263e+00 , 1.396263e+00 , 1.396263e+00 , 1.396263e+00 , 1.396263e+00 , 1.396263e+00 , 1.396263e+00 , 1.396263e+00 , 1.396263e+00 , 1.396263e+00 , 1.396263e+00 , 1.396263e+00 , 1.396263e+00 , 1.396263e+00 , 1.396263e+00 , 1.396263e+00 , 1.396263e+00 , 1.396263e+00 , 1.396263e+00 , 1.396263e+00 , 1.396263e+00 , 1.396263e+00 ,]
