% ground truth for sim_inc30_az300.tif
% settings
number_of_spots = 50
pixel_size_nm = 51.200
image_size_nm = 14142.136
image_size_px = 275
wavelength = 500
par.objectiveNA = 2.17
objectiveFocalLength = 770
par.refractiveIndices = [1.310000e+00 , 2.170000e+00 , 2.170000e+00 ,]
par.nDiscretizationBFP = 129
par.backgroundNoise = 0.020
par.nPhotons = 500
positionX_nm_array = [2.997045e+03 , -1.950406e+03 ,  4.512043e+03 , -2.012156e+03 , -4.243344e+03 , -1.716831e+02 ,  2.273897e+03 , -6.054529e+02 ,  4.899802e+03 ,  1.041233e+02 , -1.355200e+03 ,  3.099412e+02 , -9.222131e+02 ,  1.409096e+03 , -5.626436e+02 , -2.367519e+03 , -2.493359e+03 , -3.055470e+03 ,  4.564125e+03 ,  4.255357e+03 ,  2.390263e+03 ,  3.072071e+03 ,  5.987570e+02 ,  4.751443e+03 , -3.059150e+03 ,  8.894596e+02 ,  3.380201e+03 ,  1.619474e+03 , -4.187092e+02 ,  2.356828e+03 , -2.723783e+03 ,  3.410401e+03 ,  2.147363e+03 ,  1.238690e+03 ,  2.379047e+03 , -4.290734e+03 , -3.730623e+03 , -1.128635e+03 , -4.084541e+03 , -1.493245e+03 , -4.836369e+03 , -2.732516e+03 ,  3.292826e+03 , -4.793330e+03 ,  3.940768e+03 , -3.321503e+03 , -1.568053e+03 , -3.890520e+03 ,  3.770337e+02 ,  4.081766e+02 ,]
positionY_nm_array = [-3.723270e+03 ,  3.853203e+03 ,  3.136393e+03 ,  2.295092e+03 , -6.361800e+02 , -4.736675e+03 ,  1.447611e+03 , -1.190473e+03 , -1.443285e+03 ,  4.195163e+03 , -3.699447e+03 ,  2.716256e+03 ,  3.269222e+03 , -4.019904e+03 , -2.828913e+03 , -8.985541e+02 , -2.300155e+03 ,  1.659953e+03 , -3.286931e+03 ,  4.343141e+03 , -5.335734e+01 ,  3.287387e+03 , -1.813011e+03 , -4.729083e+03 ,  3.529897e+03 ,  5.359900e+02 , -6.127454e+02 ,  2.812990e+03 ,  1.260453e+02 , -1.559789e+03 , -4.907100e+03 ,  6.420872e+02 ,  4.845635e+03 ,  3.954584e+03 , -2.696234e+03 ,  2.023170e+03 , -4.556772e+03 ,  1.763637e+03 , -3.121515e+03 ,  4.824051e+03 , -4.050034e+03 ,  1.802761e+02 , -2.200050e+03 ,  1.150400e+03 ,  2.297363e+03 ,  4.762840e+03 ,  8.181537e+02 ,  4.374435e+02 , -3.541186e+03 ,  1.663334e+03 ,]
angleInclination_array = [5.235988e-01 , 5.235988e-01 , 5.235988e-01 , 5.235988e-01 , 5.235988e-01 , 5.235988e-01 , 5.235988e-01 , 5.235988e-01 , 5.235988e-01 , 5.235988e-01 , 5.235988e-01 , 5.235988e-01 , 5.235988e-01 , 5.235988e-01 , 5.235988e-01 , 5.235988e-01 , 5.235988e-01 , 5.235988e-01 , 5.235988e-01 , 5.235988e-01 , 5.235988e-01 , 5.235988e-01 , 5.235988e-01 , 5.235988e-01 , 5.235988e-01 , 5.235988e-01 , 5.235988e-01 , 5.235988e-01 , 5.235988e-01 , 5.235988e-01 , 5.235988e-01 , 5.235988e-01 , 5.235988e-01 , 5.235988e-01 , 5.235988e-01 , 5.235988e-01 , 5.235988e-01 , 5.235988e-01 , 5.235988e-01 , 5.235988e-01 , 5.235988e-01 , 5.235988e-01 , 5.235988e-01 , 5.235988e-01 , 5.235988e-01 , 5.235988e-01 , 5.235988e-01 , 5.235988e-01 , 5.235988e-01 , 5.235988e-01 ,]
angleAzimuth_array = [5.235988e+00 , 5.235988e+00 , 5.235988e+00 , 5.235988e+00 , 5.235988e+00 , 5.235988e+00 , 5.235988e+00 , 5.235988e+00 , 5.235988e+00 , 5.235988e+00 , 5.235988e+00 , 5.235988e+00 , 5.235988e+00 , 5.235988e+00 , 5.235988e+00 , 5.235988e+00 , 5.235988e+00 , 5.235988e+00 , 5.235988e+00 , 5.235988e+00 , 5.235988e+00 , 5.235988e+00 , 5.235988e+00 , 5.235988e+00 , 5.235988e+00 , 5.235988e+00 , 5.235988e+00 , 5.235988e+00 , 5.235988e+00 , 5.235988e+00 , 5.235988e+00 , 5.235988e+00 , 5.235988e+00 , 5.235988e+00 , 5.235988e+00 , 5.235988e+00 , 5.235988e+00 , 5.235988e+00 , 5.235988e+00 , 5.235988e+00 , 5.235988e+00 , 5.235988e+00 , 5.235988e+00 , 5.235988e+00 , 5.235988e+00 , 5.235988e+00 , 5.235988e+00 , 5.235988e+00 , 5.235988e+00 , 5.235988e+00 ,]
