% ground truth for sim_inc0_az240.tif
% settings
number_of_spots = 50
pixel_size_nm = 51.200
image_size_nm = 14142.136
image_size_px = 275
wavelength = 500
par.objectiveNA = 2.17
objectiveFocalLength = 770
par.refractiveIndices = [1.310000e+00 , 2.170000e+00 , 2.170000e+00 ,]
par.nDiscretizationBFP = 129
par.backgroundNoise = 0.020
par.nPhotons = 500
positionX_nm_array = [-3.918817e+03 ,  4.416194e+03 , -3.437829e+03 , -3.216271e+03 , -1.245750e+03 , -2.150777e+03 , -3.078933e+03 ,  3.669620e+03 , -2.273457e+03 ,  2.986292e+02 , -2.222668e+03 ,  1.222911e+03 , -2.334646e+03 ,  1.963008e+03 ,  4.858320e+03 , -1.229171e+03 , -1.064328e+03 ,  3.377083e+02 ,  2.047324e+03 , -4.154848e+03 ,  6.608834e+02 ,  2.541141e+03 ,  3.365980e+03 , -2.786877e+03 , -4.799887e+03 , -2.817739e+01 ,  6.571594e+02 , -1.165615e+03 , -4.889806e+03 ,  2.378169e+03 , -4.565938e+03 ,  3.904927e+03 , -2.045368e+03 , -2.125831e+02 , -4.795309e+02 ,  2.474447e+03 ,  3.983803e+03 ,  3.804467e+03 , -1.504426e+03 ,  4.629954e+03 ,  1.432042e+03 ,  1.533484e+03 ,  2.587803e+03 , -4.067758e+03 , -3.428628e+02 ,  1.085160e+03 ,  4.895555e+03 ,  4.677347e+03 , -1.085192e+02 , -4.324849e+03 ,]
positionY_nm_array = [-2.674141e+03 , -1.837613e+03 ,  4.028343e+02 ,  3.889394e+03 ,  1.491350e+03 ,  4.151530e+03 ,  2.087311e+03 , -1.575812e+02 , -4.851354e+03 ,  2.960900e+03 , -3.656070e+03 , -3.365565e+03 , -2.377915e+03 ,  4.196776e+03 ,  3.419266e+02 , -3.822258e+03 , -1.542443e+03 , -1.154852e+03 , -4.333640e+03 , -3.793668e+03 ,  3.701391e+02 , -1.515941e+03 ,  4.511515e+03 , -8.226763e+02 ,  2.823074e+02 , -4.582306e+03 , -2.174097e+03 ,  3.443311e+03 , -1.321546e+03 , -2.973356e+03 ,  2.684988e+03 ,  1.700080e+03 ,  2.477243e+03 ,  2.017115e+03 ,  4.594646e+02 ,  9.016088e+01 , -3.203914e+03 ,  3.487046e+03 , -1.705089e+02 , -8.237950e+02 ,  1.962381e+03 ,  3.118726e+03 ,  2.395718e+03 ,  1.535490e+03 , -2.830145e+03 , -4.949015e+03 ,  2.007499e+03 , -4.506253e+03 ,  3.932142e+03 ,  4.300345e+03 ,]
angleInclination_array = [0 , 0 , 0 , 0 , 0 , 0 , 0 , 0 , 0 , 0 , 0 , 0 , 0 , 0 , 0 , 0 , 0 , 0 , 0 , 0 , 0 , 0 , 0 , 0 , 0 , 0 , 0 , 0 , 0 , 0 , 0 , 0 , 0 , 0 , 0 , 0 , 0 , 0 , 0 , 0 , 0 , 0 , 0 , 0 , 0 , 0 , 0 , 0 , 0 , 0 ,]
angleAzimuth_array = [4.188790e+00 , 4.188790e+00 , 4.188790e+00 , 4.188790e+00 , 4.188790e+00 , 4.188790e+00 , 4.188790e+00 , 4.188790e+00 , 4.188790e+00 , 4.188790e+00 , 4.188790e+00 , 4.188790e+00 , 4.188790e+00 , 4.188790e+00 , 4.188790e+00 , 4.188790e+00 , 4.188790e+00 , 4.188790e+00 , 4.188790e+00 , 4.188790e+00 , 4.188790e+00 , 4.188790e+00 , 4.188790e+00 , 4.188790e+00 , 4.188790e+00 , 4.188790e+00 , 4.188790e+00 , 4.188790e+00 , 4.188790e+00 , 4.188790e+00 , 4.188790e+00 , 4.188790e+00 , 4.188790e+00 , 4.188790e+00 , 4.188790e+00 , 4.188790e+00 , 4.188790e+00 , 4.188790e+00 , 4.188790e+00 , 4.188790e+00 , 4.188790e+00 , 4.188790e+00 , 4.188790e+00 , 4.188790e+00 , 4.188790e+00 , 4.188790e+00 , 4.188790e+00 , 4.188790e+00 , 4.188790e+00 , 4.188790e+00 ,]
