% ground truth for sim_inc0_az0.tif
% settings
number_of_spots = 50
pixel_size_nm = 51.200
image_size_nm = 14142.136
image_size_px = 275
wavelength = 500
par.objectiveNA = 2.17
objectiveFocalLength = 770
par.refractiveIndices = [1.310000e+00 , 2.170000e+00 , 2.170000e+00 ,]
par.nDiscretizationBFP = 129
par.backgroundNoise = 0.020
par.nPhotons = 500
positionX_nm_array = [-5.045274e+02 ,  3.645559e+03 ,  7.477822e+02 , -1.284795e+03 , -4.749038e+03 ,  2.697303e+02 , -1.934678e+03 , -3.605507e+03 ,  6.559776e+02 ,  4.652400e+03 ,  4.650586e+03 , -1.513550e+03 , -4.377906e+03 , -2.079805e+03 ,  1.356365e+03 ,  4.078060e+03 , -6.801575e+02 , -2.973678e+03 , -4.575270e+02 , -4.290734e+03 ,  2.045197e+02 ,  4.347850e+03 , -2.551308e+03 , -4.125601e+03 ,  2.552237e+03 , -1.878385e+03 ,  2.618733e+03 ,  2.222653e+03 , -3.635905e+03 , -3.790816e+03 , -2.754146e+03 , -1.396023e+03 , -3.060343e+03 , -4.786275e+03 ,  4.190989e+03 ,  3.210837e+03 , -4.250717e+03 , -1.055768e+03 , -1.443690e+03 ,  2.461116e+03 ,  2.298325e+03 ,  2.992555e+03 ,  2.033107e+03 ,  1.367638e+03 , -2.678883e+03 , -2.431955e+02 ,  7.854560e+02 , -2.524041e+03 ,  4.747235e+03 ,  3.364402e+03 ,]
positionY_nm_array = [-6.974621e+02 ,  1.685387e+02 ,  3.517459e+03 , -3.631732e+03 ,  3.874583e+03 ,  1.408070e+03 ,  2.055751e+03 ,  4.066027e+03 ,  3.545618e+02 ,  4.545465e+03 ,  3.261466e+03 , -2.262924e+03 , -4.808897e+03 ,  6.803423e+02 , -2.373226e+03 , -1.803503e+03 ,  3.877062e+03 ,  1.088119e+02 , -1.773716e+03 , -1.192889e+03 , -3.959327e+03 ,  1.830060e+03 ,  4.550382e+03 , -3.786852e+03 , -2.066660e+03 , -4.676383e+03 , -4.683522e+03 ,  4.522788e+03 , -2.568998e+03 ,  7.624016e+02 ,  2.852564e+03 ,  3.170368e+03 ,  1.801339e+03 ,  2.724533e+03 , -3.490793e+03 ,  1.747083e+03 ,  4.842264e+03 ,  1.028707e+03 ,  4.774926e+03 ,  2.972871e+03 , -3.489721e+03 , -1.085416e+03 , -2.038930e+02 , -4.240356e+03 , -1.243403e+03 ,  4.932418e+03 ,  4.885105e+03 , -3.051927e+03 ,  3.281817e+02 ,  4.399287e+03 ,]
angleInclination_array = [0 , 0 , 0 , 0 , 0 , 0 , 0 , 0 , 0 , 0 , 0 , 0 , 0 , 0 , 0 , 0 , 0 , 0 , 0 , 0 , 0 , 0 , 0 , 0 , 0 , 0 , 0 , 0 , 0 , 0 , 0 , 0 , 0 , 0 , 0 , 0 , 0 , 0 , 0 , 0 , 0 , 0 , 0 , 0 , 0 , 0 , 0 , 0 , 0 , 0 ,]
angleAzimuth_array = [0 , 0 , 0 , 0 , 0 , 0 , 0 , 0 , 0 , 0 , 0 , 0 , 0 , 0 , 0 , 0 , 0 , 0 , 0 , 0 , 0 , 0 , 0 , 0 , 0 , 0 , 0 , 0 , 0 , 0 , 0 , 0 , 0 , 0 , 0 , 0 , 0 , 0 , 0 , 0 , 0 , 0 , 0 , 0 , 0 , 0 , 0 , 0 , 0 , 0 ,]
