% ground truth for sim_inc80_az60.tif
% settings
number_of_spots = 50
pixel_size_nm = 51.200
image_size_nm = 14142.136
image_size_px = 275
wavelength = 500
par.objectiveNA = 2.17
objectiveFocalLength = 770
par.refractiveIndices = [1.310000e+00 , 2.170000e+00 , 2.170000e+00 ,]
par.nDiscretizationBFP = 129
par.backgroundNoise = 0.020
par.nPhotons = 500
positionX_nm_array = [2.117095e+03 ,  1.690686e+03 , -4.251518e+03 , -4.008411e+03 ,  2.945912e+03 ,  2.928753e+03 , -7.427824e+02 ,  8.411336e+02 ,  8.865469e+01 , -1.176227e+03 , -2.661281e+03 ,  5.084777e+02 ,  1.707850e+03 , -4.075762e+03 ,  4.147213e+03 ,  4.076672e+03 ,  3.126200e+03 , -4.114405e+02 , -4.110926e+03 , -4.573996e+03 , -4.574351e+03 , -2.397933e+03 , -4.844450e+03 , -1.881462e+03 ,  2.387986e+03 ,  4.082729e+03 , -1.145498e+03 , -1.507095e+02 ,  7.266464e+02 , -1.339660e+03 ,  3.131507e+03 , -3.673896e+03 ,  4.111599e+03 ,  1.503405e+03 , -2.840203e+03 , -2.595682e+03 , -4.933406e+03 ,  2.462866e+03 , -3.050734e+03 ,  6.996060e+02 ,  4.062635e+03 ,  2.643769e+03 , -2.919963e+03 , -1.775910e+03 , -2.231452e+03 , -3.615364e+02 , -3.574836e+03 , -4.551063e+03 ,  4.113697e+03 ,  2.770620e+02 ,]
positionY_nm_array = [3.011262e+03 ,  1.175793e+03 , -4.154718e+03 , -1.193437e+03 ,  4.283518e+03 , -4.457550e+03 , -2.744686e+03 , -4.599948e+03 , -4.355928e+02 , -4.180740e+03 ,  1.070291e+03 , -3.065611e+03 , -3.817150e+03 , -2.527662e+03 ,  2.872589e+03 , -7.429856e+01 , -2.246063e+03 ,  5.756734e+02 ,  2.327062e+03 , -4.880785e+01 ,  4.525878e+03 ,  4.495944e+03 , -3.300868e+03 , -3.189537e+03 , -1.037763e+03 , -4.919436e+03 ,  2.704563e+03 ,  3.493349e+03 ,  5.580295e+02 , -5.831899e+02 ,  3.230192e+03 ,  4.591612e+02 ,  1.701732e+03 , -2.482840e+03 , -3.607306e+03 , -4.802400e+03 , -1.664910e+03 ,  1.824550e+03 , -2.605205e+03 ,  4.339851e+03 , -3.004754e+03 ,  7.007333e+02 , -1.229136e+03 , -1.843377e+03 ,  3.459367e+03 , -1.559638e+03 ,  3.578856e+03 ,  1.422555e+03 , -1.562425e+03 ,  2.145392e+03 ,]
angleInclination_array = [1.396263e+00 , 1.396263e+00 , 1.396263e+00 , 1.396263e+00 , 1.396263e+00 , 1.396263e+00 , 1.396263e+00 , 1.396263e+00 , 1.396263e+00 , 1.396263e+00 , 1.396263e+00 , 1.396263e+00 , 1.396263e+00 , 1.396263e+00 , 1.396263e+00 , 1.396263e+00 , 1.396263e+00 , 1.396263e+00 , 1.396263e+00 , 1.396263e+00 , 1.396263e+00 , 1.396263e+00 , 1.396263e+00 , 1.396263e+00 , 1.396263e+00 , 1.396263e+00 , 1.396263e+00 , 1.396263e+00 , 1.396263e+00 , 1.396263e+00 , 1.396263e+00 , 1.396263e+00 , 1.396263e+00 , 1.396263e+00 , 1.396263e+00 , 1.396263e+00 , 1.396263e+00 , 1.396263e+00 , 1.396263e+00 , 1.396263e+00 , 1.396263e+00 , 1.396263e+00 , 1.396263e+00 , 1.396263e+00 , 1.396263e+00 , 1.396263e+00 , 1.396263e+00 , 1.396263e+00 , 1.396263e+00 , 1.396263e+00 ,]
angleAzimuth_array = [1.047198e+00 , 1.047198e+00 , 1.047198e+00 , 1.047198e+00 , 1.047198e+00 , 1.047198e+00 , 1.047198e+00 , 1.047198e+00 , 1.047198e+00 , 1.047198e+00 , 1.047198e+00 , 1.047198e+00 , 1.047198e+00 , 1.047198e+00 , 1.047198e+00 , 1.047198e+00 , 1.047198e+00 , 1.047198e+00 , 1.047198e+00 , 1.047198e+00 , 1.047198e+00 , 1.047198e+00 , 1.047198e+00 , 1.047198e+00 , 1.047198e+00 , 1.047198e+00 , 1.047198e+00 , 1.047198e+00 , 1.047198e+00 , 1.047198e+00 , 1.047198e+00 , 1.047198e+00 , 1.047198e+00 , 1.047198e+00 , 1.047198e+00 , 1.047198e+00 , 1.047198e+00 , 1.047198e+00 , 1.047198e+00 , 1.047198e+00 , 1.047198e+00 , 1.047198e+00 , 1.047198e+00 , 1.047198e+00 , 1.047198e+00 , 1.047198e+00 , 1.047198e+00 , 1.047198e+00 , 1.047198e+00 , 1.047198e+00 ,]
