% ground truth for sim_inc20_az200.tif
% settings
number_of_spots = 50
pixel_size_nm = 51.200
image_size_nm = 14142.136
image_size_px = 275
wavelength = 500
par.objectiveNA = 2.17
objectiveFocalLength = 770
par.refractiveIndices = [1.310000e+00 , 2.170000e+00 , 2.170000e+00 ,]
par.nDiscretizationBFP = 129
par.backgroundNoise = 0.020
par.nPhotons = 500
positionX_nm_array = [-1.172651e+03 , -3.229223e+03 ,  2.198038e+03 , -1.897955e+03 ,  3.458342e+03 , -3.082082e+03 ,  1.389349e+03 ,  3.961146e+02 ,  2.836460e+03 , -1.378756e+03 , -4.049673e+03 , -4.786487e+03 ,  1.526400e+03 ,  3.960462e+03 ,  2.286440e+03 , -2.250791e+03 ,  1.124101e+03 ,  1.129763e+03 , -1.567160e+03 ,  1.921595e+02 ,  4.486926e+03 ,  2.468602e+03 ,  3.472956e+03 , -4.796963e+03 , -5.234971e+02 ,  1.564018e+03 , -4.464337e+03 , -3.339608e+03 ,  3.406600e+03 , -3.151263e+02 ,  4.356675e+03 , -1.212445e+03 ,  3.895894e+03 ,  3.740015e+03 , -3.426198e+02 , -4.412305e+02 , -4.703844e+03 ,  2.788444e+03 , -2.007170e+03 ,  9.972384e+02 , -2.880213e+03 , -6.672061e+02 , -3.608815e+03 , -2.507746e+03 ,  4.688109e+03 , -1.070899e+03 ,  4.846113e+03 ,  2.295329e+03 ,  4.569047e+03 , -4.374933e+03 ,]
positionY_nm_array = [1.177418e+03 ,  4.075050e+03 ,  3.093278e+03 ,  2.487866e+03 , -2.163986e+03 ,  1.420087e+03 ,  2.340140e+03 ,  3.004261e+03 , -3.055829e+03 ,  4.291090e+03 , -1.558904e+03 ,  2.133175e+03 , -3.224756e+03 , -3.117747e+03 , -1.120248e+03 ,  4.884787e+03 , -2.226483e+03 , -1.198647e+03 , -4.685211e+03 ,  4.496868e+03 , -1.005298e+03 ,  1.091796e+03 , -4.415379e+02 ,  2.735971e+02 , -4.389439e+03 ,  3.907056e+03 , -4.724766e+03 ,  2.873111e+02 , -4.878634e+03 , -1.760898e+03 ,  3.320019e+03 , -2.387255e+03 ,  4.708462e+03 ,  2.510783e+03 ,  2.104726e+03 , -5.956598e+02 ,  4.146875e+03 ,  4.729084e+03 ,  2.531909e+01 ,  6.470690e+02 , -2.288085e+03 ,  3.354821e+03 ,  3.064982e+03 , -4.301199e+03 ,  1.302437e+02 , -3.488720e+03 ,  4.209204e+03 , -3.909470e+03 ,  1.638169e+03 , -3.489035e+03 ,]
angleInclination_array = [3.490659e-01 , 3.490659e-01 , 3.490659e-01 , 3.490659e-01 , 3.490659e-01 , 3.490659e-01 , 3.490659e-01 , 3.490659e-01 , 3.490659e-01 , 3.490659e-01 , 3.490659e-01 , 3.490659e-01 , 3.490659e-01 , 3.490659e-01 , 3.490659e-01 , 3.490659e-01 , 3.490659e-01 , 3.490659e-01 , 3.490659e-01 , 3.490659e-01 , 3.490659e-01 , 3.490659e-01 , 3.490659e-01 , 3.490659e-01 , 3.490659e-01 , 3.490659e-01 , 3.490659e-01 , 3.490659e-01 , 3.490659e-01 , 3.490659e-01 , 3.490659e-01 , 3.490659e-01 , 3.490659e-01 , 3.490659e-01 , 3.490659e-01 , 3.490659e-01 , 3.490659e-01 , 3.490659e-01 , 3.490659e-01 , 3.490659e-01 , 3.490659e-01 , 3.490659e-01 , 3.490659e-01 , 3.490659e-01 , 3.490659e-01 , 3.490659e-01 , 3.490659e-01 , 3.490659e-01 , 3.490659e-01 , 3.490659e-01 ,]
angleAzimuth_array = [3.490659e+00 , 3.490659e+00 , 3.490659e+00 , 3.490659e+00 , 3.490659e+00 , 3.490659e+00 , 3.490659e+00 , 3.490659e+00 , 3.490659e+00 , 3.490659e+00 , 3.490659e+00 , 3.490659e+00 , 3.490659e+00 , 3.490659e+00 , 3.490659e+00 , 3.490659e+00 , 3.490659e+00 , 3.490659e+00 , 3.490659e+00 , 3.490659e+00 , 3.490659e+00 , 3.490659e+00 , 3.490659e+00 , 3.490659e+00 , 3.490659e+00 , 3.490659e+00 , 3.490659e+00 , 3.490659e+00 , 3.490659e+00 , 3.490659e+00 , 3.490659e+00 , 3.490659e+00 , 3.490659e+00 , 3.490659e+00 , 3.490659e+00 , 3.490659e+00 , 3.490659e+00 , 3.490659e+00 , 3.490659e+00 , 3.490659e+00 , 3.490659e+00 , 3.490659e+00 , 3.490659e+00 , 3.490659e+00 , 3.490659e+00 , 3.490659e+00 , 3.490659e+00 , 3.490659e+00 , 3.490659e+00 , 3.490659e+00 ,]
