% ground truth for sim_inc170_az360.tif
% settings
number_of_spots = 50
pixel_size_nm = 51.200
image_size_nm = 14142.136
image_size_px = 275
wavelength = 500
par.objectiveNA = 2.17
objectiveFocalLength = 770
par.refractiveIndices = [1.310000e+00 , 2.170000e+00 , 2.170000e+00 ,]
par.nDiscretizationBFP = 129
par.backgroundNoise = 0.020
par.nPhotons = 500
positionX_nm_array = [2.803779e+03 , -3.349485e+03 ,  3.681944e+03 , -6.827793e+02 , -4.811448e+03 , -2.298908e+03 ,  5.637104e+02 ,  1.713784e+03 ,  9.373298e+02 ,  2.910865e+03 , -8.285543e+02 , -2.939406e+03 , -1.314726e+03 , -3.463162e+03 , -1.970913e+03 , -4.819322e+03 , -1.448701e+03 ,  3.653263e+03 ,  2.870395e+03 ,  4.670390e+03 ,  3.929003e+03 ,  4.826829e+03 ,  4.820131e+03 , -4.594651e+03 , -4.394395e+03 ,  1.868627e+03 ,  4.510432e+03 ,  1.619815e+03 ,  3.659728e+03 , -2.011217e+03 , -4.622418e+03 , -2.883980e+02 ,  2.660468e+03 , -3.630624e+03 , -2.877665e+03 ,  4.793862e+03 ,  1.764077e+03 , -3.476507e+03 , -4.691230e+03 ,  4.283175e+02 ,  1.754304e+03 ,  2.218839e+02 ,  1.176733e+03 , -1.217733e+02 ,  4.299706e+03 , -1.843605e+03 , -3.096021e+03 ,  2.460208e+03 ,  3.058920e+03 , -4.790156e+03 ,]
positionY_nm_array = [-3.619682e+03 ,  1.626557e+03 , -2.201856e+03 , -2.533249e+03 , -6.679121e+02 , -4.239071e+03 , -4.148282e+03 ,  3.788479e+03 ,  7.145952e+02 ,  4.479978e+03 , -1.030947e+03 ,  5.567023e+02 , -3.932463e+03 ,  4.348709e+03 , -3.890806e+02 ,  7.254976e+02 ,  8.408019e+02 ,  3.575006e+03 , -6.482540e+02 , -3.136972e+03 ,  4.868690e+03 ,  2.195187e+03 ,  3.591930e+03 ,  3.628329e+03 ,  2.439678e+03 , -1.014178e+03 ,  4.002690e+02 ,  2.710122e+03 ,  1.451902e+03 , -2.188299e+03 , -3.850067e+03 ,  1.967445e+03 ,  2.436924e+03 , -3.540973e+03 ,  3.450794e+03 , -7.133446e+02 , -4.806100e+03 , -1.103987e+03 , -1.689708e+03 , -3.944081e+02 , -2.963897e+03 , -1.550227e+03 ,  4.888681e+03 ,  4.377792e+03 , -4.828918e+03 ,  2.185020e+03 , -2.481252e+03 ,  5.922540e+02 , -4.904750e+03 ,  4.648571e+03 ,]
angleInclination_array = [2.967060e+00 , 2.967060e+00 , 2.967060e+00 , 2.967060e+00 , 2.967060e+00 , 2.967060e+00 , 2.967060e+00 , 2.967060e+00 , 2.967060e+00 , 2.967060e+00 , 2.967060e+00 , 2.967060e+00 , 2.967060e+00 , 2.967060e+00 , 2.967060e+00 , 2.967060e+00 , 2.967060e+00 , 2.967060e+00 , 2.967060e+00 , 2.967060e+00 , 2.967060e+00 , 2.967060e+00 , 2.967060e+00 , 2.967060e+00 , 2.967060e+00 , 2.967060e+00 , 2.967060e+00 , 2.967060e+00 , 2.967060e+00 , 2.967060e+00 , 2.967060e+00 , 2.967060e+00 , 2.967060e+00 , 2.967060e+00 , 2.967060e+00 , 2.967060e+00 , 2.967060e+00 , 2.967060e+00 , 2.967060e+00 , 2.967060e+00 , 2.967060e+00 , 2.967060e+00 , 2.967060e+00 , 2.967060e+00 , 2.967060e+00 , 2.967060e+00 , 2.967060e+00 , 2.967060e+00 , 2.967060e+00 , 2.967060e+00 ,]
angleAzimuth_array = [6.283185e+00 , 6.283185e+00 , 6.283185e+00 , 6.283185e+00 , 6.283185e+00 , 6.283185e+00 , 6.283185e+00 , 6.283185e+00 , 6.283185e+00 , 6.283185e+00 , 6.283185e+00 , 6.283185e+00 , 6.283185e+00 , 6.283185e+00 , 6.283185e+00 , 6.283185e+00 , 6.283185e+00 , 6.283185e+00 , 6.283185e+00 , 6.283185e+00 , 6.283185e+00 , 6.283185e+00 , 6.283185e+00 , 6.283185e+00 , 6.283185e+00 , 6.283185e+00 , 6.283185e+00 , 6.283185e+00 , 6.283185e+00 , 6.283185e+00 , 6.283185e+00 , 6.283185e+00 , 6.283185e+00 , 6.283185e+00 , 6.283185e+00 , 6.283185e+00 , 6.283185e+00 , 6.283185e+00 , 6.283185e+00 , 6.283185e+00 , 6.283185e+00 , 6.283185e+00 , 6.283185e+00 , 6.283185e+00 , 6.283185e+00 , 6.283185e+00 , 6.283185e+00 , 6.283185e+00 , 6.283185e+00 , 6.283185e+00 ,]
