% ground truth for sim_inc70_az340.tif
% settings
number_of_spots = 50
pixel_size_nm = 51.200
image_size_nm = 14142.136
image_size_px = 275
wavelength = 500
par.objectiveNA = 2.17
objectiveFocalLength = 770
par.refractiveIndices = [1.310000e+00 , 2.170000e+00 , 2.170000e+00 ,]
par.nDiscretizationBFP = 129
par.backgroundNoise = 0.020
par.nPhotons = 500
positionX_nm_array = [-4.489334e+03 , -1.540683e+03 , -2.839825e+02 ,  2.610430e+03 , -3.849545e+03 , -4.042094e+03 ,  4.259804e+03 , -7.246809e+02 ,  1.191954e+03 ,  3.561833e+03 , -3.084158e+03 ,  1.380134e+03 , -1.106953e+03 ,  4.684430e+03 ,  4.913557e+03 ,  4.819061e+03 ,  6.012613e+02 , -2.342603e+03 , -3.944997e+03 , -2.234514e+03 , -1.661655e+03 , -3.413574e+03 ,  3.980575e+03 , -8.541652e+02 ,  3.248553e+03 , -2.660837e+03 , -2.948968e+03 , -8.998954e+02 ,  4.999538e+02 ,  3.203633e+03 ,  2.594233e+03 ,  3.539388e+03 , -3.938552e+02 , -2.908178e+03 ,  1.775271e+03 , -3.832640e+03 ,  1.294693e+03 ,  2.213239e+03 , -1.636043e+03 ,  2.486020e+03 ,  4.254117e+02 ,  4.689064e+03 ,  1.623237e+03 , -1.840432e+03 , -4.707433e+03 ,  4.602199e+03 , -2.390890e+03 , -2.746429e+03 , -5.978288e+02 , -4.744425e+03 ,]
positionY_nm_array = [1.539353e+03 ,  1.011182e+03 ,  1.216889e+02 , -2.296667e+03 , -1.558256e+03 , -4.025171e+03 , -1.327331e+03 ,  1.708989e+03 , -3.812428e+03 , -2.859417e+03 , -2.358469e+03 ,  4.597539e+03 ,  4.782473e+03 ,  1.423877e+03 ,  3.943405e+03 , -1.761775e+02 ,  3.358876e+03 ,  2.938145e+03 , -4.708433e+02 , -3.192104e+03 , -4.913903e+03 ,  3.815811e+03 ,  4.629835e+03 , -1.123388e+03 ,  2.532678e+03 , -5.865417e+02 ,  1.814059e+03 , -2.729928e+03 , -1.805791e+03 ,  3.938048e+03 , -7.032795e+02 ,  2.783283e+02 ,  3.532737e+03 ,  7.625457e+02 ,  1.996369e+03 ,  2.601036e+03 , -1.273696e+02 , -3.995007e+03 , -2.979309e+02 ,  4.213845e+02 ,  1.059068e+03 , -4.633059e+03 , -2.027945e+03 , -2.261133e+03 ,  4.671485e+03 , -2.802899e+03 ,  4.907676e+03 , -4.899042e+03 , -3.764074e+03 ,  2.354280e+02 ,]
angleInclination_array = [1.221730e+00 , 1.221730e+00 , 1.221730e+00 , 1.221730e+00 , 1.221730e+00 , 1.221730e+00 , 1.221730e+00 , 1.221730e+00 , 1.221730e+00 , 1.221730e+00 , 1.221730e+00 , 1.221730e+00 , 1.221730e+00 , 1.221730e+00 , 1.221730e+00 , 1.221730e+00 , 1.221730e+00 , 1.221730e+00 , 1.221730e+00 , 1.221730e+00 , 1.221730e+00 , 1.221730e+00 , 1.221730e+00 , 1.221730e+00 , 1.221730e+00 , 1.221730e+00 , 1.221730e+00 , 1.221730e+00 , 1.221730e+00 , 1.221730e+00 , 1.221730e+00 , 1.221730e+00 , 1.221730e+00 , 1.221730e+00 , 1.221730e+00 , 1.221730e+00 , 1.221730e+00 , 1.221730e+00 , 1.221730e+00 , 1.221730e+00 , 1.221730e+00 , 1.221730e+00 , 1.221730e+00 , 1.221730e+00 , 1.221730e+00 , 1.221730e+00 , 1.221730e+00 , 1.221730e+00 , 1.221730e+00 , 1.221730e+00 ,]
angleAzimuth_array = [5.934119e+00 , 5.934119e+00 , 5.934119e+00 , 5.934119e+00 , 5.934119e+00 , 5.934119e+00 , 5.934119e+00 , 5.934119e+00 , 5.934119e+00 , 5.934119e+00 , 5.934119e+00 , 5.934119e+00 , 5.934119e+00 , 5.934119e+00 , 5.934119e+00 , 5.934119e+00 , 5.934119e+00 , 5.934119e+00 , 5.934119e+00 , 5.934119e+00 , 5.934119e+00 , 5.934119e+00 , 5.934119e+00 , 5.934119e+00 , 5.934119e+00 , 5.934119e+00 , 5.934119e+00 , 5.934119e+00 , 5.934119e+00 , 5.934119e+00 , 5.934119e+00 , 5.934119e+00 , 5.934119e+00 , 5.934119e+00 , 5.934119e+00 , 5.934119e+00 , 5.934119e+00 , 5.934119e+00 , 5.934119e+00 , 5.934119e+00 , 5.934119e+00 , 5.934119e+00 , 5.934119e+00 , 5.934119e+00 , 5.934119e+00 , 5.934119e+00 , 5.934119e+00 , 5.934119e+00 , 5.934119e+00 , 5.934119e+00 ,]
