% ground truth for sim_inc50_az260.tif
% settings
number_of_spots = 50
pixel_size_nm = 51.200
image_size_nm = 14142.136
image_size_px = 275
wavelength = 500
par.objectiveNA = 2.17
objectiveFocalLength = 770
par.refractiveIndices = [1.310000e+00 , 2.170000e+00 , 2.170000e+00 ,]
par.nDiscretizationBFP = 129
par.backgroundNoise = 0.020
par.nPhotons = 500
positionX_nm_array = [3.758811e+03 , -4.474886e+03 , -4.844267e+03 ,  2.046275e+03 ,  4.436324e+03 ,  1.798795e+03 ,  3.041143e+03 ,  4.101719e+03 , -3.232882e+03 , -2.064025e+03 , -2.133265e+02 , -4.429817e+03 , -3.500403e+03 , -1.528063e+03 , -4.730529e+02 , -3.328745e+03 , -3.982267e+03 ,  5.991816e+02 , -2.100753e+03 , -7.524517e+02 ,  4.727108e+03 ,  8.958167e+02 ,  2.323005e+03 , -3.412229e+03 ,  1.339743e+03 ,  1.592262e+03 ,  1.491635e+03 , -2.837226e+03 ,  2.746108e+03 , -1.325289e+03 ,  4.362988e+02 , -4.758659e+03 ,  6.971562e+02 , -3.618517e+03 , -8.793126e+02 ,  4.938357e+03 ,  2.028767e+03 , -1.831691e+03 , -2.702547e+03 ,  4.112832e+03 ,  3.648250e+03 , -1.901512e+03 , -5.605346e+02 ,  6.840916e+02 ,  3.554835e+02 , -4.266546e+03 ,  3.960715e+03 ,  3.421902e+03 , -4.311351e+02 ,  3.185884e+03 ,]
positionY_nm_array = [-4.858311e+03 , -4.041635e+03 ,  3.837890e+03 , -1.407020e+03 , -3.491222e+03 ,  5.710861e+01 ,  1.296293e+03 , -3.142966e+02 ,  4.515268e+03 , -4.779544e+03 ,  2.848718e+03 ,  1.014136e+03 , -4.335793e+03 , -2.034737e+03 ,  4.611917e+03 , -2.566183e+03 ,  2.976797e+03 , -4.428388e+03 ,  3.995259e+03 , -3.842792e+03 ,  2.390792e+03 ,  4.034223e+03 ,  3.256386e+03 ,  1.035864e+03 ,  2.442178e+03 , -4.627463e+03 ,  1.286783e+03 ,  1.891053e+03 , -4.410721e+03 , -2.161293e+02 ,  1.967937e+03 , -2.676415e+03 , -3.598058e+02 , -9.768767e+02 ,  3.624081e+03 ,  3.445021e+03 , -2.552663e+03 ,  1.573690e+03 , -4.446834e+02 , -1.949832e+03 ,  3.501022e+03 , -3.591752e+03 , -2.569088e+03 , -2.275240e+03 , -3.452396e+03 , -2.779719e+01 ,  7.690737e+02 , -3.570676e+03 ,  9.202231e+02 ,  2.475788e+03 ,]
angleInclination_array = [8.726646e-01 , 8.726646e-01 , 8.726646e-01 , 8.726646e-01 , 8.726646e-01 , 8.726646e-01 , 8.726646e-01 , 8.726646e-01 , 8.726646e-01 , 8.726646e-01 , 8.726646e-01 , 8.726646e-01 , 8.726646e-01 , 8.726646e-01 , 8.726646e-01 , 8.726646e-01 , 8.726646e-01 , 8.726646e-01 , 8.726646e-01 , 8.726646e-01 , 8.726646e-01 , 8.726646e-01 , 8.726646e-01 , 8.726646e-01 , 8.726646e-01 , 8.726646e-01 , 8.726646e-01 , 8.726646e-01 , 8.726646e-01 , 8.726646e-01 , 8.726646e-01 , 8.726646e-01 , 8.726646e-01 , 8.726646e-01 , 8.726646e-01 , 8.726646e-01 , 8.726646e-01 , 8.726646e-01 , 8.726646e-01 , 8.726646e-01 , 8.726646e-01 , 8.726646e-01 , 8.726646e-01 , 8.726646e-01 , 8.726646e-01 , 8.726646e-01 , 8.726646e-01 , 8.726646e-01 , 8.726646e-01 , 8.726646e-01 ,]
angleAzimuth_array = [4.537856e+00 , 4.537856e+00 , 4.537856e+00 , 4.537856e+00 , 4.537856e+00 , 4.537856e+00 , 4.537856e+00 , 4.537856e+00 , 4.537856e+00 , 4.537856e+00 , 4.537856e+00 , 4.537856e+00 , 4.537856e+00 , 4.537856e+00 , 4.537856e+00 , 4.537856e+00 , 4.537856e+00 , 4.537856e+00 , 4.537856e+00 , 4.537856e+00 , 4.537856e+00 , 4.537856e+00 , 4.537856e+00 , 4.537856e+00 , 4.537856e+00 , 4.537856e+00 , 4.537856e+00 , 4.537856e+00 , 4.537856e+00 , 4.537856e+00 , 4.537856e+00 , 4.537856e+00 , 4.537856e+00 , 4.537856e+00 , 4.537856e+00 , 4.537856e+00 , 4.537856e+00 , 4.537856e+00 , 4.537856e+00 , 4.537856e+00 , 4.537856e+00 , 4.537856e+00 , 4.537856e+00 , 4.537856e+00 , 4.537856e+00 , 4.537856e+00 , 4.537856e+00 , 4.537856e+00 , 4.537856e+00 , 4.537856e+00 ,]
