% ground truth for sim_inc150_az40.tif
% settings
number_of_spots = 50
pixel_size_nm = 51.200
image_size_nm = 14142.136
image_size_px = 275
wavelength = 500
par.objectiveNA = 2.17
objectiveFocalLength = 770
par.refractiveIndices = [1.310000e+00 , 2.170000e+00 , 2.170000e+00 ,]
par.nDiscretizationBFP = 129
par.backgroundNoise = 0.020
par.nPhotons = 500
positionX_nm_array = [-1.399201e+03 , -2.954485e+03 , -3.521212e+03 , -4.411016e+03 , -1.119683e+03 , -2.804661e+03 , -2.750083e+02 ,  8.028308e+02 , -4.558346e+03 ,  3.038250e+03 , -4.884096e+03 ,  1.651010e+03 ,  3.680287e+03 , -4.289052e+03 ,  1.289604e+03 ,  1.820980e+03 , -2.961043e+03 , -2.360044e+02 , -6.663189e+02 , -1.882521e+03 ,  3.788620e+03 ,  1.819657e+03 ,  2.466324e+03 ,  4.264171e+03 , -2.912888e+03 ,  4.188531e+03 ,  4.086595e+03 , -1.292361e+01 ,  6.152206e+02 , -4.815105e+03 ,  2.647061e+03 , -2.975747e+03 ,  2.319698e+03 , -4.886421e+03 ,  1.932869e+03 , -2.011595e+03 , -1.694778e+03 ,  3.717003e+03 ,  1.051943e+03 ,  2.477278e+02 , -4.731156e+03 , -1.418745e+03 ,  3.237879e+03 , -1.296690e+03 ,  1.202401e+03 ,  4.009813e+02 ,  3.168412e+03 ,  4.167498e+03 ,  4.890430e+03 , -4.354450e+03 ,]
positionY_nm_array = [-7.391582e+02 , -2.007672e+03 ,  2.899566e+03 , -3.367380e+03 , -3.335484e+03 , -3.935531e+01 , -3.956500e+03 ,  4.446160e+03 ,  2.799107e+03 ,  3.542790e+03 , -4.136221e+02 , -2.437576e+03 , -1.136026e+03 ,  4.176321e+03 , -4.593439e+03 ,  2.020615e+03 ,  1.327157e+03 , -2.187444e+03 ,  4.729236e+03 , -4.608882e+03 ,  3.228027e+02 , -5.295698e+02 ,  3.070554e+02 ,  2.074745e+03 , -3.749197e+03 , -3.714995e+03 ,  3.158042e+03 ,  3.684753e+03 ,  1.219353e+03 , -2.293612e+03 , -2.110800e+03 ,  4.685702e+03 , -4.198137e+03 , -4.831379e+03 ,  4.544176e+03 ,  8.352020e+02 , -2.337707e+03 , -4.908560e+03 ,  2.698404e+03 , -1.142885e+03 ,  8.084337e+02 ,  3.493257e+03 , -3.009328e+03 ,  2.397734e+03 , -1.537676e+03 , -4.272948e+01 ,  4.924750e+03 , -2.317791e+03 ,  1.170120e+03 , -1.367515e+03 ,]
angleInclination_array = [2.617994e+00 , 2.617994e+00 , 2.617994e+00 , 2.617994e+00 , 2.617994e+00 , 2.617994e+00 , 2.617994e+00 , 2.617994e+00 , 2.617994e+00 , 2.617994e+00 , 2.617994e+00 , 2.617994e+00 , 2.617994e+00 , 2.617994e+00 , 2.617994e+00 , 2.617994e+00 , 2.617994e+00 , 2.617994e+00 , 2.617994e+00 , 2.617994e+00 , 2.617994e+00 , 2.617994e+00 , 2.617994e+00 , 2.617994e+00 , 2.617994e+00 , 2.617994e+00 , 2.617994e+00 , 2.617994e+00 , 2.617994e+00 , 2.617994e+00 , 2.617994e+00 , 2.617994e+00 , 2.617994e+00 , 2.617994e+00 , 2.617994e+00 , 2.617994e+00 , 2.617994e+00 , 2.617994e+00 , 2.617994e+00 , 2.617994e+00 , 2.617994e+00 , 2.617994e+00 , 2.617994e+00 , 2.617994e+00 , 2.617994e+00 , 2.617994e+00 , 2.617994e+00 , 2.617994e+00 , 2.617994e+00 , 2.617994e+00 ,]
angleAzimuth_array = [6.981317e-01 , 6.981317e-01 , 6.981317e-01 , 6.981317e-01 , 6.981317e-01 , 6.981317e-01 , 6.981317e-01 , 6.981317e-01 , 6.981317e-01 , 6.981317e-01 , 6.981317e-01 , 6.981317e-01 , 6.981317e-01 , 6.981317e-01 , 6.981317e-01 , 6.981317e-01 , 6.981317e-01 , 6.981317e-01 , 6.981317e-01 , 6.981317e-01 , 6.981317e-01 , 6.981317e-01 , 6.981317e-01 , 6.981317e-01 , 6.981317e-01 , 6.981317e-01 , 6.981317e-01 , 6.981317e-01 , 6.981317e-01 , 6.981317e-01 , 6.981317e-01 , 6.981317e-01 , 6.981317e-01 , 6.981317e-01 , 6.981317e-01 , 6.981317e-01 , 6.981317e-01 , 6.981317e-01 , 6.981317e-01 , 6.981317e-01 , 6.981317e-01 , 6.981317e-01 , 6.981317e-01 , 6.981317e-01 , 6.981317e-01 , 6.981317e-01 , 6.981317e-01 , 6.981317e-01 , 6.981317e-01 , 6.981317e-01 ,]
