% ground truth for sim_inc180_az300.tif
% settings
number_of_spots = 50
pixel_size_nm = 51.200
image_size_nm = 14142.136
image_size_px = 275
wavelength = 500
par.objectiveNA = 2.17
objectiveFocalLength = 770
par.refractiveIndices = [1.310000e+00 , 2.170000e+00 , 2.170000e+00 ,]
par.nDiscretizationBFP = 129
par.backgroundNoise = 0.020
par.nPhotons = 500
positionX_nm_array = [-3.225236e+02 , -2.461413e+03 , -3.146826e+03 , -6.180853e+02 ,  8.814385e+02 , -4.411598e+03 , -1.737356e+03 , -3.120105e+03 ,  2.153038e+03 ,  2.903516e+03 ,  2.520697e+03 ,  4.711578e+03 ,  4.618699e+03 ,  4.426017e+02 ,  3.725826e+02 , -3.447750e+03 ,  2.069568e+02 , -1.511622e+03 , -2.149155e+03 , -3.925341e+02 , -1.896107e+02 ,  1.310768e+03 ,  3.038915e+03 ,  4.224287e+03 ,  2.713897e+03 ,  2.939436e+03 , -2.383824e+03 , -3.989962e+03 ,  1.690278e+03 ,  3.213900e+03 ,  4.256430e+03 , -1.849469e+03 , -2.529441e+03 , -4.552442e+03 ,  1.885312e+03 , -1.061143e+03 ,  4.015000e+03 ,  1.231344e+03 , -4.404534e+03 ,  4.682065e+03 , -3.585635e+03 , -3.730001e+03 ,  3.657688e+03 ,  4.522570e+03 , -6.926855e+02 ,  3.639835e+02 , -2.961301e+03 , -6.638027e+02 , -3.310663e+03 ,  3.690417e+03 ,]
positionY_nm_array = [-2.877049e+03 , -3.181510e+03 , -1.221989e+03 ,  5.361388e+02 , -2.009010e+03 ,  2.292232e+03 , -7.575993e+02 ,  3.699055e+03 , -2.008705e+03 ,  9.104405e+02 ,  2.977940e+03 , -4.573201e+03 , -2.950368e+03 , -5.082552e+02 ,  4.549371e+03 , -2.909892e+03 ,  1.399770e+03 ,  2.412766e+03 ,  4.775955e+03 ,  3.635725e+03 , -1.464372e+03 ,  2.233843e+03 , -2.761945e+03 ,  4.619914e+03 , -4.680032e+02 ,  3.930814e+03 ,  6.730070e+02 , -4.199518e+03 ,  4.681211e+03 , -4.267575e+03 ,  3.474035e+03 , -4.486590e+03 ,  1.975536e+03 ,  4.431769e+03 , -4.929932e+03 , -1.975514e+03 , -4.672160e+02 , -3.735892e+03 , -1.413056e+03 , -1.492104e+03 ,  6.640066e+02 , -3.899505e+02 ,  2.650985e+03 ,  9.289527e+02 , -4.502840e+03 ,  2.872477e+03 , -4.242030e+03 ,  4.767234e+03 ,  4.828721e+03 , -1.833180e+03 ,]
angleInclination_array = [3.141593e+00 , 3.141593e+00 , 3.141593e+00 , 3.141593e+00 , 3.141593e+00 , 3.141593e+00 , 3.141593e+00 , 3.141593e+00 , 3.141593e+00 , 3.141593e+00 , 3.141593e+00 , 3.141593e+00 , 3.141593e+00 , 3.141593e+00 , 3.141593e+00 , 3.141593e+00 , 3.141593e+00 , 3.141593e+00 , 3.141593e+00 , 3.141593e+00 , 3.141593e+00 , 3.141593e+00 , 3.141593e+00 , 3.141593e+00 , 3.141593e+00 , 3.141593e+00 , 3.141593e+00 , 3.141593e+00 , 3.141593e+00 , 3.141593e+00 , 3.141593e+00 , 3.141593e+00 , 3.141593e+00 , 3.141593e+00 , 3.141593e+00 , 3.141593e+00 , 3.141593e+00 , 3.141593e+00 , 3.141593e+00 , 3.141593e+00 , 3.141593e+00 , 3.141593e+00 , 3.141593e+00 , 3.141593e+00 , 3.141593e+00 , 3.141593e+00 , 3.141593e+00 , 3.141593e+00 , 3.141593e+00 , 3.141593e+00 ,]
angleAzimuth_array = [5.235988e+00 , 5.235988e+00 , 5.235988e+00 , 5.235988e+00 , 5.235988e+00 , 5.235988e+00 , 5.235988e+00 , 5.235988e+00 , 5.235988e+00 , 5.235988e+00 , 5.235988e+00 , 5.235988e+00 , 5.235988e+00 , 5.235988e+00 , 5.235988e+00 , 5.235988e+00 , 5.235988e+00 , 5.235988e+00 , 5.235988e+00 , 5.235988e+00 , 5.235988e+00 , 5.235988e+00 , 5.235988e+00 , 5.235988e+00 , 5.235988e+00 , 5.235988e+00 , 5.235988e+00 , 5.235988e+00 , 5.235988e+00 , 5.235988e+00 , 5.235988e+00 , 5.235988e+00 , 5.235988e+00 , 5.235988e+00 , 5.235988e+00 , 5.235988e+00 , 5.235988e+00 , 5.235988e+00 , 5.235988e+00 , 5.235988e+00 , 5.235988e+00 , 5.235988e+00 , 5.235988e+00 , 5.235988e+00 , 5.235988e+00 , 5.235988e+00 , 5.235988e+00 , 5.235988e+00 , 5.235988e+00 , 5.235988e+00 ,]
