% ground truth for sim_inc180_az100.tif
% settings
number_of_spots = 50
pixel_size_nm = 51.200
image_size_nm = 14142.136
image_size_px = 275
wavelength = 500
par.objectiveNA = 2.17
objectiveFocalLength = 770
par.refractiveIndices = [1.310000e+00 , 2.170000e+00 , 2.170000e+00 ,]
par.nDiscretizationBFP = 129
par.backgroundNoise = 0.020
par.nPhotons = 500
positionX_nm_array = [-6.232593e+02 , -1.550142e+03 , -2.404124e+03 , -2.454184e+03 ,  1.409571e+03 ,  7.508780e+02 ,  4.415197e+03 ,  1.698277e+03 ,  1.728167e+03 ,  2.475638e+03 , -1.443872e+03 , -4.761614e+03 ,  4.645782e+03 ,  5.819692e+02 ,  2.483641e+03 , -4.394615e+03 ,  4.811615e+02 ,  2.946069e+03 , -2.418350e+02 ,  3.159975e+03 , -2.290263e+03 , -3.293132e+03 , -4.088854e+03 , -4.018320e+03 , -1.376479e+03 ,  4.537675e+03 , -4.318866e+02 ,  8.569093e+02 , -1.864535e+03 , -3.917448e+03 ,  4.075654e+03 , -7.634861e+02 , -1.030248e+03 , -2.635966e+03 , -3.970285e+03 ,  4.617267e+03 , -9.474037e+02 ,  3.057021e+03 , -1.645825e+03 ,  3.646995e+03 ,  5.023901e+02 , -2.683896e+03 ,  7.829402e+02 ,  4.221922e+03 ,  2.608040e+03 , -4.683923e+03 ,  2.246413e+03 , -4.719666e+03 , -4.567417e+02 , -4.922446e+03 ,]
positionY_nm_array = [-1.403972e+03 , -4.363993e+03 ,  7.442963e+02 , -3.813031e+03 , -6.850425e+02 ,  4.305088e+03 ,  4.703564e+03 , -4.473351e+03 ,  8.466174e+02 , -2.905164e+02 ,  4.825302e+03 , -1.787655e+03 , -4.315363e+03 , -2.278497e+03 ,  4.034904e+03 ,  3.442988e+03 ,  1.522148e+03 ,  1.381924e+03 ,  4.464693e+03 , -1.699391e+03 ,  2.773576e+03 ,  4.857293e+03 ,  1.851341e+03 , -4.940178e+03 , -5.056317e+02 , -2.959465e+03 ,  1.525963e+02 ,  2.595778e+03 ,  3.793156e+03 , -3.840562e+02 ,  5.624370e+02 ,  1.349859e+03 , -2.640831e+03 , -5.717162e+02 , -3.339119e+03 , -1.850129e+03 ,  2.482981e+03 ,  4.909206e+03 , -1.623710e+03 , -3.776013e+03 , -3.345767e+03 , -1.587110e+03 ,  4.147092e+02 , -8.841932e+02 ,  2.431824e+03 ,  4.410633e+03 , -2.810946e+03 ,  1.026560e+03 , -4.915912e+03 , -2.906156e+03 ,]
angleInclination_array = [3.141593e+00 , 3.141593e+00 , 3.141593e+00 , 3.141593e+00 , 3.141593e+00 , 3.141593e+00 , 3.141593e+00 , 3.141593e+00 , 3.141593e+00 , 3.141593e+00 , 3.141593e+00 , 3.141593e+00 , 3.141593e+00 , 3.141593e+00 , 3.141593e+00 , 3.141593e+00 , 3.141593e+00 , 3.141593e+00 , 3.141593e+00 , 3.141593e+00 , 3.141593e+00 , 3.141593e+00 , 3.141593e+00 , 3.141593e+00 , 3.141593e+00 , 3.141593e+00 , 3.141593e+00 , 3.141593e+00 , 3.141593e+00 , 3.141593e+00 , 3.141593e+00 , 3.141593e+00 , 3.141593e+00 , 3.141593e+00 , 3.141593e+00 , 3.141593e+00 , 3.141593e+00 , 3.141593e+00 , 3.141593e+00 , 3.141593e+00 , 3.141593e+00 , 3.141593e+00 , 3.141593e+00 , 3.141593e+00 , 3.141593e+00 , 3.141593e+00 , 3.141593e+00 , 3.141593e+00 , 3.141593e+00 , 3.141593e+00 ,]
angleAzimuth_array = [1.745329e+00 , 1.745329e+00 , 1.745329e+00 , 1.745329e+00 , 1.745329e+00 , 1.745329e+00 , 1.745329e+00 , 1.745329e+00 , 1.745329e+00 , 1.745329e+00 , 1.745329e+00 , 1.745329e+00 , 1.745329e+00 , 1.745329e+00 , 1.745329e+00 , 1.745329e+00 , 1.745329e+00 , 1.745329e+00 , 1.745329e+00 , 1.745329e+00 , 1.745329e+00 , 1.745329e+00 , 1.745329e+00 , 1.745329e+00 , 1.745329e+00 , 1.745329e+00 , 1.745329e+00 , 1.745329e+00 , 1.745329e+00 , 1.745329e+00 , 1.745329e+00 , 1.745329e+00 , 1.745329e+00 , 1.745329e+00 , 1.745329e+00 , 1.745329e+00 , 1.745329e+00 , 1.745329e+00 , 1.745329e+00 , 1.745329e+00 , 1.745329e+00 , 1.745329e+00 , 1.745329e+00 , 1.745329e+00 , 1.745329e+00 , 1.745329e+00 , 1.745329e+00 , 1.745329e+00 , 1.745329e+00 , 1.745329e+00 ,]
