% ground truth for sim_inc170_az220.tif
% settings
number_of_spots = 50
pixel_size_nm = 51.200
image_size_nm = 14142.136
image_size_px = 275
wavelength = 500
par.objectiveNA = 2.17
objectiveFocalLength = 770
par.refractiveIndices = [1.310000e+00 , 2.170000e+00 , 2.170000e+00 ,]
par.nDiscretizationBFP = 129
par.backgroundNoise = 0.020
par.nPhotons = 500
positionX_nm_array = [1.214060e+03 , -2.085692e+03 ,  1.752380e+03 , -3.484694e+03 ,  2.593983e+03 , -4.749894e+02 ,  4.099270e+02 , -4.206027e+03 ,  3.770723e+03 , -9.218409e+02 ,  4.429967e+03 ,  1.928554e+03 ,  4.774371e+03 ,  2.778478e+03 ,  2.258192e+02 ,  3.450905e+03 , -3.662891e+03 ,  3.837724e+03 , -1.208025e+03 , -3.149808e+03 ,  1.577761e+03 ,  1.252632e+02 ,  3.317772e+03 ,  2.984998e+02 , -2.736693e+03 ,  4.453446e+03 , -4.470943e+03 ,  2.515140e+02 ,  3.619050e+03 ,  1.353367e+03 , -4.796315e+03 , -8.260334e+02 , -4.869383e+03 , -3.616450e+03 , -2.523047e+03 ,  4.504553e+03 , -1.938516e+03 , -8.099650e+02 , -4.660369e+03 ,  1.736176e+03 , -2.212978e+03 ,  2.822721e+03 ,  1.149389e+03 , -2.998410e+03 ,  3.792589e+03 , -3.716882e+03 , -8.282787e+02 , -1.437111e+03 , -4.571913e+03 , -1.825872e+03 ,]
positionY_nm_array = [1.340395e+03 , -2.170684e+03 ,  2.897988e+02 , -1.139846e+03 ,  1.678418e+03 ,  1.149323e+03 , -2.929933e+03 , -2.670863e+02 ,  1.620569e+03 , -3.570453e+02 , -1.933286e+03 , -4.345692e+03 ,  1.518097e+03 ,  3.025242e+03 ,  2.224109e+02 , -4.096015e+03 ,  3.075633e+03 ,  4.599900e+03 ,  4.535618e+03 , -3.089830e+03 , -1.116863e+03 ,  4.795633e+03 , -4.118851e+02 ,  2.307452e+03 ,  1.542153e+03 , -5.970477e+02 , -2.950198e+03 , -4.466110e+03 , -3.028781e+03 , -2.553192e+03 ,  2.074060e+03 , -3.546183e+03 ,  4.010711e+03 , -3.993738e+03 ,  3.367448e+03 , -4.129847e+03 , -9.527563e+02 ,  2.686221e+03 , -1.363629e+03 ,  4.889980e+03 ,  4.390027e+03 , -2.094986e+03 ,  4.076089e+03 ,  5.137291e+02 ,  6.139387e+02 ,  4.623304e+03 , -4.869866e+03 ,  1.676109e+03 ,  6.922346e+02 , -3.168789e+03 ,]
angleInclination_array = [2.967060e+00 , 2.967060e+00 , 2.967060e+00 , 2.967060e+00 , 2.967060e+00 , 2.967060e+00 , 2.967060e+00 , 2.967060e+00 , 2.967060e+00 , 2.967060e+00 , 2.967060e+00 , 2.967060e+00 , 2.967060e+00 , 2.967060e+00 , 2.967060e+00 , 2.967060e+00 , 2.967060e+00 , 2.967060e+00 , 2.967060e+00 , 2.967060e+00 , 2.967060e+00 , 2.967060e+00 , 2.967060e+00 , 2.967060e+00 , 2.967060e+00 , 2.967060e+00 , 2.967060e+00 , 2.967060e+00 , 2.967060e+00 , 2.967060e+00 , 2.967060e+00 , 2.967060e+00 , 2.967060e+00 , 2.967060e+00 , 2.967060e+00 , 2.967060e+00 , 2.967060e+00 , 2.967060e+00 , 2.967060e+00 , 2.967060e+00 , 2.967060e+00 , 2.967060e+00 , 2.967060e+00 , 2.967060e+00 , 2.967060e+00 , 2.967060e+00 , 2.967060e+00 , 2.967060e+00 , 2.967060e+00 , 2.967060e+00 ,]
angleAzimuth_array = [3.839724e+00 , 3.839724e+00 , 3.839724e+00 , 3.839724e+00 , 3.839724e+00 , 3.839724e+00 , 3.839724e+00 , 3.839724e+00 , 3.839724e+00 , 3.839724e+00 , 3.839724e+00 , 3.839724e+00 , 3.839724e+00 , 3.839724e+00 , 3.839724e+00 , 3.839724e+00 , 3.839724e+00 , 3.839724e+00 , 3.839724e+00 , 3.839724e+00 , 3.839724e+00 , 3.839724e+00 , 3.839724e+00 , 3.839724e+00 , 3.839724e+00 , 3.839724e+00 , 3.839724e+00 , 3.839724e+00 , 3.839724e+00 , 3.839724e+00 , 3.839724e+00 , 3.839724e+00 , 3.839724e+00 , 3.839724e+00 , 3.839724e+00 , 3.839724e+00 , 3.839724e+00 , 3.839724e+00 , 3.839724e+00 , 3.839724e+00 , 3.839724e+00 , 3.839724e+00 , 3.839724e+00 , 3.839724e+00 , 3.839724e+00 , 3.839724e+00 , 3.839724e+00 , 3.839724e+00 , 3.839724e+00 , 3.839724e+00 ,]
