% ground truth for sim_inc160_az160.tif
% settings
number_of_spots = 50
pixel_size_nm = 51.200
image_size_nm = 14142.136
image_size_px = 275
wavelength = 500
par.objectiveNA = 2.17
objectiveFocalLength = 770
par.refractiveIndices = [1.310000e+00 , 2.170000e+00 , 2.170000e+00 ,]
par.nDiscretizationBFP = 129
par.backgroundNoise = 0.020
par.nPhotons = 500
positionX_nm_array = [-6.185022e+02 , -1.963572e+03 ,  1.402122e+03 , -2.126103e+03 , -1.188265e+03 ,  3.195931e+03 , -4.665915e+03 , -8.442303e+02 ,  1.195754e+03 ,  2.387739e+03 , -6.058195e+02 ,  1.582328e+03 , -1.765550e+03 , -7.696723e+02 ,  3.822946e+03 ,  4.529683e+03 ,  2.082126e+03 ,  7.347984e+02 , -3.607029e+03 ,  2.645263e+03 , -4.801940e+03 , -3.014244e+03 ,  3.585104e+03 ,  4.801990e+03 ,  1.005247e+03 ,  4.497904e+03 ,  4.149987e+03 , -8.430811e+02 , -3.579780e+03 ,  4.327673e+02 , -3.422980e+03 ,  1.324980e+02 ,  3.186637e+03 , -5.973752e+02 , -4.721278e+03 ,  2.692780e+03 ,  5.147589e+02 , -7.925043e+02 , -4.928762e+03 ,  2.529730e+03 , -3.361197e+03 ,  4.680630e+03 ,  5.132366e+02 ,  5.261064e+02 ,  4.426855e+03 , -4.689738e+03 , -1.903417e+03 ,  1.778882e+03 , -3.099743e+03 , -2.367359e+03 ,]
positionY_nm_array = [2.545370e+03 ,  4.188192e+03 , -4.463173e+03 , -3.430794e+03 ,  1.317828e+03 ,  3.002378e+03 , -3.263186e+03 , -3.577716e+03 ,  8.226425e+02 , -4.000518e+03 ,  4.207246e+03 ,  4.672055e+03 , -1.422367e+03 , -4.771713e+03 ,  1.852544e+03 , -2.890294e+03 , -1.278602e+03 ,  3.589107e+03 , -1.402461e+03 ,  7.781353e+02 ,  1.504468e+02 ,  2.711507e+03 , -4.072932e+03 ,  3.633690e+03 , -3.060403e+03 ,  4.204895e+02 , -1.485931e+03 , -8.500351e+02 ,  4.104304e+03 , -2.007086e+03 ,  1.507717e+03 , -4.179237e+03 , -4.589529e+02 , -2.015930e+03 , -9.004776e+02 , -2.073151e+03 ,  4.815682e+03 ,  2.882782e+02 ,  3.226804e+03 ,  2.141604e+03 , -4.436308e+03 , -4.557059e+03 ,  2.246622e+03 , -5.613282e+02 ,  4.619038e+03 ,  1.537564e+03 ,  4.066549e+02 ,  3.020770e+03 , -3.132072e+03 ,  1.795161e+03 ,]
angleInclination_array = [2.792527e+00 , 2.792527e+00 , 2.792527e+00 , 2.792527e+00 , 2.792527e+00 , 2.792527e+00 , 2.792527e+00 , 2.792527e+00 , 2.792527e+00 , 2.792527e+00 , 2.792527e+00 , 2.792527e+00 , 2.792527e+00 , 2.792527e+00 , 2.792527e+00 , 2.792527e+00 , 2.792527e+00 , 2.792527e+00 , 2.792527e+00 , 2.792527e+00 , 2.792527e+00 , 2.792527e+00 , 2.792527e+00 , 2.792527e+00 , 2.792527e+00 , 2.792527e+00 , 2.792527e+00 , 2.792527e+00 , 2.792527e+00 , 2.792527e+00 , 2.792527e+00 , 2.792527e+00 , 2.792527e+00 , 2.792527e+00 , 2.792527e+00 , 2.792527e+00 , 2.792527e+00 , 2.792527e+00 , 2.792527e+00 , 2.792527e+00 , 2.792527e+00 , 2.792527e+00 , 2.792527e+00 , 2.792527e+00 , 2.792527e+00 , 2.792527e+00 , 2.792527e+00 , 2.792527e+00 , 2.792527e+00 , 2.792527e+00 ,]
angleAzimuth_array = [2.792527e+00 , 2.792527e+00 , 2.792527e+00 , 2.792527e+00 , 2.792527e+00 , 2.792527e+00 , 2.792527e+00 , 2.792527e+00 , 2.792527e+00 , 2.792527e+00 , 2.792527e+00 , 2.792527e+00 , 2.792527e+00 , 2.792527e+00 , 2.792527e+00 , 2.792527e+00 , 2.792527e+00 , 2.792527e+00 , 2.792527e+00 , 2.792527e+00 , 2.792527e+00 , 2.792527e+00 , 2.792527e+00 , 2.792527e+00 , 2.792527e+00 , 2.792527e+00 , 2.792527e+00 , 2.792527e+00 , 2.792527e+00 , 2.792527e+00 , 2.792527e+00 , 2.792527e+00 , 2.792527e+00 , 2.792527e+00 , 2.792527e+00 , 2.792527e+00 , 2.792527e+00 , 2.792527e+00 , 2.792527e+00 , 2.792527e+00 , 2.792527e+00 , 2.792527e+00 , 2.792527e+00 , 2.792527e+00 , 2.792527e+00 , 2.792527e+00 , 2.792527e+00 , 2.792527e+00 , 2.792527e+00 , 2.792527e+00 ,]
