% ground truth for sim_inc50_az220.tif
% settings
number_of_spots = 50
pixel_size_nm = 51.200
image_size_nm = 14142.136
image_size_px = 275
wavelength = 500
par.objectiveNA = 2.17
objectiveFocalLength = 770
par.refractiveIndices = [1.310000e+00 , 2.170000e+00 , 2.170000e+00 ,]
par.nDiscretizationBFP = 129
par.backgroundNoise = 0.020
par.nPhotons = 500
positionX_nm_array = [-2.697289e+02 , -1.021295e+03 , -2.516469e+03 ,  1.897971e+03 , -4.669912e+03 ,  4.480404e+03 ,  3.303662e+03 , -1.856400e+03 , -4.713183e+03 ,  4.819676e+03 ,  3.045906e+03 , -3.669784e+03 ,  1.940426e+03 ,  4.505408e+03 , -3.596413e+03 ,  3.465938e+03 , -1.919961e+03 , -2.014631e+03 , -1.705078e+02 , -4.564585e+03 , -3.643171e+03 , -2.061938e+03 , -3.456520e+03 , -2.777706e+03 , -2.432789e+03 ,  1.641076e+03 ,  3.558047e+03 ,  2.575452e+03 , -4.124138e+03 , -4.939191e+03 ,  2.914048e+03 ,  1.310990e+03 ,  4.011244e+02 , -3.121881e+03 ,  1.349549e+03 ,  9.097587e+02 ,  2.424992e+03 ,  3.592293e+03 ,  4.232939e+03 , -9.711111e+02 , -1.944925e+03 , -1.241394e+02 , -9.462338e+01 ,  4.786784e+03 , -2.654761e+02 ,  3.999038e+03 , -1.236906e+03 ,  1.102334e+02 , -3.045073e+03 ,  4.714834e+03 ,]
positionY_nm_array = [3.354385e+03 , -3.207342e+03 , -3.604864e+02 ,  1.454738e+03 , -4.917838e+03 , -1.141017e+03 ,  1.673979e+03 ,  4.659514e+03 ,  1.673851e+03 , -2.372236e+03 , -1.198466e+03 , -2.925722e+03 ,  4.223812e+03 ,  1.978749e+03 ,  1.895075e+01 , -2.687849e+03 ,  3.309309e+03 , -1.771312e+03 ,  7.477101e+02 ,  3.562669e+03 , -1.364026e+03 , -3.012064e+03 , -4.033376e+03 ,  2.683407e+03 , -4.804589e+03 , -2.024357e+03 ,  3.023578e+03 ,  4.545815e+02 ,  2.499083e+03 , -2.072751e+03 , -3.731217e+03 , -4.120942e+03 , -3.670850e+03 ,  1.309135e+03 ,  2.581544e+02 ,  3.162212e+03 ,  2.308786e+03 ,  5.941402e+02 , -3.484052e+03 , -1.133390e+03 ,  1.326874e+03 , -2.717150e+03 ,  4.716966e+03 ,  3.077654e+03 , -4.898748e+03 , -4.653270e+03 , -4.422400e+03 , -1.012074e+03 ,  4.299946e+03 ,  4.707321e+03 ,]
angleInclination_array = [8.726646e-01 , 8.726646e-01 , 8.726646e-01 , 8.726646e-01 , 8.726646e-01 , 8.726646e-01 , 8.726646e-01 , 8.726646e-01 , 8.726646e-01 , 8.726646e-01 , 8.726646e-01 , 8.726646e-01 , 8.726646e-01 , 8.726646e-01 , 8.726646e-01 , 8.726646e-01 , 8.726646e-01 , 8.726646e-01 , 8.726646e-01 , 8.726646e-01 , 8.726646e-01 , 8.726646e-01 , 8.726646e-01 , 8.726646e-01 , 8.726646e-01 , 8.726646e-01 , 8.726646e-01 , 8.726646e-01 , 8.726646e-01 , 8.726646e-01 , 8.726646e-01 , 8.726646e-01 , 8.726646e-01 , 8.726646e-01 , 8.726646e-01 , 8.726646e-01 , 8.726646e-01 , 8.726646e-01 , 8.726646e-01 , 8.726646e-01 , 8.726646e-01 , 8.726646e-01 , 8.726646e-01 , 8.726646e-01 , 8.726646e-01 , 8.726646e-01 , 8.726646e-01 , 8.726646e-01 , 8.726646e-01 , 8.726646e-01 ,]
angleAzimuth_array = [3.839724e+00 , 3.839724e+00 , 3.839724e+00 , 3.839724e+00 , 3.839724e+00 , 3.839724e+00 , 3.839724e+00 , 3.839724e+00 , 3.839724e+00 , 3.839724e+00 , 3.839724e+00 , 3.839724e+00 , 3.839724e+00 , 3.839724e+00 , 3.839724e+00 , 3.839724e+00 , 3.839724e+00 , 3.839724e+00 , 3.839724e+00 , 3.839724e+00 , 3.839724e+00 , 3.839724e+00 , 3.839724e+00 , 3.839724e+00 , 3.839724e+00 , 3.839724e+00 , 3.839724e+00 , 3.839724e+00 , 3.839724e+00 , 3.839724e+00 , 3.839724e+00 , 3.839724e+00 , 3.839724e+00 , 3.839724e+00 , 3.839724e+00 , 3.839724e+00 , 3.839724e+00 , 3.839724e+00 , 3.839724e+00 , 3.839724e+00 , 3.839724e+00 , 3.839724e+00 , 3.839724e+00 , 3.839724e+00 , 3.839724e+00 , 3.839724e+00 , 3.839724e+00 , 3.839724e+00 , 3.839724e+00 , 3.839724e+00 ,]
