% ground truth for sim_inc80_az300.tif
% settings
number_of_spots = 50
pixel_size_nm = 51.200
image_size_nm = 14142.136
image_size_px = 275
wavelength = 500
par.objectiveNA = 2.17
objectiveFocalLength = 770
par.refractiveIndices = [1.310000e+00 , 2.170000e+00 , 2.170000e+00 ,]
par.nDiscretizationBFP = 129
par.backgroundNoise = 0.020
par.nPhotons = 500
positionX_nm_array = [-4.044988e+03 , -9.636057e+02 , -8.332007e+02 , -2.373789e+03 ,  3.638351e+03 ,  2.377131e+03 ,  8.424934e+02 , -3.234472e+03 ,  3.738671e+03 ,  2.309006e+03 ,  2.607041e+03 ,  2.000319e+03 , -4.273750e+03 , -9.630750e+01 , -6.988536e+02 , -4.414549e+03 , -3.012160e+03 ,  5.539300e+02 ,  4.797009e+03 ,  2.421213e+03 ,  4.431716e+03 , -2.219535e+03 ,  1.392960e+03 , -3.157589e+03 ,  5.112240e+02 ,  3.095864e+03 ,  1.725402e+03 , -4.939826e+03 ,  4.649350e+03 , -2.115568e+03 ,  3.112142e+03 , -2.355972e+03 ,  5.863924e+01 , -4.639275e+03 , -1.488501e+03 , -1.062651e+03 , -4.576875e+03 ,  1.943267e+02 ,  5.763379e+02 ,  4.051883e+03 ,  4.067207e+03 ,  4.917377e+03 , -2.182841e+03 ,  3.643922e+03 , -8.098502e+02 ,  9.905838e+01 , -1.508198e+03 , -3.429353e+03 ,  1.618168e+03 ,  4.031492e+03 ,]
positionY_nm_array = [4.723959e+03 , -3.360380e+03 ,  1.086466e+03 , -1.393180e+03 , -7.064703e+02 , -2.160234e+03 , -2.531395e+03 ,  1.525501e+03 ,  2.267849e+03 , -7.656997e+02 ,  3.277992e+03 ,  6.751784e+02 , -4.225792e+03 ,  3.500765e+03 ,  4.554393e+03 , -2.196377e+03 , -2.824035e+03 ,  8.837255e+02 , -3.821795e+02 , -4.126768e+03 ,  3.785435e+03 , -2.281929e+02 , -1.216344e+03 ,  4.077645e+03 , -3.593036e+03 ,  4.341402e+03 ,  2.617076e+03 ,  7.448002e+02 , -2.964471e+03 ,  1.837284e+03 ,  8.542441e+02 , -3.704491e+03 , -1.637216e+03 , -1.201966e+03 , -4.563732e+03 , -9.875491e+02 ,  2.845070e+03 ,  2.237892e+03 ,  4.946435e+03 , -1.877215e+03 ,  4.197916e+02 ,  1.134583e+03 ,  7.965347e+02 , -3.671545e+03 , -2.149008e+03 , -9.328977e+01 ,  2.806675e+03 , -1.909248e+03 ,  4.076405e+03 , -4.927482e+03 ,]
angleInclination_array = [1.396263e+00 , 1.396263e+00 , 1.396263e+00 , 1.396263e+00 , 1.396263e+00 , 1.396263e+00 , 1.396263e+00 , 1.396263e+00 , 1.396263e+00 , 1.396263e+00 , 1.396263e+00 , 1.396263e+00 , 1.396263e+00 , 1.396263e+00 , 1.396263e+00 , 1.396263e+00 , 1.396263e+00 , 1.396263e+00 , 1.396263e+00 , 1.396263e+00 , 1.396263e+00 , 1.396263e+00 , 1.396263e+00 , 1.396263e+00 , 1.396263e+00 , 1.396263e+00 , 1.396263e+00 , 1.396263e+00 , 1.396263e+00 , 1.396263e+00 , 1.396263e+00 , 1.396263e+00 , 1.396263e+00 , 1.396263e+00 , 1.396263e+00 , 1.396263e+00 , 1.396263e+00 , 1.396263e+00 , 1.396263e+00 , 1.396263e+00 , 1.396263e+00 , 1.396263e+00 , 1.396263e+00 , 1.396263e+00 , 1.396263e+00 , 1.396263e+00 , 1.396263e+00 , 1.396263e+00 , 1.396263e+00 , 1.396263e+00 ,]
angleAzimuth_array = [5.235988e+00 , 5.235988e+00 , 5.235988e+00 , 5.235988e+00 , 5.235988e+00 , 5.235988e+00 , 5.235988e+00 , 5.235988e+00 , 5.235988e+00 , 5.235988e+00 , 5.235988e+00 , 5.235988e+00 , 5.235988e+00 , 5.235988e+00 , 5.235988e+00 , 5.235988e+00 , 5.235988e+00 , 5.235988e+00 , 5.235988e+00 , 5.235988e+00 , 5.235988e+00 , 5.235988e+00 , 5.235988e+00 , 5.235988e+00 , 5.235988e+00 , 5.235988e+00 , 5.235988e+00 , 5.235988e+00 , 5.235988e+00 , 5.235988e+00 , 5.235988e+00 , 5.235988e+00 , 5.235988e+00 , 5.235988e+00 , 5.235988e+00 , 5.235988e+00 , 5.235988e+00 , 5.235988e+00 , 5.235988e+00 , 5.235988e+00 , 5.235988e+00 , 5.235988e+00 , 5.235988e+00 , 5.235988e+00 , 5.235988e+00 , 5.235988e+00 , 5.235988e+00 , 5.235988e+00 , 5.235988e+00 , 5.235988e+00 ,]
