% ground truth for sim_inc180_az20.tif
% settings
number_of_spots = 50
pixel_size_nm = 51.200
image_size_nm = 14142.136
image_size_px = 275
wavelength = 500
par.objectiveNA = 2.17
objectiveFocalLength = 770
par.refractiveIndices = [1.310000e+00 , 2.170000e+00 , 2.170000e+00 ,]
par.nDiscretizationBFP = 129
par.backgroundNoise = 0.020
par.nPhotons = 500
positionX_nm_array = [4.302152e+03 , -2.221418e+03 , -1.620212e+03 ,  8.129320e+01 , -3.792216e+03 , -1.383619e+02 ,  2.767375e+03 ,  8.675178e+02 , -3.644962e+03 ,  3.037416e+03 ,  2.594320e+03 ,  3.187603e+03 , -2.655249e+03 , -4.578041e+03 , -3.909146e+03 , -2.317063e+03 , -1.760259e+03 , -2.614991e+03 ,  4.879053e+03 ,  1.227598e+03 ,  4.026898e+03 ,  8.109006e+02 , -7.181813e+02 ,  1.085159e+03 , -3.812156e+03 , -4.693056e+03 , -1.925904e+03 ,  2.483029e+03 ,  3.445874e+03 , -1.209391e+03 , -1.440261e+03 ,  1.656622e+03 , -3.887285e+02 , -8.690551e+02 ,  4.274046e+03 , -2.385671e+02 ,  4.804889e+03 ,  2.107957e+03 , -4.906219e+03 ,  9.864503e+02 , -4.908431e+03 , -3.622839e+03 ,  4.494190e+03 ,  2.022472e+03 ,  3.993692e+03 ,  2.644172e+03 ,  1.517945e+03 , -2.649775e+01 , -3.730132e+03 , -2.906938e+03 ,]
positionY_nm_array = [-3.389989e+03 , -4.023002e+03 , -1.002777e+03 , -1.881050e+03 ,  3.479232e+03 ,  1.833659e+03 ,  3.654809e+03 , -2.757746e+03 ,  4.540902e+03 ,  1.165956e+03 , -5.629679e+02 , -2.515541e+03 , -2.692581e+03 , -2.615019e+03 , -4.012990e+03 ,  3.194989e+03 ,  4.638625e+03 ,  1.136315e+03 ,  2.431413e+03 , -3.383148e+01 , -1.062619e+03 ,  4.312851e+03 , -2.793012e+03 ,  2.248607e+03 , -1.085804e+03 ,  4.377592e+03 , -1.973945e+03 ,  2.057046e+03 , -4.551674e+03 ,  2.619622e+03 ,  5.063972e+02 , -9.491905e+02 ,  4.488799e+03 , -4.366837e+03 ,  4.334524e+03 ,  7.906496e+02 ,  5.643668e+02 , -1.954382e+03 ,  2.890335e+03 , -4.097242e+03 ,  7.918510e+02 ,  3.355719e+02 , -2.076646e+03 , -2.977734e+03 ,  2.972849e+03 , -3.829134e+03 ,  1.345641e+03 ,  3.156601e+03 ,  2.251642e+03 , -5.649761e+02 ,]
angleInclination_array = [3.141593e+00 , 3.141593e+00 , 3.141593e+00 , 3.141593e+00 , 3.141593e+00 , 3.141593e+00 , 3.141593e+00 , 3.141593e+00 , 3.141593e+00 , 3.141593e+00 , 3.141593e+00 , 3.141593e+00 , 3.141593e+00 , 3.141593e+00 , 3.141593e+00 , 3.141593e+00 , 3.141593e+00 , 3.141593e+00 , 3.141593e+00 , 3.141593e+00 , 3.141593e+00 , 3.141593e+00 , 3.141593e+00 , 3.141593e+00 , 3.141593e+00 , 3.141593e+00 , 3.141593e+00 , 3.141593e+00 , 3.141593e+00 , 3.141593e+00 , 3.141593e+00 , 3.141593e+00 , 3.141593e+00 , 3.141593e+00 , 3.141593e+00 , 3.141593e+00 , 3.141593e+00 , 3.141593e+00 , 3.141593e+00 , 3.141593e+00 , 3.141593e+00 , 3.141593e+00 , 3.141593e+00 , 3.141593e+00 , 3.141593e+00 , 3.141593e+00 , 3.141593e+00 , 3.141593e+00 , 3.141593e+00 , 3.141593e+00 ,]
angleAzimuth_array = [3.490659e-01 , 3.490659e-01 , 3.490659e-01 , 3.490659e-01 , 3.490659e-01 , 3.490659e-01 , 3.490659e-01 , 3.490659e-01 , 3.490659e-01 , 3.490659e-01 , 3.490659e-01 , 3.490659e-01 , 3.490659e-01 , 3.490659e-01 , 3.490659e-01 , 3.490659e-01 , 3.490659e-01 , 3.490659e-01 , 3.490659e-01 , 3.490659e-01 , 3.490659e-01 , 3.490659e-01 , 3.490659e-01 , 3.490659e-01 , 3.490659e-01 , 3.490659e-01 , 3.490659e-01 , 3.490659e-01 , 3.490659e-01 , 3.490659e-01 , 3.490659e-01 , 3.490659e-01 , 3.490659e-01 , 3.490659e-01 , 3.490659e-01 , 3.490659e-01 , 3.490659e-01 , 3.490659e-01 , 3.490659e-01 , 3.490659e-01 , 3.490659e-01 , 3.490659e-01 , 3.490659e-01 , 3.490659e-01 , 3.490659e-01 , 3.490659e-01 , 3.490659e-01 , 3.490659e-01 , 3.490659e-01 , 3.490659e-01 ,]
