% ground truth for sim_inc0_az80.tif
% settings
number_of_spots = 50
pixel_size_nm = 51.200
image_size_nm = 14142.136
image_size_px = 275
wavelength = 500
par.objectiveNA = 2.17
objectiveFocalLength = 770
par.refractiveIndices = [1.310000e+00 , 2.170000e+00 , 2.170000e+00 ,]
par.nDiscretizationBFP = 129
par.backgroundNoise = 0.020
par.nPhotons = 500
positionX_nm_array = [-2.370763e+03 ,  1.302876e+03 ,  3.076701e+03 ,  4.792065e+03 , -4.031068e+03 , -4.120892e+03 , -3.529905e+03 ,  1.189010e+03 , -1.262741e+03 ,  7.936990e+02 ,  2.569364e+03 ,  8.767628e+02 ,  1.170099e+02 , -4.664698e+03 , -3.143145e+03 ,  2.152909e+03 , -2.814273e+03 ,  1.894910e+02 , -4.831583e+03 , -1.107753e+02 , -5.860601e+02 , -1.340330e+03 , -8.699001e+02 ,  7.005641e+02 , -4.039509e+03 ,  2.784260e+03 , -4.688527e+03 , -1.840515e+03 ,  2.804938e+03 ,  3.718389e+03 , -5.149287e+02 ,  2.191179e+03 ,  4.309304e+03 , -6.958644e+02 , -4.860918e+03 , -2.437209e+03 ,  3.637185e+03 , -3.306792e+02 ,  8.073988e+02 , -1.338543e+03 ,  4.338992e+03 ,  3.081667e+03 , -1.806960e+03 , -2.252811e+03 ,  4.790432e+03 , -2.103737e+03 ,  3.539257e+03 ,  4.013866e+03 ,  1.681057e+03 ,  2.622055e+03 ,]
positionY_nm_array = [4.352995e+03 , -3.928532e+03 , -1.414442e+03 ,  2.591621e+03 ,  2.972052e+03 ,  4.569854e+03 , -4.437791e+03 , -5.449218e+02 , -1.462115e+03 ,  6.597351e+02 ,  2.893725e+03 ,  1.859572e+03 , -1.419084e+03 , -2.911723e+03 , -2.787184e+02 , -3.224421e+03 ,  1.956013e+03 , -4.061564e+03 ,  6.080786e+01 , -2.804317e+02 ,  2.845352e+03 ,  1.688914e+03 , -4.764725e+03 , -2.349115e+03 ,  1.057110e+03 ,  8.953281e+02 , -1.733706e+03 , -4.060926e+03 , -4.511104e+03 ,  1.930291e+03 ,  6.875159e+02 ,  1.746815e+03 , -2.831190e+03 , -3.300713e+03 ,  3.891912e+03 ,  3.201710e+03 , -1.436343e+00 ,  4.825644e+03 ,  3.615121e+03 ,  4.923368e+03 , -3.833137e+03 ,  4.896642e+03 , -3.023301e+03 , -2.040202e+03 ,  3.631206e+01 ,  1.779390e+02 ,  3.275729e+03 ,  4.232076e+03 ,  4.775418e+03 , -2.273351e+02 ,]
angleInclination_array = [0 , 0 , 0 , 0 , 0 , 0 , 0 , 0 , 0 , 0 , 0 , 0 , 0 , 0 , 0 , 0 , 0 , 0 , 0 , 0 , 0 , 0 , 0 , 0 , 0 , 0 , 0 , 0 , 0 , 0 , 0 , 0 , 0 , 0 , 0 , 0 , 0 , 0 , 0 , 0 , 0 , 0 , 0 , 0 , 0 , 0 , 0 , 0 , 0 , 0 ,]
angleAzimuth_array = [1.396263e+00 , 1.396263e+00 , 1.396263e+00 , 1.396263e+00 , 1.396263e+00 , 1.396263e+00 , 1.396263e+00 , 1.396263e+00 , 1.396263e+00 , 1.396263e+00 , 1.396263e+00 , 1.396263e+00 , 1.396263e+00 , 1.396263e+00 , 1.396263e+00 , 1.396263e+00 , 1.396263e+00 , 1.396263e+00 , 1.396263e+00 , 1.396263e+00 , 1.396263e+00 , 1.396263e+00 , 1.396263e+00 , 1.396263e+00 , 1.396263e+00 , 1.396263e+00 , 1.396263e+00 , 1.396263e+00 , 1.396263e+00 , 1.396263e+00 , 1.396263e+00 , 1.396263e+00 , 1.396263e+00 , 1.396263e+00 , 1.396263e+00 , 1.396263e+00 , 1.396263e+00 , 1.396263e+00 , 1.396263e+00 , 1.396263e+00 , 1.396263e+00 , 1.396263e+00 , 1.396263e+00 , 1.396263e+00 , 1.396263e+00 , 1.396263e+00 , 1.396263e+00 , 1.396263e+00 , 1.396263e+00 , 1.396263e+00 ,]
