% ground truth for sim_inc10_az200.tif
% settings
number_of_spots = 50
pixel_size_nm = 51.200
image_size_nm = 14142.136
image_size_px = 275
wavelength = 500
par.objectiveNA = 2.17
objectiveFocalLength = 770
par.refractiveIndices = [1.310000e+00 , 2.170000e+00 , 2.170000e+00 ,]
par.nDiscretizationBFP = 129
par.backgroundNoise = 0.020
par.nPhotons = 500
positionX_nm_array = [-3.950542e+03 ,  3.996016e+03 ,  1.657820e+03 ,  2.619623e+03 ,  1.498433e+03 , -4.535622e+03 ,  4.213542e+03 ,  4.854286e+03 ,  4.337809e+03 , -4.865304e+03 , -1.385813e+03 ,  1.402046e+03 ,  2.517018e+03 , -2.256901e+03 , -1.650329e+02 , -2.247394e+03 , -1.775288e+03 ,  1.240249e+03 , -2.562575e+03 , -3.437007e+03 , -1.646959e+03 ,  3.403198e+01 , -8.060367e+02 ,  2.424742e+03 ,  4.888262e+03 ,  9.218764e+02 , -3.159114e+03 , -1.354356e+03 , -3.766867e+03 , -2.794279e+02 ,  3.741097e+03 , -1.652754e+03 , -4.430563e+03 , -2.922620e+03 , -3.310591e+03 ,  3.690690e+03 , -3.467742e+03 , -3.056008e+03 ,  2.977049e+03 ,  3.376640e+02 , -1.736656e+03 ,  3.107724e+03 ,  4.745888e+03 , -4.762451e+03 , -3.836879e+03 ,  4.466765e+03 , -6.034406e+02 ,  5.063864e+02 ,  3.855438e+02 ,  3.233135e+03 ,]
positionY_nm_array = [-2.536272e+03 , -3.920717e+03 ,  4.640848e+03 ,  2.654951e+03 , -4.094089e+03 ,  3.712053e+03 , -1.033204e+03 , -2.665124e+03 ,  1.378684e+03 ,  2.385405e+03 , -4.852851e+03 ,  1.170777e+02 , -4.164496e+03 , -7.203525e+02 ,  3.158151e+03 ,  5.577870e+02 ,  4.688818e+03 ,  3.156272e+03 , -2.635511e+03 ,  1.568482e+03 ,  2.406366e+03 ,  3.473166e+02 , -3.051838e+02 ,  4.216447e+02 , -4.671030e+01 , -1.955120e+03 , -8.086122e+01 ,  1.383134e+03 ,  4.781338e+03 ,  1.868608e+03 ,  4.886007e+03 , -3.132338e+03 ,  2.873425e+01 , -4.923074e+03 ,  2.838840e+03 ,  2.770940e+03 , -3.634895e+03 , -1.725079e+03 , -3.269691e+03 , -4.737577e+03 , -1.615256e+03 ,  1.590863e+03 ,  3.891384e+03 ,  1.025740e+03 , -9.626780e+02 , -4.814981e+03 ,  4.449893e+03 , -6.093840e+02 , -3.208587e+03 , -6.070592e+02 ,]
angleInclination_array = [1.745329e-01 , 1.745329e-01 , 1.745329e-01 , 1.745329e-01 , 1.745329e-01 , 1.745329e-01 , 1.745329e-01 , 1.745329e-01 , 1.745329e-01 , 1.745329e-01 , 1.745329e-01 , 1.745329e-01 , 1.745329e-01 , 1.745329e-01 , 1.745329e-01 , 1.745329e-01 , 1.745329e-01 , 1.745329e-01 , 1.745329e-01 , 1.745329e-01 , 1.745329e-01 , 1.745329e-01 , 1.745329e-01 , 1.745329e-01 , 1.745329e-01 , 1.745329e-01 , 1.745329e-01 , 1.745329e-01 , 1.745329e-01 , 1.745329e-01 , 1.745329e-01 , 1.745329e-01 , 1.745329e-01 , 1.745329e-01 , 1.745329e-01 , 1.745329e-01 , 1.745329e-01 , 1.745329e-01 , 1.745329e-01 , 1.745329e-01 , 1.745329e-01 , 1.745329e-01 , 1.745329e-01 , 1.745329e-01 , 1.745329e-01 , 1.745329e-01 , 1.745329e-01 , 1.745329e-01 , 1.745329e-01 , 1.745329e-01 ,]
angleAzimuth_array = [3.490659e+00 , 3.490659e+00 , 3.490659e+00 , 3.490659e+00 , 3.490659e+00 , 3.490659e+00 , 3.490659e+00 , 3.490659e+00 , 3.490659e+00 , 3.490659e+00 , 3.490659e+00 , 3.490659e+00 , 3.490659e+00 , 3.490659e+00 , 3.490659e+00 , 3.490659e+00 , 3.490659e+00 , 3.490659e+00 , 3.490659e+00 , 3.490659e+00 , 3.490659e+00 , 3.490659e+00 , 3.490659e+00 , 3.490659e+00 , 3.490659e+00 , 3.490659e+00 , 3.490659e+00 , 3.490659e+00 , 3.490659e+00 , 3.490659e+00 , 3.490659e+00 , 3.490659e+00 , 3.490659e+00 , 3.490659e+00 , 3.490659e+00 , 3.490659e+00 , 3.490659e+00 , 3.490659e+00 , 3.490659e+00 , 3.490659e+00 , 3.490659e+00 , 3.490659e+00 , 3.490659e+00 , 3.490659e+00 , 3.490659e+00 , 3.490659e+00 , 3.490659e+00 , 3.490659e+00 , 3.490659e+00 , 3.490659e+00 ,]
