% ground truth for sim_inc140_az40.tif
% settings
number_of_spots = 50
pixel_size_nm = 51.200
image_size_nm = 14142.136
image_size_px = 275
wavelength = 500
par.objectiveNA = 2.17
objectiveFocalLength = 770
par.refractiveIndices = [1.310000e+00 , 2.170000e+00 , 2.170000e+00 ,]
par.nDiscretizationBFP = 129
par.backgroundNoise = 0.020
par.nPhotons = 500
positionX_nm_array = [-1.761137e+03 , -4.244629e+03 , -2.472610e+03 , -2.150509e+03 , -2.419430e+03 , -3.824327e+03 ,  2.617649e+03 ,  1.097744e+03 , -4.858101e+03 ,  4.058474e+03 ,  3.822865e+03 ,  4.871111e+03 , -3.464642e+03 , -3.686938e+02 ,  3.533896e+03 ,  2.374628e+03 ,  4.862840e+03 , -5.405735e+02 , -4.038839e+03 , -8.383150e+01 ,  3.253425e+03 ,  1.781639e+02 ,  1.944894e+03 ,  1.948785e+03 ,  3.158410e+03 ,  4.474370e+03 ,  3.808573e+03 , -1.033927e+03 , -2.408433e+03 , -5.601357e+02 , -2.573396e+03 , -3.611678e+03 ,  2.998587e+03 ,  8.730039e+02 ,  2.186912e+03 , -1.255103e+03 ,  2.153686e+03 ,  8.828225e+02 , -1.602145e+03 , -4.708734e+03 , -5.040320e+02 ,  3.309917e+03 , -4.933262e+03 ,  5.072457e+02 , -4.552891e+03 ,  4.818369e+03 ,  1.761746e+03 ,  9.585535e+02 , -2.666100e+03 , -1.538732e+03 ,]
positionY_nm_array = [4.095000e+02 , -1.950418e+03 ,  4.105782e+03 ,  2.564140e+03 , -4.156492e+03 ,  2.562946e+02 , -1.185325e+03 ,  2.302260e+02 ,  2.554644e+02 , -2.321425e+03 ,  2.347858e+03 ,  7.268665e+02 ,  1.889878e+03 ,  9.873444e+02 , -3.835459e+03 ,  3.400952e+03 , -3.409328e+03 ,  3.027526e+03 ,  3.295245e+03 , -2.164948e+03 , -4.807385e+03 , -3.380699e+03 , -3.271975e+03 ,  4.785016e+03 ,  4.946082e+03 ,  3.346402e+03 ,  4.164925e+03 ,  1.846052e+03 , -8.137757e+02 ,  4.118764e+03 , -2.142943e+03 ,  4.758801e+03 ,  1.072699e+03 ,  1.335397e+03 ,  2.224432e+03 , -4.283364e+03 , -2.149764e+03 ,  2.516813e+03 , -3.286050e+03 , -3.343431e+03 , -1.038417e+03 , -3.109964e+02 ,  3.983399e+03 , -6.427457e+02 , -4.845215e+03 ,  4.306280e+03 , -4.335805e+03 ,  4.014198e+03 ,  1.044903e+03 , -2.092202e+03 ,]
angleInclination_array = [2.443461e+00 , 2.443461e+00 , 2.443461e+00 , 2.443461e+00 , 2.443461e+00 , 2.443461e+00 , 2.443461e+00 , 2.443461e+00 , 2.443461e+00 , 2.443461e+00 , 2.443461e+00 , 2.443461e+00 , 2.443461e+00 , 2.443461e+00 , 2.443461e+00 , 2.443461e+00 , 2.443461e+00 , 2.443461e+00 , 2.443461e+00 , 2.443461e+00 , 2.443461e+00 , 2.443461e+00 , 2.443461e+00 , 2.443461e+00 , 2.443461e+00 , 2.443461e+00 , 2.443461e+00 , 2.443461e+00 , 2.443461e+00 , 2.443461e+00 , 2.443461e+00 , 2.443461e+00 , 2.443461e+00 , 2.443461e+00 , 2.443461e+00 , 2.443461e+00 , 2.443461e+00 , 2.443461e+00 , 2.443461e+00 , 2.443461e+00 , 2.443461e+00 , 2.443461e+00 , 2.443461e+00 , 2.443461e+00 , 2.443461e+00 , 2.443461e+00 , 2.443461e+00 , 2.443461e+00 , 2.443461e+00 , 2.443461e+00 ,]
angleAzimuth_array = [6.981317e-01 , 6.981317e-01 , 6.981317e-01 , 6.981317e-01 , 6.981317e-01 , 6.981317e-01 , 6.981317e-01 , 6.981317e-01 , 6.981317e-01 , 6.981317e-01 , 6.981317e-01 , 6.981317e-01 , 6.981317e-01 , 6.981317e-01 , 6.981317e-01 , 6.981317e-01 , 6.981317e-01 , 6.981317e-01 , 6.981317e-01 , 6.981317e-01 , 6.981317e-01 , 6.981317e-01 , 6.981317e-01 , 6.981317e-01 , 6.981317e-01 , 6.981317e-01 , 6.981317e-01 , 6.981317e-01 , 6.981317e-01 , 6.981317e-01 , 6.981317e-01 , 6.981317e-01 , 6.981317e-01 , 6.981317e-01 , 6.981317e-01 , 6.981317e-01 , 6.981317e-01 , 6.981317e-01 , 6.981317e-01 , 6.981317e-01 , 6.981317e-01 , 6.981317e-01 , 6.981317e-01 , 6.981317e-01 , 6.981317e-01 , 6.981317e-01 , 6.981317e-01 , 6.981317e-01 , 6.981317e-01 , 6.981317e-01 ,]
