% ground truth for sim_inc150_az200.tif
% settings
number_of_spots = 50
pixel_size_nm = 51.200
image_size_nm = 14142.136
image_size_px = 275
wavelength = 500
par.objectiveNA = 2.17
objectiveFocalLength = 770
par.refractiveIndices = [1.310000e+00 , 2.170000e+00 , 2.170000e+00 ,]
par.nDiscretizationBFP = 129
par.backgroundNoise = 0.020
par.nPhotons = 500
positionX_nm_array = [-5.741867e+02 , -1.246055e+03 ,  4.047168e+03 , -3.052033e+03 , -1.576927e+03 , -1.478473e+03 , -2.590688e+03 ,  3.951395e+03 , -2.082696e+03 ,  3.696995e+03 , -4.531696e+03 ,  1.546343e+03 ,  2.628697e+02 , -3.103663e+03 ,  3.369370e+03 ,  9.992303e+02 , -6.047610e+02 , -2.484336e+03 , -3.757030e+03 ,  2.135217e+03 ,  1.619798e+03 ,  4.011842e+03 ,  2.666515e+03 ,  1.260140e+03 , -5.362552e+02 ,  4.465693e+03 , -2.953363e+03 ,  1.579006e+03 ,  4.208289e+02 , -4.624589e+03 , -1.397454e+03 , -2.298192e+03 , -4.915105e+03 , -4.281922e+03 , -4.544119e+03 ,  3.112122e+03 ,  2.799747e+03 , -4.161500e+03 , -2.543114e+03 , -2.730537e+03 ,  1.961130e+02 ,  3.399710e+03 ,  1.806039e+03 ,  3.027870e+01 , -4.149428e+03 ,  5.002091e+02 ,  4.835724e+03 ,  2.855840e+03 , -8.782898e+02 ,  2.119468e+02 ,]
positionY_nm_array = [2.553280e+03 , -2.476207e+03 ,  3.566917e+03 ,  3.090403e+03 ,  2.011161e+03 ,  3.561594e+03 ,  2.175183e+03 , -3.280557e+03 , -1.562613e+02 ,  1.884239e+03 , -3.210023e+03 , -3.382711e+01 , -4.157696e+03 , -5.305431e+02 ,  8.665589e+02 , -1.450472e+03 ,  1.195852e+03 , -1.817850e+03 ,  4.652058e+03 , -1.188728e+03 ,  4.800516e+03 , -1.439655e+03 ,  2.144790e+03 , -3.936324e+03 , -7.549688e+02 ,  8.393832e+02 , -2.834543e+03 ,  3.523515e+03 ,  4.860022e+03 ,  3.779310e+03 , -3.543687e+03 ,  4.152258e+03 , -1.990308e+03 , -4.421584e+03 ,  7.245777e+02 ,  4.621518e+03 , -2.913946e+03 , -3.712271e+02 ,  9.267078e+02 , -4.135709e+03 ,  3.844795e+03 , -5.742152e+02 ,  9.635512e+02 , -2.677844e+03 ,  1.836439e+03 ,  8.537145e+02 , -2.102754e+03 , -4.378358e+03 , -4.728510e+03 ,  1.827685e+03 ,]
angleInclination_array = [2.617994e+00 , 2.617994e+00 , 2.617994e+00 , 2.617994e+00 , 2.617994e+00 , 2.617994e+00 , 2.617994e+00 , 2.617994e+00 , 2.617994e+00 , 2.617994e+00 , 2.617994e+00 , 2.617994e+00 , 2.617994e+00 , 2.617994e+00 , 2.617994e+00 , 2.617994e+00 , 2.617994e+00 , 2.617994e+00 , 2.617994e+00 , 2.617994e+00 , 2.617994e+00 , 2.617994e+00 , 2.617994e+00 , 2.617994e+00 , 2.617994e+00 , 2.617994e+00 , 2.617994e+00 , 2.617994e+00 , 2.617994e+00 , 2.617994e+00 , 2.617994e+00 , 2.617994e+00 , 2.617994e+00 , 2.617994e+00 , 2.617994e+00 , 2.617994e+00 , 2.617994e+00 , 2.617994e+00 , 2.617994e+00 , 2.617994e+00 , 2.617994e+00 , 2.617994e+00 , 2.617994e+00 , 2.617994e+00 , 2.617994e+00 , 2.617994e+00 , 2.617994e+00 , 2.617994e+00 , 2.617994e+00 , 2.617994e+00 ,]
angleAzimuth_array = [3.490659e+00 , 3.490659e+00 , 3.490659e+00 , 3.490659e+00 , 3.490659e+00 , 3.490659e+00 , 3.490659e+00 , 3.490659e+00 , 3.490659e+00 , 3.490659e+00 , 3.490659e+00 , 3.490659e+00 , 3.490659e+00 , 3.490659e+00 , 3.490659e+00 , 3.490659e+00 , 3.490659e+00 , 3.490659e+00 , 3.490659e+00 , 3.490659e+00 , 3.490659e+00 , 3.490659e+00 , 3.490659e+00 , 3.490659e+00 , 3.490659e+00 , 3.490659e+00 , 3.490659e+00 , 3.490659e+00 , 3.490659e+00 , 3.490659e+00 , 3.490659e+00 , 3.490659e+00 , 3.490659e+00 , 3.490659e+00 , 3.490659e+00 , 3.490659e+00 , 3.490659e+00 , 3.490659e+00 , 3.490659e+00 , 3.490659e+00 , 3.490659e+00 , 3.490659e+00 , 3.490659e+00 , 3.490659e+00 , 3.490659e+00 , 3.490659e+00 , 3.490659e+00 , 3.490659e+00 , 3.490659e+00 , 3.490659e+00 ,]
