% ground truth for sim_inc30_az320.tif
% settings
number_of_spots = 50
pixel_size_nm = 51.200
image_size_nm = 14142.136
image_size_px = 275
wavelength = 500
par.objectiveNA = 2.17
objectiveFocalLength = 770
par.refractiveIndices = [1.310000e+00 , 2.170000e+00 , 2.170000e+00 ,]
par.nDiscretizationBFP = 129
par.backgroundNoise = 0.020
par.nPhotons = 500
positionX_nm_array = [5.070557e+02 ,  2.145816e+03 , -2.100125e+03 , -4.550358e+03 , -1.388353e+03 , -4.175430e+03 , -2.453417e+03 ,  1.136178e+03 , -4.487119e+03 ,  2.934916e+03 , -1.593573e+03 , -1.143251e+03 ,  4.452242e+03 , -4.699630e+03 ,  4.500912e+03 ,  6.430772e+02 ,  3.891520e+03 ,  4.893632e+03 , -8.199641e+02 ,  1.959299e+03 , -4.031954e+02 ,  7.898004e+02 ,  3.575673e+03 ,  4.545763e+03 , -1.481940e+03 , -2.634723e+03 ,  3.161809e+03 ,  2.367422e+03 , -4.703842e+03 , -1.750055e+03 , -3.502165e+03 ,  3.843898e+03 ,  4.646591e+03 ,  7.491776e+02 ,  7.809861e+02 ,  4.932070e+03 , -3.365171e+03 , -5.992513e+02 ,  2.559795e+03 , -3.032014e+03 , -3.466946e+03 ,  3.650150e+03 ,  7.372207e+02 , -1.308828e+03 , -1.887053e+03 ,  4.738923e+03 ,  2.554205e+03 , -3.192350e+03 ,  3.292661e+03 ,  3.921383e+03 ,]
positionY_nm_array = [1.912827e+01 ,  4.520316e+03 , -3.015127e+03 ,  3.150175e+03 , -4.123465e+02 , -5.014417e+02 , -3.743549e+02 , -1.067473e+03 , -4.772536e+03 , -3.093653e+03 ,  3.363786e+03 ,  2.303729e+03 ,  3.803598e+03 ,  9.332568e+02 , -2.062536e+03 ,  3.144526e+03 ,  1.954843e+03 ,  1.288904e+03 , -3.110701e+03 ,  1.929839e+03 , -1.610193e+03 , -4.403369e+03 , -6.848556e+02 , -1.090565e+02 , -4.162151e+03 ,  1.410419e+03 , -1.749272e+03 , -2.934641e+02 , -3.382768e+03 ,  4.382141e+03 ,  4.004939e+03 ,  9.041632e+02 , -3.670544e+03 ,  1.817434e+03 , -2.944447e+03 , -4.728664e+03 , -4.566938e+03 ,  3.877853e+03 ,  2.767411e+03 , -1.810700e+03 ,  2.838715e+03 ,  2.936004e+03 ,  4.530804e+03 ,  1.104775e+03 , -1.322603e+03 ,  2.803126e+03 , -4.384985e+03 , -3.084280e+03 ,  3.872843e+03 , -4.413214e+03 ,]
angleInclination_array = [5.235988e-01 , 5.235988e-01 , 5.235988e-01 , 5.235988e-01 , 5.235988e-01 , 5.235988e-01 , 5.235988e-01 , 5.235988e-01 , 5.235988e-01 , 5.235988e-01 , 5.235988e-01 , 5.235988e-01 , 5.235988e-01 , 5.235988e-01 , 5.235988e-01 , 5.235988e-01 , 5.235988e-01 , 5.235988e-01 , 5.235988e-01 , 5.235988e-01 , 5.235988e-01 , 5.235988e-01 , 5.235988e-01 , 5.235988e-01 , 5.235988e-01 , 5.235988e-01 , 5.235988e-01 , 5.235988e-01 , 5.235988e-01 , 5.235988e-01 , 5.235988e-01 , 5.235988e-01 , 5.235988e-01 , 5.235988e-01 , 5.235988e-01 , 5.235988e-01 , 5.235988e-01 , 5.235988e-01 , 5.235988e-01 , 5.235988e-01 , 5.235988e-01 , 5.235988e-01 , 5.235988e-01 , 5.235988e-01 , 5.235988e-01 , 5.235988e-01 , 5.235988e-01 , 5.235988e-01 , 5.235988e-01 , 5.235988e-01 ,]
angleAzimuth_array = [5.585054e+00 , 5.585054e+00 , 5.585054e+00 , 5.585054e+00 , 5.585054e+00 , 5.585054e+00 , 5.585054e+00 , 5.585054e+00 , 5.585054e+00 , 5.585054e+00 , 5.585054e+00 , 5.585054e+00 , 5.585054e+00 , 5.585054e+00 , 5.585054e+00 , 5.585054e+00 , 5.585054e+00 , 5.585054e+00 , 5.585054e+00 , 5.585054e+00 , 5.585054e+00 , 5.585054e+00 , 5.585054e+00 , 5.585054e+00 , 5.585054e+00 , 5.585054e+00 , 5.585054e+00 , 5.585054e+00 , 5.585054e+00 , 5.585054e+00 , 5.585054e+00 , 5.585054e+00 , 5.585054e+00 , 5.585054e+00 , 5.585054e+00 , 5.585054e+00 , 5.585054e+00 , 5.585054e+00 , 5.585054e+00 , 5.585054e+00 , 5.585054e+00 , 5.585054e+00 , 5.585054e+00 , 5.585054e+00 , 5.585054e+00 , 5.585054e+00 , 5.585054e+00 , 5.585054e+00 , 5.585054e+00 , 5.585054e+00 ,]
