% ground truth for sim_inc30_az0.tif
% settings
number_of_spots = 50
pixel_size_nm = 51.200
image_size_nm = 14142.136
image_size_px = 275
wavelength = 500
par.objectiveNA = 2.17
objectiveFocalLength = 770
par.refractiveIndices = [1.310000e+00 , 2.170000e+00 , 2.170000e+00 ,]
par.nDiscretizationBFP = 129
par.backgroundNoise = 0.020
par.nPhotons = 500
positionX_nm_array = [4.204896e+03 ,  1.362466e+03 , -6.067255e+02 , -1.400189e+03 ,  6.909285e+01 ,  1.729750e+03 , -7.240739e+02 , -1.169013e+03 ,  3.099832e+03 ,  4.053466e+03 , -4.461007e+03 ,  3.823845e+03 ,  1.188353e+03 , -2.560355e+03 ,  7.605016e+02 , -1.372177e+03 , -3.124565e+03 ,  6.742066e+02 ,  1.659291e+03 ,  2.436261e+03 , -3.795877e+02 ,  4.352078e+03 ,  3.722288e+03 , -2.923081e+03 ,  2.082858e+03 , -3.420753e+03 , -4.768903e+03 ,  3.358431e+03 , -6.121833e+02 , -2.087819e+03 ,  6.176922e+02 ,  3.594837e+03 , -2.040853e+03 ,  1.073656e+02 , -3.957206e+03 , -4.744306e+03 , -3.573131e+03 ,  1.830385e+03 ,  4.687204e+03 , -2.066763e+03 ,  5.170634e+02 ,  5.460660e+02 ,  3.464056e+03 , -3.148460e+03 , -2.664641e+03 ,  1.755850e+03 , -4.905552e+03 , -2.759479e+03 , -2.489638e+01 ,  1.581517e+03 ,]
positionY_nm_array = [4.877417e+03 , -5.299177e+02 ,  2.355557e+03 ,  3.073414e+03 ,  1.745009e+02 ,  2.645022e+03 , -4.413351e+03 , -4.108929e+02 ,  6.583325e+02 , -4.130191e+01 , -3.141959e+03 , -3.785084e+03 , -3.760588e+03 , -2.244879e+03 ,  4.440728e+03 , -2.408912e+03 , -3.300844e+03 , -1.994270e+03 ,  1.619427e+03 , -4.852060e+03 ,  4.419146e+03 , -2.020471e+03 ,  3.647351e+03 ,  1.296003e+03 ,  3.619377e+03 ,  3.743723e+03 ,  4.250963e+03 , -2.269514e+03 ,  1.351775e+03 , -3.551268e+03 , -4.827151e+03 ,  2.321004e+03 ,  4.106869e+03 , -3.598607e+03 , -4.593409e+03 , -1.624451e+03 ,  8.544493e+01 , -1.814505e+03 ,  8.513697e+02 ,  6.393536e+02 ,  3.216494e+03 ,  1.754148e+03 , -4.906873e+03 ,  4.830425e+03 ,  2.730276e+03 , -2.831287e+03 , -2.095511e+02 , -9.328660e+02 , -8.417340e+02 ,  5.296391e+02 ,]
angleInclination_array = [5.235988e-01 , 5.235988e-01 , 5.235988e-01 , 5.235988e-01 , 5.235988e-01 , 5.235988e-01 , 5.235988e-01 , 5.235988e-01 , 5.235988e-01 , 5.235988e-01 , 5.235988e-01 , 5.235988e-01 , 5.235988e-01 , 5.235988e-01 , 5.235988e-01 , 5.235988e-01 , 5.235988e-01 , 5.235988e-01 , 5.235988e-01 , 5.235988e-01 , 5.235988e-01 , 5.235988e-01 , 5.235988e-01 , 5.235988e-01 , 5.235988e-01 , 5.235988e-01 , 5.235988e-01 , 5.235988e-01 , 5.235988e-01 , 5.235988e-01 , 5.235988e-01 , 5.235988e-01 , 5.235988e-01 , 5.235988e-01 , 5.235988e-01 , 5.235988e-01 , 5.235988e-01 , 5.235988e-01 , 5.235988e-01 , 5.235988e-01 , 5.235988e-01 , 5.235988e-01 , 5.235988e-01 , 5.235988e-01 , 5.235988e-01 , 5.235988e-01 , 5.235988e-01 , 5.235988e-01 , 5.235988e-01 , 5.235988e-01 ,]
angleAzimuth_array = [0 , 0 , 0 , 0 , 0 , 0 , 0 , 0 , 0 , 0 , 0 , 0 , 0 , 0 , 0 , 0 , 0 , 0 , 0 , 0 , 0 , 0 , 0 , 0 , 0 , 0 , 0 , 0 , 0 , 0 , 0 , 0 , 0 , 0 , 0 , 0 , 0 , 0 , 0 , 0 , 0 , 0 , 0 , 0 , 0 , 0 , 0 , 0 , 0 , 0 ,]
