% ground truth for sim_inc80_az340.tif
% settings
number_of_spots = 50
pixel_size_nm = 51.200
image_size_nm = 14142.136
image_size_px = 275
wavelength = 500
par.objectiveNA = 2.17
objectiveFocalLength = 770
par.refractiveIndices = [1.310000e+00 , 2.170000e+00 , 2.170000e+00 ,]
par.nDiscretizationBFP = 129
par.backgroundNoise = 0.020
par.nPhotons = 500
positionX_nm_array = [-4.460092e+03 ,  3.936600e+03 ,  1.446964e+03 ,  2.079152e+03 ,  1.793512e+03 ,  3.027987e+03 ,  3.581454e+03 , -1.462745e+03 ,  4.844460e+03 , -7.202285e+02 , -2.984291e+03 , -1.951530e+03 ,  2.675595e+03 , -7.273365e+02 ,  2.326976e+03 ,  2.462503e+03 ,  5.939396e+02 ,  3.558915e+03 , -2.121433e+03 ,  7.830385e+02 , -1.219793e+03 , -4.303270e+03 , -4.878050e+03 , -1.391852e+03 ,  2.741639e+03 , -6.142592e+02 , -4.639007e+03 ,  4.414039e+03 , -2.458829e+03 ,  4.646949e+03 , -4.412090e+03 ,  7.341476e+02 ,  2.756110e+02 , -1.157450e+02 , -2.905558e+03 , -4.237623e+03 ,  9.447546e+02 ,  4.843706e+03 ,  2.572065e+03 ,  5.351896e+02 , -3.275390e+03 , -2.763557e+03 ,  9.432705e+01 , -3.975134e+02 , -3.053394e+03 , -1.789921e+03 , -4.472103e+03 , -2.728549e+02 , -4.774347e+03 ,  1.499444e+03 ,]
positionY_nm_array = [4.947216e+03 ,  1.626556e+03 , -4.467721e+03 ,  2.102600e+02 ,  2.289023e+03 , -9.599045e+02 ,  3.826889e+03 ,  7.678377e+02 , -1.039507e+03 , -1.391452e+03 , -9.748846e+02 , -4.098498e+03 ,  1.177189e+03 , -4.008461e+03 , -2.883393e+03 , -4.787706e+03 , -3.291289e+03 ,  3.317916e+02 ,  4.125486e+03 ,  2.638411e+03 ,  2.433704e+03 , -2.141547e+03 , -3.541733e+03 , -3.143342e+03 ,  3.136897e+03 ,  4.232263e+03 ,  1.708969e+03 , -2.931687e+03 , -2.374270e+03 ,  3.598308e+03 ,  5.328596e+02 ,  1.576287e+03 , -3.593901e+02 ,  9.101789e+02 ,  2.434364e+03 ,  2.701767e+03 ,  4.307172e+03 , -4.911279e+03 ,  4.249955e+03 , -1.500930e+03 , -4.927628e+03 ,  5.872135e+02 , -4.868789e+03 , -2.353462e+03 , -3.759507e+03 , -4.744181e+02 , -4.562906e+03 ,  3.091608e+03 , -6.056439e+02 , -7.326944e+02 ,]
angleInclination_array = [1.396263e+00 , 1.396263e+00 , 1.396263e+00 , 1.396263e+00 , 1.396263e+00 , 1.396263e+00 , 1.396263e+00 , 1.396263e+00 , 1.396263e+00 , 1.396263e+00 , 1.396263e+00 , 1.396263e+00 , 1.396263e+00 , 1.396263e+00 , 1.396263e+00 , 1.396263e+00 , 1.396263e+00 , 1.396263e+00 , 1.396263e+00 , 1.396263e+00 , 1.396263e+00 , 1.396263e+00 , 1.396263e+00 , 1.396263e+00 , 1.396263e+00 , 1.396263e+00 , 1.396263e+00 , 1.396263e+00 , 1.396263e+00 , 1.396263e+00 , 1.396263e+00 , 1.396263e+00 , 1.396263e+00 , 1.396263e+00 , 1.396263e+00 , 1.396263e+00 , 1.396263e+00 , 1.396263e+00 , 1.396263e+00 , 1.396263e+00 , 1.396263e+00 , 1.396263e+00 , 1.396263e+00 , 1.396263e+00 , 1.396263e+00 , 1.396263e+00 , 1.396263e+00 , 1.396263e+00 , 1.396263e+00 , 1.396263e+00 ,]
angleAzimuth_array = [5.934119e+00 , 5.934119e+00 , 5.934119e+00 , 5.934119e+00 , 5.934119e+00 , 5.934119e+00 , 5.934119e+00 , 5.934119e+00 , 5.934119e+00 , 5.934119e+00 , 5.934119e+00 , 5.934119e+00 , 5.934119e+00 , 5.934119e+00 , 5.934119e+00 , 5.934119e+00 , 5.934119e+00 , 5.934119e+00 , 5.934119e+00 , 5.934119e+00 , 5.934119e+00 , 5.934119e+00 , 5.934119e+00 , 5.934119e+00 , 5.934119e+00 , 5.934119e+00 , 5.934119e+00 , 5.934119e+00 , 5.934119e+00 , 5.934119e+00 , 5.934119e+00 , 5.934119e+00 , 5.934119e+00 , 5.934119e+00 , 5.934119e+00 , 5.934119e+00 , 5.934119e+00 , 5.934119e+00 , 5.934119e+00 , 5.934119e+00 , 5.934119e+00 , 5.934119e+00 , 5.934119e+00 , 5.934119e+00 , 5.934119e+00 , 5.934119e+00 , 5.934119e+00 , 5.934119e+00 , 5.934119e+00 , 5.934119e+00 ,]
