% ground truth for sim_inc70_az280.tif
% settings
number_of_spots = 50
pixel_size_nm = 51.200
image_size_nm = 14142.136
image_size_px = 275
wavelength = 500
par.objectiveNA = 2.17
objectiveFocalLength = 770
par.refractiveIndices = [1.310000e+00 , 2.170000e+00 , 2.170000e+00 ,]
par.nDiscretizationBFP = 129
par.backgroundNoise = 0.020
par.nPhotons = 500
positionX_nm_array = [-2.209624e+02 ,  4.283415e+03 ,  2.649647e+03 , -9.657937e+02 ,  3.375197e+03 ,  1.246951e+03 ,  4.219277e+03 ,  2.155898e+03 , -1.757096e+03 , -2.207781e+03 ,  2.497819e+02 ,  3.909149e+03 , -3.890125e+03 ,  3.861256e+02 ,  2.722617e+03 , -3.641136e+03 , -2.382714e+03 ,  4.779375e+03 ,  1.512456e+03 , -4.176757e+03 ,  4.021766e+03 ,  4.427534e+01 , -1.395733e+03 ,  1.177332e+03 ,  3.645167e+03 ,  8.006962e+02 ,  3.836619e+03 ,  2.635251e+03 , -4.292660e+03 , -3.095967e+03 ,  3.347907e+01 , -4.041950e+03 , -1.609421e+03 , -4.177336e+02 , -2.289017e+03 ,  4.847361e+03 ,  9.092358e+02 , -1.441439e+02 , -4.857458e+03 ,  2.049615e+03 , -2.697472e+03 , -2.644022e+03 , -4.021190e+03 ,  3.175491e+03 , -9.207975e+02 , -1.353174e+03 ,  2.369802e+03 ,  4.044901e+03 ,  2.369305e+03 , -4.893086e+03 ,]
positionY_nm_array = [-2.052430e+03 , -3.476704e+03 ,  4.362821e+03 ,  2.699832e+03 ,  8.631836e+02 ,  6.279770e+02 ,  4.174431e+03 , -2.334302e+03 , -1.575940e+03 ,  3.262272e+03 ,  3.230779e+02 ,  9.202701e+00 , -1.399642e+03 , -4.665586e+03 , -1.052282e+03 , -4.376536e+01 , -3.026961e+03 , -4.762950e+03 , -3.186681e+03 ,  2.288990e+03 , -1.939038e+03 , -3.020516e+03 ,  4.047262e+03 ,  4.773535e+03 , -4.922810e+03 ,  2.491057e+03 ,  2.985545e+03 ,  2.364256e+03 , -3.115968e+03 ,  2.662624e+03 ,  4.453472e+03 ,  3.833671e+03 ,  1.723897e+02 , -3.969977e+03 , -4.746731e+03 , -8.707064e+02 ,  3.786705e+03 , -9.653235e+02 ,  1.182531e+03 , -4.576530e+03 ,  4.536078e+03 ,  1.319914e+03 , -4.745236e+03 , -3.985825e+03 ,  1.202080e+03 , -2.595480e+03 ,  1.310914e+03 ,  1.761401e+03 ,  2.527386e+02 ,  1.915561e+00 ,]
angleInclination_array = [1.221730e+00 , 1.221730e+00 , 1.221730e+00 , 1.221730e+00 , 1.221730e+00 , 1.221730e+00 , 1.221730e+00 , 1.221730e+00 , 1.221730e+00 , 1.221730e+00 , 1.221730e+00 , 1.221730e+00 , 1.221730e+00 , 1.221730e+00 , 1.221730e+00 , 1.221730e+00 , 1.221730e+00 , 1.221730e+00 , 1.221730e+00 , 1.221730e+00 , 1.221730e+00 , 1.221730e+00 , 1.221730e+00 , 1.221730e+00 , 1.221730e+00 , 1.221730e+00 , 1.221730e+00 , 1.221730e+00 , 1.221730e+00 , 1.221730e+00 , 1.221730e+00 , 1.221730e+00 , 1.221730e+00 , 1.221730e+00 , 1.221730e+00 , 1.221730e+00 , 1.221730e+00 , 1.221730e+00 , 1.221730e+00 , 1.221730e+00 , 1.221730e+00 , 1.221730e+00 , 1.221730e+00 , 1.221730e+00 , 1.221730e+00 , 1.221730e+00 , 1.221730e+00 , 1.221730e+00 , 1.221730e+00 , 1.221730e+00 ,]
angleAzimuth_array = [4.886922e+00 , 4.886922e+00 , 4.886922e+00 , 4.886922e+00 , 4.886922e+00 , 4.886922e+00 , 4.886922e+00 , 4.886922e+00 , 4.886922e+00 , 4.886922e+00 , 4.886922e+00 , 4.886922e+00 , 4.886922e+00 , 4.886922e+00 , 4.886922e+00 , 4.886922e+00 , 4.886922e+00 , 4.886922e+00 , 4.886922e+00 , 4.886922e+00 , 4.886922e+00 , 4.886922e+00 , 4.886922e+00 , 4.886922e+00 , 4.886922e+00 , 4.886922e+00 , 4.886922e+00 , 4.886922e+00 , 4.886922e+00 , 4.886922e+00 , 4.886922e+00 , 4.886922e+00 , 4.886922e+00 , 4.886922e+00 , 4.886922e+00 , 4.886922e+00 , 4.886922e+00 , 4.886922e+00 , 4.886922e+00 , 4.886922e+00 , 4.886922e+00 , 4.886922e+00 , 4.886922e+00 , 4.886922e+00 , 4.886922e+00 , 4.886922e+00 , 4.886922e+00 , 4.886922e+00 , 4.886922e+00 , 4.886922e+00 ,]
