% ground truth for sim_inc90_az260.tif
% settings
number_of_spots = 50
pixel_size_nm = 51.200
image_size_nm = 14142.136
image_size_px = 275
wavelength = 500
par.objectiveNA = 2.17
objectiveFocalLength = 770
par.refractiveIndices = [1.310000e+00 , 2.170000e+00 , 2.170000e+00 ,]
par.nDiscretizationBFP = 129
par.backgroundNoise = 0.020
par.nPhotons = 500
positionX_nm_array = [-1.741225e+02 , -3.442663e+03 , -3.147718e+03 , -2.205004e+03 ,  1.007281e+03 , -4.426143e+03 , -2.575353e+03 ,  3.566346e+03 ,  1.773461e+03 ,  2.076322e+03 , -4.527370e+03 , -4.010486e+02 ,  4.051766e+03 , -4.756892e+03 ,  5.877840e+02 ,  2.914780e+03 , -3.541280e+02 , -2.725767e+03 ,  2.016605e+03 ,  4.653566e+03 ,  9.737474e+02 , -1.969798e+02 , -4.231096e+03 , -4.392893e+03 , -2.049818e+03 , -1.111997e+03 ,  1.981960e+03 ,  3.760973e+03 ,  4.237858e+03 , -1.338354e+03 , -3.295342e+03 , -1.188436e+03 ,  2.265718e+03 , -3.235871e+03 , -4.882596e+03 ,  4.625935e+03 ,  9.658387e+02 ,  4.904399e+03 ,  3.141502e+03 , -2.767516e+03 , -1.761950e+03 ,  1.653846e+03 ,  8.515741e+02 , -4.108062e+03 , -3.281136e+03 , -1.256140e+03 , -3.128225e+02 , -1.234677e+03 ,  3.043708e+03 ,  4.668498e+03 ,]
positionY_nm_array = [-2.661383e+03 , -4.491669e+02 , -3.825903e+03 , -1.141942e+03 , -4.784897e+03 ,  3.989673e+03 ,  3.532551e+03 , -3.522824e+03 ,  1.920888e+03 , -2.434308e+03 , -2.391204e+03 ,  5.680482e+01 ,  1.880023e+03 , -1.114300e+03 , -1.004816e+02 ,  9.909161e+02 ,  3.274153e+03 , -2.427318e+03 ,  3.967666e+03 ,  4.409618e+03 ,  3.287301e+03 , -4.719822e+03 ,  2.950270e+03 , -4.573053e+03 ,  1.421110e+03 , -2.201382e+03 , -4.038157e+03 ,  3.636370e+03 , -1.131861e+03 , -5.590937e+02 , -1.469033e+03 ,  4.711596e+03 , -2.479620e+02 ,  1.250653e+03 , -3.860187e+01 ,  3.006177e+03 ,  4.401184e+03 ,  1.343149e+03 , -1.505947e+03 ,  2.980825e+02 , -3.516344e+03 ,  8.456311e+02 , -2.051498e+03 ,  1.873762e+03 ,  4.524794e+03 , -4.433106e+03 , -1.425692e+03 ,  2.059811e+03 ,  4.468942e+03 , -3.275203e+03 ,]
angleInclination_array = [1.570796e+00 , 1.570796e+00 , 1.570796e+00 , 1.570796e+00 , 1.570796e+00 , 1.570796e+00 , 1.570796e+00 , 1.570796e+00 , 1.570796e+00 , 1.570796e+00 , 1.570796e+00 , 1.570796e+00 , 1.570796e+00 , 1.570796e+00 , 1.570796e+00 , 1.570796e+00 , 1.570796e+00 , 1.570796e+00 , 1.570796e+00 , 1.570796e+00 , 1.570796e+00 , 1.570796e+00 , 1.570796e+00 , 1.570796e+00 , 1.570796e+00 , 1.570796e+00 , 1.570796e+00 , 1.570796e+00 , 1.570796e+00 , 1.570796e+00 , 1.570796e+00 , 1.570796e+00 , 1.570796e+00 , 1.570796e+00 , 1.570796e+00 , 1.570796e+00 , 1.570796e+00 , 1.570796e+00 , 1.570796e+00 , 1.570796e+00 , 1.570796e+00 , 1.570796e+00 , 1.570796e+00 , 1.570796e+00 , 1.570796e+00 , 1.570796e+00 , 1.570796e+00 , 1.570796e+00 , 1.570796e+00 , 1.570796e+00 ,]
angleAzimuth_array = [4.537856e+00 , 4.537856e+00 , 4.537856e+00 , 4.537856e+00 , 4.537856e+00 , 4.537856e+00 , 4.537856e+00 , 4.537856e+00 , 4.537856e+00 , 4.537856e+00 , 4.537856e+00 , 4.537856e+00 , 4.537856e+00 , 4.537856e+00 , 4.537856e+00 , 4.537856e+00 , 4.537856e+00 , 4.537856e+00 , 4.537856e+00 , 4.537856e+00 , 4.537856e+00 , 4.537856e+00 , 4.537856e+00 , 4.537856e+00 , 4.537856e+00 , 4.537856e+00 , 4.537856e+00 , 4.537856e+00 , 4.537856e+00 , 4.537856e+00 , 4.537856e+00 , 4.537856e+00 , 4.537856e+00 , 4.537856e+00 , 4.537856e+00 , 4.537856e+00 , 4.537856e+00 , 4.537856e+00 , 4.537856e+00 , 4.537856e+00 , 4.537856e+00 , 4.537856e+00 , 4.537856e+00 , 4.537856e+00 , 4.537856e+00 , 4.537856e+00 , 4.537856e+00 , 4.537856e+00 , 4.537856e+00 , 4.537856e+00 ,]
