% ground truth for sim_inc180_az340.tif
% settings
number_of_spots = 50
pixel_size_nm = 51.200
image_size_nm = 14142.136
image_size_px = 275
wavelength = 500
par.objectiveNA = 2.17
objectiveFocalLength = 770
par.refractiveIndices = [1.310000e+00 , 2.170000e+00 , 2.170000e+00 ,]
par.nDiscretizationBFP = 129
par.backgroundNoise = 0.020
par.nPhotons = 500
positionX_nm_array = [-4.210798e+03 ,  2.914813e+03 ,  4.281607e+03 , -3.448123e+03 ,  2.614872e+02 , -2.656397e+03 ,  4.579165e+02 ,  2.407462e+03 , -2.692401e+03 , -4.374790e+03 ,  4.328762e+03 ,  2.529865e+03 ,  5.714466e+02 , -2.750509e+03 ,  2.874678e+03 , -2.334195e+03 ,  1.086300e+03 ,  1.259395e+03 , -3.122790e+03 , -4.656153e+03 , -3.764447e+03 ,  3.402877e+03 , -4.782013e+03 , -4.843263e+01 ,  2.220732e+03 , -1.653756e+03 ,  3.797138e+03 , -1.334739e+03 ,  1.849535e+03 ,  4.329318e+03 ,  3.997076e+03 ,  4.649067e+03 , -1.126166e+03 ,  2.628697e+03 , -1.838604e+03 , -9.963786e+02 , -2.305319e+03 ,  1.421596e+03 , -2.406280e+03 , -7.285334e+02 , -4.697523e+03 ,  4.271618e+03 ,  4.654117e+03 , -4.604289e+03 , -4.005594e+03 , -1.143506e+03 ,  4.642484e+02 ,  3.327487e+02 ,  1.221482e+03 ,  1.657712e+03 ,]
positionY_nm_array = [-2.836692e+03 ,  3.449463e+03 ,  1.091031e+03 , -1.163600e+03 , -4.702568e+03 , -4.579151e+03 ,  4.063222e+03 , -3.909106e+03 ,  4.665155e+03 ,  4.520797e+03 ,  4.168619e+03 ,  1.139710e+03 ,  2.507523e+03 , -3.021954e+03 ,  2.420786e+03 , -9.487661e+02 ,  5.161118e+02 , -4.876984e+03 ,  1.855414e+03 ,  1.591591e+03 ,  2.901714e+03 ,  4.180829e+02 ,  3.456673e+03 ,  1.213762e+03 , -9.304910e+02 , -3.107726e+03 , -1.105941e+03 ,  2.727438e+03 ,  4.422454e+03 , -2.197736e+03 , -4.940924e+03 , -5.735850e+02 ,  4.231318e+03 , -2.683605e+03 , -2.065799e+03 , -3.035155e+02 ,  3.146041e+03 , -2.286268e+03 ,  8.303597e+02 , -2.222339e+03 , -4.945784e+03 , -3.575730e+03 ,  2.608250e+03 , -7.950245e+02 ,  1.763949e+02 , -4.877041e+03 , -1.508593e+03 , -3.175115e+03 , -3.716334e+03 ,  1.930496e+03 ,]
angleInclination_array = [3.141593e+00 , 3.141593e+00 , 3.141593e+00 , 3.141593e+00 , 3.141593e+00 , 3.141593e+00 , 3.141593e+00 , 3.141593e+00 , 3.141593e+00 , 3.141593e+00 , 3.141593e+00 , 3.141593e+00 , 3.141593e+00 , 3.141593e+00 , 3.141593e+00 , 3.141593e+00 , 3.141593e+00 , 3.141593e+00 , 3.141593e+00 , 3.141593e+00 , 3.141593e+00 , 3.141593e+00 , 3.141593e+00 , 3.141593e+00 , 3.141593e+00 , 3.141593e+00 , 3.141593e+00 , 3.141593e+00 , 3.141593e+00 , 3.141593e+00 , 3.141593e+00 , 3.141593e+00 , 3.141593e+00 , 3.141593e+00 , 3.141593e+00 , 3.141593e+00 , 3.141593e+00 , 3.141593e+00 , 3.141593e+00 , 3.141593e+00 , 3.141593e+00 , 3.141593e+00 , 3.141593e+00 , 3.141593e+00 , 3.141593e+00 , 3.141593e+00 , 3.141593e+00 , 3.141593e+00 , 3.141593e+00 , 3.141593e+00 ,]
angleAzimuth_array = [5.934119e+00 , 5.934119e+00 , 5.934119e+00 , 5.934119e+00 , 5.934119e+00 , 5.934119e+00 , 5.934119e+00 , 5.934119e+00 , 5.934119e+00 , 5.934119e+00 , 5.934119e+00 , 5.934119e+00 , 5.934119e+00 , 5.934119e+00 , 5.934119e+00 , 5.934119e+00 , 5.934119e+00 , 5.934119e+00 , 5.934119e+00 , 5.934119e+00 , 5.934119e+00 , 5.934119e+00 , 5.934119e+00 , 5.934119e+00 , 5.934119e+00 , 5.934119e+00 , 5.934119e+00 , 5.934119e+00 , 5.934119e+00 , 5.934119e+00 , 5.934119e+00 , 5.934119e+00 , 5.934119e+00 , 5.934119e+00 , 5.934119e+00 , 5.934119e+00 , 5.934119e+00 , 5.934119e+00 , 5.934119e+00 , 5.934119e+00 , 5.934119e+00 , 5.934119e+00 , 5.934119e+00 , 5.934119e+00 , 5.934119e+00 , 5.934119e+00 , 5.934119e+00 , 5.934119e+00 , 5.934119e+00 , 5.934119e+00 ,]
