% ground truth for sim_inc30_az240.tif
% settings
number_of_spots = 50
pixel_size_nm = 51.200
image_size_nm = 14142.136
image_size_px = 275
wavelength = 500
par.objectiveNA = 2.17
objectiveFocalLength = 770
par.refractiveIndices = [1.310000e+00 , 2.170000e+00 , 2.170000e+00 ,]
par.nDiscretizationBFP = 129
par.backgroundNoise = 0.020
par.nPhotons = 500
positionX_nm_array = [-1.634083e+02 , -9.339149e+02 , -3.513453e+02 ,  2.859046e+03 ,  2.150807e+03 ,  1.863139e+03 , -1.912277e+03 ,  2.792617e+03 ,  3.570973e+03 ,  4.614882e+03 ,  3.894680e+03 , -4.242206e+03 ,  2.521365e+03 , -3.388891e+03 ,  1.049878e+03 , -3.355759e+03 , -2.956018e+03 , -2.697109e+02 , -2.938644e+03 , -7.921205e+02 , -4.635356e+03 ,  3.929671e+03 , -2.004010e+03 ,  9.264203e+02 ,  1.051344e+03 ,  1.684532e+03 , -4.246270e+03 , -1.572748e+03 ,  3.605346e+03 , -5.184260e+02 ,  2.903722e+03 , -3.655989e+03 ,  1.501961e+03 , -2.596662e+02 ,  2.269232e+03 , -4.909633e+03 , -2.535708e+03 ,  4.551085e+03 ,  4.324967e+03 , -4.001962e+03 , -1.582798e+03 ,  4.067359e+03 ,  2.874937e+03 , -4.932160e+03 ,  1.759396e+03 ,  4.111806e+03 , -3.221833e+03 ,  4.926031e+03 , -1.998984e+03 ,  2.364633e+03 ,]
positionY_nm_array = [-2.718576e+03 , -4.183336e+03 ,  4.573173e+03 ,  1.063087e+03 , -1.267501e+03 ,  1.286454e+03 ,  1.212090e+03 , -3.289149e+03 , -1.027602e+03 , -4.411701e+03 ,  1.362259e+03 ,  4.820581e+03 ,  3.056440e+03 , -1.462060e+03 , -4.202934e+03 ,  2.943866e+03 ,  1.100332e+03 ,  2.810040e+03 ,  4.289823e+03 ,  1.119155e+02 , -7.839333e+01 , -1.966900e+03 , -2.387468e+03 , -1.851775e+03 ,  5.507281e+02 ,  2.429455e+03 , -3.521354e+03 , -8.572132e+02 ,  3.290995e+03 , -1.621836e+03 , -4.745606e+03 , -4.504885e+03 ,  3.518822e+03 ,  1.586968e+03 , -2.375133e+03 ,  2.295671e+03 , -4.126897e+03 ,  3.583686e+02 ,  2.361617e+03 ,  1.425579e+03 ,  2.974591e+03 , -3.340171e+03 ,  4.149209e+03 , -4.590171e+03 ,  4.502281e+03 ,  4.821695e+03 , -1.323052e+02 , -2.066019e+03 ,  4.715897e+03 , -1.042768e+02 ,]
angleInclination_array = [5.235988e-01 , 5.235988e-01 , 5.235988e-01 , 5.235988e-01 , 5.235988e-01 , 5.235988e-01 , 5.235988e-01 , 5.235988e-01 , 5.235988e-01 , 5.235988e-01 , 5.235988e-01 , 5.235988e-01 , 5.235988e-01 , 5.235988e-01 , 5.235988e-01 , 5.235988e-01 , 5.235988e-01 , 5.235988e-01 , 5.235988e-01 , 5.235988e-01 , 5.235988e-01 , 5.235988e-01 , 5.235988e-01 , 5.235988e-01 , 5.235988e-01 , 5.235988e-01 , 5.235988e-01 , 5.235988e-01 , 5.235988e-01 , 5.235988e-01 , 5.235988e-01 , 5.235988e-01 , 5.235988e-01 , 5.235988e-01 , 5.235988e-01 , 5.235988e-01 , 5.235988e-01 , 5.235988e-01 , 5.235988e-01 , 5.235988e-01 , 5.235988e-01 , 5.235988e-01 , 5.235988e-01 , 5.235988e-01 , 5.235988e-01 , 5.235988e-01 , 5.235988e-01 , 5.235988e-01 , 5.235988e-01 , 5.235988e-01 ,]
angleAzimuth_array = [4.188790e+00 , 4.188790e+00 , 4.188790e+00 , 4.188790e+00 , 4.188790e+00 , 4.188790e+00 , 4.188790e+00 , 4.188790e+00 , 4.188790e+00 , 4.188790e+00 , 4.188790e+00 , 4.188790e+00 , 4.188790e+00 , 4.188790e+00 , 4.188790e+00 , 4.188790e+00 , 4.188790e+00 , 4.188790e+00 , 4.188790e+00 , 4.188790e+00 , 4.188790e+00 , 4.188790e+00 , 4.188790e+00 , 4.188790e+00 , 4.188790e+00 , 4.188790e+00 , 4.188790e+00 , 4.188790e+00 , 4.188790e+00 , 4.188790e+00 , 4.188790e+00 , 4.188790e+00 , 4.188790e+00 , 4.188790e+00 , 4.188790e+00 , 4.188790e+00 , 4.188790e+00 , 4.188790e+00 , 4.188790e+00 , 4.188790e+00 , 4.188790e+00 , 4.188790e+00 , 4.188790e+00 , 4.188790e+00 , 4.188790e+00 , 4.188790e+00 , 4.188790e+00 , 4.188790e+00 , 4.188790e+00 , 4.188790e+00 ,]
