% ground truth for sim_inc180_az0.tif
% settings
number_of_spots = 50
pixel_size_nm = 51.200
image_size_nm = 14142.136
image_size_px = 275
wavelength = 500
par.objectiveNA = 2.17
objectiveFocalLength = 770
par.refractiveIndices = [1.310000e+00 , 2.170000e+00 , 2.170000e+00 ,]
par.nDiscretizationBFP = 129
par.backgroundNoise = 0.020
par.nPhotons = 500
positionX_nm_array = [1.291302e+03 , -6.685219e+02 ,  1.892357e+03 , -3.818243e+03 ,  3.225380e+03 , -2.594384e+02 , -4.386412e+03 ,  2.527229e+03 , -3.726339e+03 , -4.510514e+03 ,  3.179568e+03 , -2.964323e+03 ,  4.816208e+03 ,  1.774523e+03 , -3.992296e+03 ,  4.216786e+03 , -1.772272e+03 ,  9.034677e+02 ,  4.681184e+03 ,  1.884267e+03 , -1.321435e+03 , -2.644255e+03 ,  3.107764e+03 , -4.832216e+03 ,  1.570978e+03 , -1.708905e+03 ,  2.248814e+02 , -1.457071e+03 , -3.582096e+03 ,  2.681214e+03 ,  4.203508e+03 ,  4.158019e+02 , -2.091857e+03 , -1.551838e+02 , -8.446529e+02 ,  4.748403e+03 ,  4.364241e+03 ,  3.783369e+03 ,  3.429071e+03 ,  1.968024e+03 , -3.172974e+03 ,  3.521610e+03 , -3.448012e+03 , -1.762978e+03 ,  2.157540e+02 ,  4.715880e+03 ,  4.784280e+03 , -4.197825e+03 ,  4.630111e+03 , -1.990205e+03 ,]
positionY_nm_array = [-3.930215e+03 ,  3.806220e+03 , -1.008459e+03 , -1.324173e+03 , -3.413281e+03 ,  1.939716e+02 ,  3.349773e+03 ,  3.431208e+03 , -4.155389e+03 , -4.793344e+03 ,  2.334892e+03 , -2.189026e+03 ,  3.376307e+03 ,  1.784270e+03 ,  8.005207e+02 ,  1.033426e+03 , -2.939732e+03 ,  4.070700e+03 ,  4.872363e+03 , -2.587077e+03 ,  1.810573e+03 , -3.999155e+03 , -1.539172e+03 , -1.400220e+03 ,  9.820367e+00 ,  4.640304e+03 , -1.862662e+03 , -8.291532e+02 ,  4.536770e+03 ,  1.211241e+03 ,  2.035076e+03 ,  1.125104e+03 ,  3.674792e+03 , -4.047301e+03 , -4.868651e+03 , -3.481772e+03 , -4.648412e+03 ,  3.260151e+03 ,  4.750688e+03 ,  4.507274e+03 ,  2.299762e+03 ,  5.495858e+01 , -3.289046e+02 ,  7.882730e+02 , -7.307267e+02 , -2.357573e+03 , -2.732986e+02 , -3.103213e+03 , -1.277336e+03 ,  2.642977e+03 ,]
angleInclination_array = [3.141593e+00 , 3.141593e+00 , 3.141593e+00 , 3.141593e+00 , 3.141593e+00 , 3.141593e+00 , 3.141593e+00 , 3.141593e+00 , 3.141593e+00 , 3.141593e+00 , 3.141593e+00 , 3.141593e+00 , 3.141593e+00 , 3.141593e+00 , 3.141593e+00 , 3.141593e+00 , 3.141593e+00 , 3.141593e+00 , 3.141593e+00 , 3.141593e+00 , 3.141593e+00 , 3.141593e+00 , 3.141593e+00 , 3.141593e+00 , 3.141593e+00 , 3.141593e+00 , 3.141593e+00 , 3.141593e+00 , 3.141593e+00 , 3.141593e+00 , 3.141593e+00 , 3.141593e+00 , 3.141593e+00 , 3.141593e+00 , 3.141593e+00 , 3.141593e+00 , 3.141593e+00 , 3.141593e+00 , 3.141593e+00 , 3.141593e+00 , 3.141593e+00 , 3.141593e+00 , 3.141593e+00 , 3.141593e+00 , 3.141593e+00 , 3.141593e+00 , 3.141593e+00 , 3.141593e+00 , 3.141593e+00 , 3.141593e+00 ,]
angleAzimuth_array = [0 , 0 , 0 , 0 , 0 , 0 , 0 , 0 , 0 , 0 , 0 , 0 , 0 , 0 , 0 , 0 , 0 , 0 , 0 , 0 , 0 , 0 , 0 , 0 , 0 , 0 , 0 , 0 , 0 , 0 , 0 , 0 , 0 , 0 , 0 , 0 , 0 , 0 , 0 , 0 , 0 , 0 , 0 , 0 , 0 , 0 , 0 , 0 , 0 , 0 ,]
