% ground truth for sim_inc50_az280.tif
% settings
number_of_spots = 50
pixel_size_nm = 51.200
image_size_nm = 14142.136
image_size_px = 275
wavelength = 500
par.objectiveNA = 2.17
objectiveFocalLength = 770
par.refractiveIndices = [1.310000e+00 , 2.170000e+00 , 2.170000e+00 ,]
par.nDiscretizationBFP = 129
par.backgroundNoise = 0.020
par.nPhotons = 500
positionX_nm_array = [3.534243e+02 ,  1.587743e+03 , -4.060703e+03 , -3.877050e+03 ,  9.315875e+02 ,  4.794386e+02 , -2.202801e+03 ,  1.315001e+02 ,  2.531334e+03 ,  2.889683e+03 , -2.123984e+02 ,  4.441485e+03 , -1.832231e+02 , -2.673038e+03 , -4.141008e+03 ,  4.199943e+03 ,  4.915480e+03 , -1.709817e+03 ,  2.554968e+03 ,  3.455616e+03 ,  3.779489e+03 , -3.703409e+03 , -1.257657e+03 ,  1.337077e+03 , -2.811647e+03 ,  1.444535e+03 , -4.458035e+03 , -2.414919e+03 , -4.748507e+03 , -3.643505e+03 ,  4.332933e+03 ,  1.905973e+03 , -8.637287e+02 , -4.562661e+03 ,  3.905519e+03 , -2.309586e+03 , -2.033398e+03 ,  1.266046e+03 , -2.782038e+03 ,  3.637198e+03 , -1.722251e+03 ,  3.744323e+03 , -5.255221e+02 , -4.810084e+03 ,  2.580844e+03 ,  1.420726e+03 ,  4.840663e+03 , -3.950672e+03 , -3.048365e+03 , -4.883731e+03 ,]
positionY_nm_array = [-3.541962e+03 ,  4.266738e+03 ,  3.270727e+02 ,  3.469456e+03 , -1.396894e+03 , -3.946535e+02 , -1.944419e+03 ,  1.977130e+03 ,  2.724437e+03 ,  1.330666e+03 ,  3.596869e+03 ,  4.315876e+03 , -4.868437e+03 , -9.038828e+02 , -4.040155e+03 ,  1.025670e+03 , -2.627585e+03 ,  2.653185e+03 ,  1.040775e+02 ,  3.851982e+03 , -2.306475e+03 , -1.272264e+03 , -9.792668e+02 ,  1.963584e+03 ,  4.051854e+03 , -2.922400e+03 ,  2.152329e+03 , -3.470032e+03 , -4.856885e+03 ,  1.316897e+03 , -4.318754e+03 , -1.631904e+03 , -3.798115e+03 ,  4.256547e+03 , -6.930339e+02 ,  5.300403e+02 , -4.917556e+03 , -4.676011e+03 ,  2.055550e+03 , -3.514778e+03 ,  1.419777e+03 ,  2.499348e+03 ,  1.050430e+03 ,  1.060270e+03 , -3.902813e+03 ,  2.170676e+02 ,  2.292113e+02 , -2.752885e+03 , -4.837416e+03 , -5.060621e+02 ,]
angleInclination_array = [8.726646e-01 , 8.726646e-01 , 8.726646e-01 , 8.726646e-01 , 8.726646e-01 , 8.726646e-01 , 8.726646e-01 , 8.726646e-01 , 8.726646e-01 , 8.726646e-01 , 8.726646e-01 , 8.726646e-01 , 8.726646e-01 , 8.726646e-01 , 8.726646e-01 , 8.726646e-01 , 8.726646e-01 , 8.726646e-01 , 8.726646e-01 , 8.726646e-01 , 8.726646e-01 , 8.726646e-01 , 8.726646e-01 , 8.726646e-01 , 8.726646e-01 , 8.726646e-01 , 8.726646e-01 , 8.726646e-01 , 8.726646e-01 , 8.726646e-01 , 8.726646e-01 , 8.726646e-01 , 8.726646e-01 , 8.726646e-01 , 8.726646e-01 , 8.726646e-01 , 8.726646e-01 , 8.726646e-01 , 8.726646e-01 , 8.726646e-01 , 8.726646e-01 , 8.726646e-01 , 8.726646e-01 , 8.726646e-01 , 8.726646e-01 , 8.726646e-01 , 8.726646e-01 , 8.726646e-01 , 8.726646e-01 , 8.726646e-01 ,]
angleAzimuth_array = [4.886922e+00 , 4.886922e+00 , 4.886922e+00 , 4.886922e+00 , 4.886922e+00 , 4.886922e+00 , 4.886922e+00 , 4.886922e+00 , 4.886922e+00 , 4.886922e+00 , 4.886922e+00 , 4.886922e+00 , 4.886922e+00 , 4.886922e+00 , 4.886922e+00 , 4.886922e+00 , 4.886922e+00 , 4.886922e+00 , 4.886922e+00 , 4.886922e+00 , 4.886922e+00 , 4.886922e+00 , 4.886922e+00 , 4.886922e+00 , 4.886922e+00 , 4.886922e+00 , 4.886922e+00 , 4.886922e+00 , 4.886922e+00 , 4.886922e+00 , 4.886922e+00 , 4.886922e+00 , 4.886922e+00 , 4.886922e+00 , 4.886922e+00 , 4.886922e+00 , 4.886922e+00 , 4.886922e+00 , 4.886922e+00 , 4.886922e+00 , 4.886922e+00 , 4.886922e+00 , 4.886922e+00 , 4.886922e+00 , 4.886922e+00 , 4.886922e+00 , 4.886922e+00 , 4.886922e+00 , 4.886922e+00 , 4.886922e+00 ,]
