% ground truth for sim_inc130_az80.tif
% settings
number_of_spots = 50
pixel_size_nm = 51.200
image_size_nm = 14142.136
image_size_px = 275
wavelength = 500
par.objectiveNA = 2.17
objectiveFocalLength = 770
par.refractiveIndices = [1.310000e+00 , 2.170000e+00 , 2.170000e+00 ,]
par.nDiscretizationBFP = 129
par.backgroundNoise = 0.020
par.nPhotons = 500
positionX_nm_array = [-4.342816e+03 , -3.145588e+03 ,  3.634416e+03 ,  2.119609e+03 ,  2.808113e+03 , -3.691842e+03 ,  2.378868e+02 ,  1.763990e+03 , -4.090004e+03 ,  3.385930e+03 , -1.641307e+03 ,  7.821950e+02 ,  4.744302e+03 , -4.542544e+03 ,  1.595795e+03 ,  2.867138e+02 ,  2.652329e+03 , -1.204869e+02 , -2.393276e+02 , -3.538399e+03 , -8.519237e+02 ,  4.633658e+03 ,  2.051891e+03 ,  4.890006e+03 , -1.890046e+03 ,  3.448118e+03 ,  3.927969e+03 ,  4.491166e+03 , -2.653590e+03 ,  4.340489e+03 , -9.124478e+02 , -3.225284e+03 , -3.506285e+03 ,  4.433938e+03 ,  5.222054e+02 ,  2.811179e+03 , -2.745618e+03 , -5.558810e+02 ,  3.622329e+03 , -4.448188e+03 ,  8.090700e+02 , -4.658802e+03 ,  3.364775e+03 , -1.334227e+03 , -1.604861e+03 , -1.864842e+03 ,  9.304342e+02 , -2.872496e+03 ,  2.496609e+03 , -4.897819e+03 ,]
positionY_nm_array = [-3.548310e+03 , -4.643903e+03 , -3.608720e+03 , -4.479299e+03 , -2.597938e+03 , -2.425922e+03 ,  3.650268e+03 , -2.354910e+02 ,  3.767697e+03 , -6.607994e+02 ,  1.524898e+03 ,  1.715099e+03 , -2.865412e+03 , -3.859271e+02 ,  3.943644e+03 , -1.834454e+03 ,  1.877497e+03 ,  1.198849e+03 , -6.408867e+01 ,  1.687657e+02 , -3.034023e+03 , -1.665439e+03 , -1.887931e+03 ,  1.375281e+03 ,  3.014515e+03 , -4.624326e+03 ,  4.477692e+03 , -4.883766e+03 ,  1.002146e+03 ,  2.597584e+03 ,  3.378122e+03 , -1.460577e+03 ,  2.139803e+03 , -4.041100e+02 , -3.174121e+03 ,  3.275046e+03 , -3.673088e+03 , -4.180630e+03 , -1.900189e+03 ,  6.348208e+02 ,  4.576575e+03 ,  1.761304e+03 ,  5.669818e+02 , -3.736305e+02 , -1.515326e+03 , -2.994704e+03 , -4.797109e+03 ,  4.232356e+03 ,  4.942277e+03 , -2.186601e+03 ,]
angleInclination_array = [2.268928e+00 , 2.268928e+00 , 2.268928e+00 , 2.268928e+00 , 2.268928e+00 , 2.268928e+00 , 2.268928e+00 , 2.268928e+00 , 2.268928e+00 , 2.268928e+00 , 2.268928e+00 , 2.268928e+00 , 2.268928e+00 , 2.268928e+00 , 2.268928e+00 , 2.268928e+00 , 2.268928e+00 , 2.268928e+00 , 2.268928e+00 , 2.268928e+00 , 2.268928e+00 , 2.268928e+00 , 2.268928e+00 , 2.268928e+00 , 2.268928e+00 , 2.268928e+00 , 2.268928e+00 , 2.268928e+00 , 2.268928e+00 , 2.268928e+00 , 2.268928e+00 , 2.268928e+00 , 2.268928e+00 , 2.268928e+00 , 2.268928e+00 , 2.268928e+00 , 2.268928e+00 , 2.268928e+00 , 2.268928e+00 , 2.268928e+00 , 2.268928e+00 , 2.268928e+00 , 2.268928e+00 , 2.268928e+00 , 2.268928e+00 , 2.268928e+00 , 2.268928e+00 , 2.268928e+00 , 2.268928e+00 , 2.268928e+00 ,]
angleAzimuth_array = [1.396263e+00 , 1.396263e+00 , 1.396263e+00 , 1.396263e+00 , 1.396263e+00 , 1.396263e+00 , 1.396263e+00 , 1.396263e+00 , 1.396263e+00 , 1.396263e+00 , 1.396263e+00 , 1.396263e+00 , 1.396263e+00 , 1.396263e+00 , 1.396263e+00 , 1.396263e+00 , 1.396263e+00 , 1.396263e+00 , 1.396263e+00 , 1.396263e+00 , 1.396263e+00 , 1.396263e+00 , 1.396263e+00 , 1.396263e+00 , 1.396263e+00 , 1.396263e+00 , 1.396263e+00 , 1.396263e+00 , 1.396263e+00 , 1.396263e+00 , 1.396263e+00 , 1.396263e+00 , 1.396263e+00 , 1.396263e+00 , 1.396263e+00 , 1.396263e+00 , 1.396263e+00 , 1.396263e+00 , 1.396263e+00 , 1.396263e+00 , 1.396263e+00 , 1.396263e+00 , 1.396263e+00 , 1.396263e+00 , 1.396263e+00 , 1.396263e+00 , 1.396263e+00 , 1.396263e+00 , 1.396263e+00 , 1.396263e+00 ,]
