% ground truth for sim_inc90_az40.tif
% settings
number_of_spots = 50
pixel_size_nm = 51.200
image_size_nm = 14142.136
image_size_px = 275
wavelength = 500
par.objectiveNA = 2.17
objectiveFocalLength = 770
par.refractiveIndices = [1.310000e+00 , 2.170000e+00 , 2.170000e+00 ,]
par.nDiscretizationBFP = 129
par.backgroundNoise = 0.020
par.nPhotons = 500
positionX_nm_array = [-6.071897e+02 ,  1.356433e+02 ,  3.688148e+03 ,  2.538847e+03 , -1.538202e+03 ,  2.993409e+03 , -3.721703e+03 ,  1.991187e+03 , -5.810590e+02 , -3.497925e+03 , -3.522729e+03 ,  2.123302e+03 ,  4.488160e+03 ,  1.505626e+03 ,  4.882720e+03 , -1.207061e+03 ,  2.408775e+03 , -2.175120e+02 , -2.242359e+02 , -4.437135e+03 ,  1.066195e+03 ,  3.240335e+03 , -2.459756e+03 , -2.108934e+03 ,  4.309106e+03 ,  6.252141e+02 ,  4.622931e+03 , -4.683929e+03 , -2.621619e+03 , -1.703698e+01 ,  3.299706e+03 ,  1.694416e+03 ,  3.382299e+03 , -4.103822e+03 ,  2.193436e+03 ,  4.896411e+03 , -2.829863e+03 , -4.447088e+03 ,  6.210162e+02 , -1.986957e+03 , -4.840934e+03 , -1.418542e+03 , -3.011965e+03 ,  1.036161e+03 , -1.517037e+03 ,  1.099435e+03 , -2.817511e+03 ,  3.673166e+03 , -2.523825e+03 ,  3.691402e+03 ,]
positionY_nm_array = [3.210091e+03 , -3.717254e+03 ,  3.039493e+03 , -1.666338e+03 ,  2.663976e+03 , -3.334483e+03 , -2.014150e+02 ,  4.846340e+03 ,  1.760993e+03 ,  3.705708e+03 , -3.297936e+03 ,  9.986665e+00 ,  1.864132e+03 , -3.051776e+03 ,  6.605818e+02 ,  2.206646e+02 ,  3.492251e+03 , -1.922301e+03 , -4.886767e+03 , -1.841068e+03 ,  1.517514e+03 ,  2.043475e+03 , -5.002364e+02 ,  3.844333e+03 , -3.527692e+03 ,  3.087936e+02 ,  4.650779e+03 ,  4.346984e+03 , -2.827152e+03 ,  4.526141e+03 , -2.232446e+02 , -4.573187e+03 ,  4.267596e+03 ,  2.390070e+03 ,  1.027893e+03 , -1.929728e+03 ,  1.950318e+03 ,  1.432995e+03 , -2.544016e+03 ,  1.400216e+03 ,  3.303227e+02 , -3.867861e+03 , -1.865204e+03 ,  2.834761e+03 , -1.663710e+03 , -6.796230e+02 ,  6.797229e+02 ,  1.049674e+03 , -4.287994e+03 , -2.414667e+03 ,]
angleInclination_array = [1.570796e+00 , 1.570796e+00 , 1.570796e+00 , 1.570796e+00 , 1.570796e+00 , 1.570796e+00 , 1.570796e+00 , 1.570796e+00 , 1.570796e+00 , 1.570796e+00 , 1.570796e+00 , 1.570796e+00 , 1.570796e+00 , 1.570796e+00 , 1.570796e+00 , 1.570796e+00 , 1.570796e+00 , 1.570796e+00 , 1.570796e+00 , 1.570796e+00 , 1.570796e+00 , 1.570796e+00 , 1.570796e+00 , 1.570796e+00 , 1.570796e+00 , 1.570796e+00 , 1.570796e+00 , 1.570796e+00 , 1.570796e+00 , 1.570796e+00 , 1.570796e+00 , 1.570796e+00 , 1.570796e+00 , 1.570796e+00 , 1.570796e+00 , 1.570796e+00 , 1.570796e+00 , 1.570796e+00 , 1.570796e+00 , 1.570796e+00 , 1.570796e+00 , 1.570796e+00 , 1.570796e+00 , 1.570796e+00 , 1.570796e+00 , 1.570796e+00 , 1.570796e+00 , 1.570796e+00 , 1.570796e+00 , 1.570796e+00 ,]
angleAzimuth_array = [6.981317e-01 , 6.981317e-01 , 6.981317e-01 , 6.981317e-01 , 6.981317e-01 , 6.981317e-01 , 6.981317e-01 , 6.981317e-01 , 6.981317e-01 , 6.981317e-01 , 6.981317e-01 , 6.981317e-01 , 6.981317e-01 , 6.981317e-01 , 6.981317e-01 , 6.981317e-01 , 6.981317e-01 , 6.981317e-01 , 6.981317e-01 , 6.981317e-01 , 6.981317e-01 , 6.981317e-01 , 6.981317e-01 , 6.981317e-01 , 6.981317e-01 , 6.981317e-01 , 6.981317e-01 , 6.981317e-01 , 6.981317e-01 , 6.981317e-01 , 6.981317e-01 , 6.981317e-01 , 6.981317e-01 , 6.981317e-01 , 6.981317e-01 , 6.981317e-01 , 6.981317e-01 , 6.981317e-01 , 6.981317e-01 , 6.981317e-01 , 6.981317e-01 , 6.981317e-01 , 6.981317e-01 , 6.981317e-01 , 6.981317e-01 , 6.981317e-01 , 6.981317e-01 , 6.981317e-01 , 6.981317e-01 , 6.981317e-01 ,]
