% ground truth for sim_inc20_az20.tif
% settings
number_of_spots = 50
pixel_size_nm = 51.200
image_size_nm = 14142.136
image_size_px = 275
wavelength = 500
par.objectiveNA = 2.17
objectiveFocalLength = 770
par.refractiveIndices = [1.310000e+00 , 2.170000e+00 , 2.170000e+00 ,]
par.nDiscretizationBFP = 129
par.backgroundNoise = 0.020
par.nPhotons = 500
positionX_nm_array = [-4.519183e+03 , -3.012191e+03 , -8.340409e+02 ,  3.861508e+03 , -2.266217e+03 , -2.049710e+03 , -2.641727e+03 , -3.341416e+02 ,  3.361613e+03 ,  1.207016e+03 ,  1.996270e+03 , -2.598379e+03 ,  7.802598e+02 ,  2.604617e+02 , -4.242665e+03 , -4.149932e+02 , -1.522073e+03 ,  4.557898e+03 , -3.498047e+02 , -4.085398e+03 , -3.789790e+03 , -4.069885e+03 ,  6.376730e+02 ,  3.791327e+03 ,  3.013225e+03 ,  2.772192e+03 , -2.510120e+03 ,  2.168384e+03 ,  2.877849e+03 ,  3.245629e+03 , -4.856060e+03 , -4.828746e+03 , -1.797909e+02 , -3.185080e+03 ,  1.581502e+03 ,  4.874747e+03 ,  4.403218e+03 , -4.603638e+03 ,  1.762392e+03 ,  1.517553e+03 ,  4.753081e+03 , -1.632118e+03 ,  2.520458e+03 , -4.579498e+02 ,  4.204547e+03 ,  5.403102e+02 ,  1.628777e+03 , -3.028447e+03 ,  1.050643e+03 , -3.611342e+03 ,]
positionY_nm_array = [-3.362914e+03 , -2.148479e+03 , -1.933666e+03 , -3.671399e+02 , -5.751522e+02 ,  2.099559e+03 , -4.634607e+03 ,  2.508910e+03 ,  1.353647e+03 , -2.356355e+02 , -3.279073e+03 ,  4.314157e+02 ,  2.988516e+03 ,  4.244550e+03 ,  4.630236e+03 , -4.465800e+03 ,  4.825839e+03 ,  2.325019e+03 , -8.958685e+02 ,  2.491032e+03 , -1.045125e+03 ,  1.490301e+03 , -3.559321e+03 ,  4.876510e+03 , -4.061799e+03 ,  2.422273e+03 , -3.150061e+03 ,  9.593265e+02 , -2.128142e+03 ,  3.383594e+03 , -4.320353e+03 ,  5.405844e+02 , -2.725553e+03 ,  3.581662e+03 , -4.587078e+03 , -5.487157e+02 , -2.438061e+03 ,  3.445253e+03 ,  3.462973e+03 , -1.915366e+03 ,  4.101147e+03 ,  3.471268e+03 , -8.279837e+00 ,  1.474620e+03 , -4.430444e+03 , -1.353235e+03 ,  1.888090e+03 ,  1.440154e+03 ,  9.101906e+02 , -4.105535e+03 ,]
angleInclination_array = [3.490659e-01 , 3.490659e-01 , 3.490659e-01 , 3.490659e-01 , 3.490659e-01 , 3.490659e-01 , 3.490659e-01 , 3.490659e-01 , 3.490659e-01 , 3.490659e-01 , 3.490659e-01 , 3.490659e-01 , 3.490659e-01 , 3.490659e-01 , 3.490659e-01 , 3.490659e-01 , 3.490659e-01 , 3.490659e-01 , 3.490659e-01 , 3.490659e-01 , 3.490659e-01 , 3.490659e-01 , 3.490659e-01 , 3.490659e-01 , 3.490659e-01 , 3.490659e-01 , 3.490659e-01 , 3.490659e-01 , 3.490659e-01 , 3.490659e-01 , 3.490659e-01 , 3.490659e-01 , 3.490659e-01 , 3.490659e-01 , 3.490659e-01 , 3.490659e-01 , 3.490659e-01 , 3.490659e-01 , 3.490659e-01 , 3.490659e-01 , 3.490659e-01 , 3.490659e-01 , 3.490659e-01 , 3.490659e-01 , 3.490659e-01 , 3.490659e-01 , 3.490659e-01 , 3.490659e-01 , 3.490659e-01 , 3.490659e-01 ,]
angleAzimuth_array = [3.490659e-01 , 3.490659e-01 , 3.490659e-01 , 3.490659e-01 , 3.490659e-01 , 3.490659e-01 , 3.490659e-01 , 3.490659e-01 , 3.490659e-01 , 3.490659e-01 , 3.490659e-01 , 3.490659e-01 , 3.490659e-01 , 3.490659e-01 , 3.490659e-01 , 3.490659e-01 , 3.490659e-01 , 3.490659e-01 , 3.490659e-01 , 3.490659e-01 , 3.490659e-01 , 3.490659e-01 , 3.490659e-01 , 3.490659e-01 , 3.490659e-01 , 3.490659e-01 , 3.490659e-01 , 3.490659e-01 , 3.490659e-01 , 3.490659e-01 , 3.490659e-01 , 3.490659e-01 , 3.490659e-01 , 3.490659e-01 , 3.490659e-01 , 3.490659e-01 , 3.490659e-01 , 3.490659e-01 , 3.490659e-01 , 3.490659e-01 , 3.490659e-01 , 3.490659e-01 , 3.490659e-01 , 3.490659e-01 , 3.490659e-01 , 3.490659e-01 , 3.490659e-01 , 3.490659e-01 , 3.490659e-01 , 3.490659e-01 ,]
