% ground truth for sim_inc120_az260.tif
% settings
number_of_spots = 50
pixel_size_nm = 51.200
image_size_nm = 14142.136
image_size_px = 275
wavelength = 500
par.objectiveNA = 2.17
objectiveFocalLength = 770
par.refractiveIndices = [1.310000e+00 , 2.170000e+00 , 2.170000e+00 ,]
par.nDiscretizationBFP = 129
par.backgroundNoise = 0.020
par.nPhotons = 500
positionX_nm_array = [1.737598e+03 , -7.901500e+02 , -2.712048e+03 , -4.506693e+03 , -1.084938e+03 , -4.845911e+03 , -1.740771e+03 ,  2.853122e+03 , -4.042197e+02 , -2.292207e+03 ,  4.436450e+03 ,  4.660373e+03 ,  4.826577e+02 ,  3.271863e+03 , -4.941425e+03 , -4.035827e+03 ,  7.222153e+02 ,  3.834593e+03 ,  1.058064e+03 , -3.316604e+02 ,  1.802272e+03 , -3.540277e+03 , -3.705160e+03 ,  3.975217e+03 ,  2.503986e+03 ,  3.960520e+03 ,  2.778279e+03 ,  1.620082e+03 , -3.581275e+03 ,  3.596151e+03 , -3.073067e+03 , -7.476529e+02 , -4.891266e+02 , -2.357078e+03 ,  2.127781e+02 , -3.719015e+03 , -4.141672e+03 , -3.098304e+03 ,  1.537813e+03 ,  7.795571e+02 ,  4.892075e+03 ,  2.959337e+03 , -4.902368e+03 ,  2.269302e+03 , -2.410215e+03 ,  4.882144e+03 , -2.142828e+03 , -3.737596e+03 , -5.950290e+02 ,  5.692824e+02 ,]
positionY_nm_array = [4.667736e+02 , -2.275490e+03 , -3.312376e+03 , -2.940584e+03 , -4.418459e+03 ,  3.478700e+03 ,  4.431669e+03 ,  3.751494e+03 ,  2.597901e+03 ,  1.843520e+03 , -4.063387e+03 ,  3.140946e+03 , -4.636881e+03 ,  1.576627e+02 , -7.290244e+02 ,  4.624707e+02 ,  2.108537e+03 , -2.832564e+03 , -2.237944e+03 , -1.180829e+03 ,  2.692650e+03 , -1.053469e+03 , -2.265692e+03 , -6.632954e+02 , -3.224865e+03 ,  1.059187e+03 , -1.366892e+03 , -8.718411e+02 ,  4.665924e+03 ,  4.664887e+03 ,  1.179471e+03 ,  1.607000e+03 ,  4.528009e+02 , -1.447105e+03 ,  3.665863e+03 ,  3.444093e+03 , -4.296289e+03 , -4.702139e+03 ,  4.791867e+03 , -3.410915e+03 ,  1.805248e+03 ,  2.332013e+03 ,  1.190818e+03 , -4.209543e+03 ,  3.621488e+03 , -1.210796e+03 , -2.434246e+03 ,  2.247111e+03 , -3.473955e+03 ,  7.638645e+02 ,]
angleInclination_array = [2.094395e+00 , 2.094395e+00 , 2.094395e+00 , 2.094395e+00 , 2.094395e+00 , 2.094395e+00 , 2.094395e+00 , 2.094395e+00 , 2.094395e+00 , 2.094395e+00 , 2.094395e+00 , 2.094395e+00 , 2.094395e+00 , 2.094395e+00 , 2.094395e+00 , 2.094395e+00 , 2.094395e+00 , 2.094395e+00 , 2.094395e+00 , 2.094395e+00 , 2.094395e+00 , 2.094395e+00 , 2.094395e+00 , 2.094395e+00 , 2.094395e+00 , 2.094395e+00 , 2.094395e+00 , 2.094395e+00 , 2.094395e+00 , 2.094395e+00 , 2.094395e+00 , 2.094395e+00 , 2.094395e+00 , 2.094395e+00 , 2.094395e+00 , 2.094395e+00 , 2.094395e+00 , 2.094395e+00 , 2.094395e+00 , 2.094395e+00 , 2.094395e+00 , 2.094395e+00 , 2.094395e+00 , 2.094395e+00 , 2.094395e+00 , 2.094395e+00 , 2.094395e+00 , 2.094395e+00 , 2.094395e+00 , 2.094395e+00 ,]
angleAzimuth_array = [4.537856e+00 , 4.537856e+00 , 4.537856e+00 , 4.537856e+00 , 4.537856e+00 , 4.537856e+00 , 4.537856e+00 , 4.537856e+00 , 4.537856e+00 , 4.537856e+00 , 4.537856e+00 , 4.537856e+00 , 4.537856e+00 , 4.537856e+00 , 4.537856e+00 , 4.537856e+00 , 4.537856e+00 , 4.537856e+00 , 4.537856e+00 , 4.537856e+00 , 4.537856e+00 , 4.537856e+00 , 4.537856e+00 , 4.537856e+00 , 4.537856e+00 , 4.537856e+00 , 4.537856e+00 , 4.537856e+00 , 4.537856e+00 , 4.537856e+00 , 4.537856e+00 , 4.537856e+00 , 4.537856e+00 , 4.537856e+00 , 4.537856e+00 , 4.537856e+00 , 4.537856e+00 , 4.537856e+00 , 4.537856e+00 , 4.537856e+00 , 4.537856e+00 , 4.537856e+00 , 4.537856e+00 , 4.537856e+00 , 4.537856e+00 , 4.537856e+00 , 4.537856e+00 , 4.537856e+00 , 4.537856e+00 , 4.537856e+00 ,]
