% ground truth for sim_inc150_az60.tif
% settings
number_of_spots = 50
pixel_size_nm = 51.200
image_size_nm = 14142.136
image_size_px = 275
wavelength = 500
par.objectiveNA = 2.17
objectiveFocalLength = 770
par.refractiveIndices = [1.310000e+00 , 2.170000e+00 , 2.170000e+00 ,]
par.nDiscretizationBFP = 129
par.backgroundNoise = 0.020
par.nPhotons = 500
positionX_nm_array = [3.879939e+03 , -4.102009e+03 ,  2.595367e+03 , -1.093481e+03 ,  4.702739e+03 ,  8.430397e+02 ,  1.842366e+03 , -4.457621e+03 ,  4.290372e+03 , -1.272566e+03 , -4.411221e+03 , -3.139356e+03 ,  4.297609e+03 ,  2.909419e+03 , -1.395260e+03 , -2.805105e+03 , -6.712306e+02 , -2.116297e+02 , -4.819269e+03 ,  2.571125e+03 ,  3.156460e+03 ,  1.588380e+03 , -2.386081e+03 ,  1.556703e+03 ,  4.734137e+03 , -1.916456e+03 , -2.234372e+03 ,  1.622396e+01 , -2.272510e+03 ,  4.623672e+03 ,  9.310781e+02 , -2.181264e+03 ,  3.817869e+03 ,  3.990245e+03 , -3.289682e+03 ,  1.260525e+03 , -3.428209e+03 , -2.604111e+03 , -8.099681e+02 , -4.720231e+03 ,  2.388652e+03 ,  1.761278e+01 ,  2.865943e+03 ,  1.133368e+02 ,  3.401553e+03 ,  4.722147e+03 ,  2.619815e+03 , -3.463034e+03 ,  1.072627e+03 ,  8.389916e+02 ,]
positionY_nm_array = [7.148414e+02 , -2.319502e+03 ,  1.950909e+03 ,  8.465126e+02 ,  4.819654e+03 ,  2.330649e+03 ,  2.997049e+01 ,  5.448056e+02 ,  1.642220e+03 , -1.796918e+03 ,  3.200269e+03 , -3.994155e+03 , -4.436543e+03 ,  4.517765e+03 ,  4.282111e+03 , -1.657196e+03 , -3.754668e+03 , -7.009696e+02 , -7.901136e+02 , -4.048932e+03 , -2.081023e+03 , -3.141443e+03 ,  2.544414e+03 , -1.248632e+03 ,  6.507086e+01 , -2.368105e+02 ,  1.189953e+03 ,  4.411599e+03 , -3.147766e+03 , -2.158333e+03 ,  4.819841e+03 , -4.737504e+03 , -3.397287e+03 , -1.187499e+03 ,  6.296766e+02 ,  1.281772e+03 ,  2.317912e+03 ,  4.895616e+03 ,  2.993126e+03 , -3.335071e+03 ,  3.569695e+03 ,  7.497206e+02 , -7.681021e+02 , -3.039138e+03 ,  3.494732e+03 ,  3.674142e+03 ,  8.298373e+02 , -6.564408e+02 , -2.146779e+03 , -4.269878e+03 ,]
angleInclination_array = [2.617994e+00 , 2.617994e+00 , 2.617994e+00 , 2.617994e+00 , 2.617994e+00 , 2.617994e+00 , 2.617994e+00 , 2.617994e+00 , 2.617994e+00 , 2.617994e+00 , 2.617994e+00 , 2.617994e+00 , 2.617994e+00 , 2.617994e+00 , 2.617994e+00 , 2.617994e+00 , 2.617994e+00 , 2.617994e+00 , 2.617994e+00 , 2.617994e+00 , 2.617994e+00 , 2.617994e+00 , 2.617994e+00 , 2.617994e+00 , 2.617994e+00 , 2.617994e+00 , 2.617994e+00 , 2.617994e+00 , 2.617994e+00 , 2.617994e+00 , 2.617994e+00 , 2.617994e+00 , 2.617994e+00 , 2.617994e+00 , 2.617994e+00 , 2.617994e+00 , 2.617994e+00 , 2.617994e+00 , 2.617994e+00 , 2.617994e+00 , 2.617994e+00 , 2.617994e+00 , 2.617994e+00 , 2.617994e+00 , 2.617994e+00 , 2.617994e+00 , 2.617994e+00 , 2.617994e+00 , 2.617994e+00 , 2.617994e+00 ,]
angleAzimuth_array = [1.047198e+00 , 1.047198e+00 , 1.047198e+00 , 1.047198e+00 , 1.047198e+00 , 1.047198e+00 , 1.047198e+00 , 1.047198e+00 , 1.047198e+00 , 1.047198e+00 , 1.047198e+00 , 1.047198e+00 , 1.047198e+00 , 1.047198e+00 , 1.047198e+00 , 1.047198e+00 , 1.047198e+00 , 1.047198e+00 , 1.047198e+00 , 1.047198e+00 , 1.047198e+00 , 1.047198e+00 , 1.047198e+00 , 1.047198e+00 , 1.047198e+00 , 1.047198e+00 , 1.047198e+00 , 1.047198e+00 , 1.047198e+00 , 1.047198e+00 , 1.047198e+00 , 1.047198e+00 , 1.047198e+00 , 1.047198e+00 , 1.047198e+00 , 1.047198e+00 , 1.047198e+00 , 1.047198e+00 , 1.047198e+00 , 1.047198e+00 , 1.047198e+00 , 1.047198e+00 , 1.047198e+00 , 1.047198e+00 , 1.047198e+00 , 1.047198e+00 , 1.047198e+00 , 1.047198e+00 , 1.047198e+00 , 1.047198e+00 ,]
