% ground truth for sim_inc140_az100.tif
% settings
number_of_spots = 50
pixel_size_nm = 51.200
image_size_nm = 14142.136
image_size_px = 275
wavelength = 500
par.objectiveNA = 2.17
objectiveFocalLength = 770
par.refractiveIndices = [1.310000e+00 , 2.170000e+00 , 2.170000e+00 ,]
par.nDiscretizationBFP = 129
par.backgroundNoise = 0.020
par.nPhotons = 500
positionX_nm_array = [-1.479224e+03 ,  1.425648e+03 , -2.566991e+03 ,  4.092697e+03 ,  2.353365e+03 , -4.885794e+03 , -7.300156e+02 , -1.151819e+03 ,  1.280086e+03 , -4.416710e+02 , -3.612139e+03 ,  3.422429e+02 ,  3.365386e+03 ,  1.941836e+03 ,  2.760894e+03 ,  9.615845e+02 ,  4.928399e+03 , -2.680077e+03 ,  3.211631e+03 , -4.403015e+03 ,  4.236857e+03 ,  3.029322e+03 ,  2.864045e+03 ,  4.285097e+03 ,  2.206195e+03 , -3.868951e+03 ,  3.832325e+03 ,  1.421624e+03 , -4.113794e+03 , -1.913116e+03 , -3.468736e+03 ,  4.909045e+03 ,  4.178146e+02 , -2.589300e+03 , -2.623611e+02 , -3.280463e+03 ,  4.880371e+03 , -1.472993e+03 , -4.521580e+02 , -3.775064e+03 ,  1.333023e+02 ,  2.933129e+03 , -5.602523e+02 , -4.528280e+03 , -3.445582e+03 , -3.383076e+03 ,  8.923988e+02 , -1.923666e+03 , -4.797928e+03 ,  4.922667e+03 ,]
positionY_nm_array = [-1.519967e+03 , -3.160076e+03 ,  2.730725e+03 , -1.059171e+02 ,  5.648559e+02 , -1.971376e+03 , -3.276827e+03 ,  3.122866e+02 ,  1.722493e+03 , -1.145261e+03 ,  2.841756e+03 ,  2.448080e+03 ,  1.425848e+03 ,  3.945643e+03 , -3.329713e+03 ,  4.592422e+03 ,  4.612794e+03 , -4.043861e+03 , -1.762470e+03 ,  3.370254e+02 , -3.059397e+03 ,  4.634822e+03 ,  3.042720e+03 ,  3.171402e+03 , -7.774593e+02 , -4.947735e+03 , -4.225606e+03 , -1.476227e+03 , -3.949523e+03 , -3.115800e+03 ,  4.614138e+03 , -4.115153e+03 ,  6.363444e+00 ,  6.469856e+02 , -4.844018e+03 , -1.516391e+02 , -9.038828e+02 ,  1.944870e+03 ,  1.182229e+03 ,  1.136991e+03 , -3.907776e+03 , -4.732371e+03 ,  4.214620e+03 ,  4.214834e+03 , -2.609178e+03 , -1.605052e+03 , -4.783781e+03 ,  4.446379e+03 ,  2.418388e+03 , -2.225838e+03 ,]
angleInclination_array = [2.443461e+00 , 2.443461e+00 , 2.443461e+00 , 2.443461e+00 , 2.443461e+00 , 2.443461e+00 , 2.443461e+00 , 2.443461e+00 , 2.443461e+00 , 2.443461e+00 , 2.443461e+00 , 2.443461e+00 , 2.443461e+00 , 2.443461e+00 , 2.443461e+00 , 2.443461e+00 , 2.443461e+00 , 2.443461e+00 , 2.443461e+00 , 2.443461e+00 , 2.443461e+00 , 2.443461e+00 , 2.443461e+00 , 2.443461e+00 , 2.443461e+00 , 2.443461e+00 , 2.443461e+00 , 2.443461e+00 , 2.443461e+00 , 2.443461e+00 , 2.443461e+00 , 2.443461e+00 , 2.443461e+00 , 2.443461e+00 , 2.443461e+00 , 2.443461e+00 , 2.443461e+00 , 2.443461e+00 , 2.443461e+00 , 2.443461e+00 , 2.443461e+00 , 2.443461e+00 , 2.443461e+00 , 2.443461e+00 , 2.443461e+00 , 2.443461e+00 , 2.443461e+00 , 2.443461e+00 , 2.443461e+00 , 2.443461e+00 ,]
angleAzimuth_array = [1.745329e+00 , 1.745329e+00 , 1.745329e+00 , 1.745329e+00 , 1.745329e+00 , 1.745329e+00 , 1.745329e+00 , 1.745329e+00 , 1.745329e+00 , 1.745329e+00 , 1.745329e+00 , 1.745329e+00 , 1.745329e+00 , 1.745329e+00 , 1.745329e+00 , 1.745329e+00 , 1.745329e+00 , 1.745329e+00 , 1.745329e+00 , 1.745329e+00 , 1.745329e+00 , 1.745329e+00 , 1.745329e+00 , 1.745329e+00 , 1.745329e+00 , 1.745329e+00 , 1.745329e+00 , 1.745329e+00 , 1.745329e+00 , 1.745329e+00 , 1.745329e+00 , 1.745329e+00 , 1.745329e+00 , 1.745329e+00 , 1.745329e+00 , 1.745329e+00 , 1.745329e+00 , 1.745329e+00 , 1.745329e+00 , 1.745329e+00 , 1.745329e+00 , 1.745329e+00 , 1.745329e+00 , 1.745329e+00 , 1.745329e+00 , 1.745329e+00 , 1.745329e+00 , 1.745329e+00 , 1.745329e+00 , 1.745329e+00 ,]
