% ground truth for sim_inc80_az80.tif
% settings
number_of_spots = 50
pixel_size_nm = 51.200
image_size_nm = 14142.136
image_size_px = 275
wavelength = 500
par.objectiveNA = 2.17
objectiveFocalLength = 770
par.refractiveIndices = [1.310000e+00 , 2.170000e+00 , 2.170000e+00 ,]
par.nDiscretizationBFP = 129
par.backgroundNoise = 0.020
par.nPhotons = 500
positionX_nm_array = [-3.515254e+03 , -4.772943e+03 ,  4.792837e+03 ,  3.164112e+03 , -1.339108e+03 , -4.534540e+03 ,  1.011831e+03 ,  1.698582e+03 , -2.544052e+03 ,  3.133865e+03 ,  4.515132e+03 ,  4.604065e+03 , -4.319383e+02 ,  1.791030e+03 , -3.145588e+03 ,  3.933980e+03 ,  2.198926e+03 ,  3.334490e+03 ,  4.530027e+03 ,  1.022559e+03 ,  5.260400e+02 , -1.053388e+02 , -1.961140e+02 , -3.290553e+03 , -4.751132e+03 , -7.293279e+02 , -2.871153e+03 ,  3.762300e+03 , -9.320677e+02 ,  1.396196e+03 , -4.439933e+03 , -1.260431e+03 ,  2.581137e+03 ,  4.510022e+03 , -1.975422e+03 , -4.277136e+03 ,  1.613830e+03 , -1.426289e+03 , -4.803937e+03 , -4.552156e+03 ,  2.929057e+03 ,  5.263792e+02 , -3.510403e+03 , -1.322885e+03 , -2.450835e+03 , -4.733076e+03 , -2.807754e+03 ,  6.998933e+02 ,  2.895956e+03 , -2.826242e+03 ,]
positionY_nm_array = [-4.329309e+03 ,  1.477704e+03 ,  5.125224e+02 , -3.564841e+03 , -2.606033e+03 , -6.084675e+02 ,  2.852398e+03 , -4.654185e+03 ,  4.763439e+03 ,  4.673172e+03 , -2.457001e+03 ,  4.381749e+03 , -3.048352e+03 ,  4.477580e+03 , -1.421744e+03 , -4.779611e+03 ,  1.719853e+03 ,  2.406190e+03 , -6.641170e+02 ,  7.357342e+02 , -3.853859e+03 ,  4.050851e+03 ,  1.628039e+03 ,  2.203735e+02 , -4.906062e+03 , -6.665542e+02 ,  3.047172e+03 ,  3.448232e+02 ,  2.443119e+03 , -2.701922e+03 ,  3.610403e+03 ,  3.708413e+03 , -1.690455e+03 ,  2.309269e+03 , -2.188910e+02 , -2.902981e+03 , -8.529727e+02 ,  9.227484e+02 , -1.919226e+03 ,  4.693400e+03 ,  3.614902e+03 , -1.739354e+03 ,  2.197209e+03 , -4.138620e+03 ,  1.241092e+03 , -3.897335e+03 , -3.440430e+03 , -4.945868e+03 , -6.747011e+02 , -2.420108e+03 ,]
angleInclination_array = [1.396263e+00 , 1.396263e+00 , 1.396263e+00 , 1.396263e+00 , 1.396263e+00 , 1.396263e+00 , 1.396263e+00 , 1.396263e+00 , 1.396263e+00 , 1.396263e+00 , 1.396263e+00 , 1.396263e+00 , 1.396263e+00 , 1.396263e+00 , 1.396263e+00 , 1.396263e+00 , 1.396263e+00 , 1.396263e+00 , 1.396263e+00 , 1.396263e+00 , 1.396263e+00 , 1.396263e+00 , 1.396263e+00 , 1.396263e+00 , 1.396263e+00 , 1.396263e+00 , 1.396263e+00 , 1.396263e+00 , 1.396263e+00 , 1.396263e+00 , 1.396263e+00 , 1.396263e+00 , 1.396263e+00 , 1.396263e+00 , 1.396263e+00 , 1.396263e+00 , 1.396263e+00 , 1.396263e+00 , 1.396263e+00 , 1.396263e+00 , 1.396263e+00 , 1.396263e+00 , 1.396263e+00 , 1.396263e+00 , 1.396263e+00 , 1.396263e+00 , 1.396263e+00 , 1.396263e+00 , 1.396263e+00 , 1.396263e+00 ,]
angleAzimuth_array = [1.396263e+00 , 1.396263e+00 , 1.396263e+00 , 1.396263e+00 , 1.396263e+00 , 1.396263e+00 , 1.396263e+00 , 1.396263e+00 , 1.396263e+00 , 1.396263e+00 , 1.396263e+00 , 1.396263e+00 , 1.396263e+00 , 1.396263e+00 , 1.396263e+00 , 1.396263e+00 , 1.396263e+00 , 1.396263e+00 , 1.396263e+00 , 1.396263e+00 , 1.396263e+00 , 1.396263e+00 , 1.396263e+00 , 1.396263e+00 , 1.396263e+00 , 1.396263e+00 , 1.396263e+00 , 1.396263e+00 , 1.396263e+00 , 1.396263e+00 , 1.396263e+00 , 1.396263e+00 , 1.396263e+00 , 1.396263e+00 , 1.396263e+00 , 1.396263e+00 , 1.396263e+00 , 1.396263e+00 , 1.396263e+00 , 1.396263e+00 , 1.396263e+00 , 1.396263e+00 , 1.396263e+00 , 1.396263e+00 , 1.396263e+00 , 1.396263e+00 , 1.396263e+00 , 1.396263e+00 , 1.396263e+00 , 1.396263e+00 ,]
