% ground truth for sim_inc160_az240.tif
% settings
number_of_spots = 50
pixel_size_nm = 51.200
image_size_nm = 14142.136
image_size_px = 275
wavelength = 500
par.objectiveNA = 2.17
objectiveFocalLength = 770
par.refractiveIndices = [1.310000e+00 , 2.170000e+00 , 2.170000e+00 ,]
par.nDiscretizationBFP = 129
par.backgroundNoise = 0.020
par.nPhotons = 500
positionX_nm_array = [1.280631e+02 ,  2.761969e+03 ,  3.703810e+03 , -2.033336e+03 ,  4.844028e+02 , -2.674687e+03 , -4.777733e+02 , -4.228733e+03 , -2.975524e+03 , -4.543216e+03 , -1.404485e+03 , -1.418084e+03 ,  7.121973e+02 ,  4.564166e+03 ,  2.051635e+03 ,  2.549568e+03 , -2.088928e+03 , -3.149006e+03 ,  9.997637e+02 , -4.462779e+03 , -4.726889e+02 , -4.762627e+03 , -2.933578e+02 , -3.423215e+03 , -2.321192e+03 ,  1.430037e+03 ,  4.791952e+03 ,  9.548700e+02 , -4.904933e+03 , -4.269630e+02 ,  3.146747e+03 , -3.580223e+03 ,  2.268537e+03 , -6.165167e+02 ,  3.455338e+03 , -2.571595e+03 , -4.818889e+03 ,  3.456363e+03 , -1.765345e+03 ,  4.126079e+03 , -2.449807e+03 ,  4.159295e+03 ,  3.812710e+03 ,  1.114294e+03 ,  1.488595e+03 ,  4.877708e+03 ,  2.977546e+03 ,  2.006256e+03 , -2.780824e+03 , -1.539217e+03 ,]
positionY_nm_array = [-1.712096e+03 , -2.509201e+03 , -1.887741e+03 ,  3.358225e+03 ,  1.188289e+03 , -1.151739e+03 , -4.461811e+03 ,  1.448982e+02 ,  4.271907e+03 , -1.612432e+03 , -3.129139e+03 , -1.372669e+03 ,  3.366794e+03 , -3.290916e+03 ,  7.770923e+02 ,  2.178857e+03 ,  1.952394e+03 ,  3.269586e+03 , -3.059094e+02 , -3.115754e+03 ,  1.886671e+03 , -4.368211e+03 ,  1.452300e+02 , -4.184770e+03 , -3.721614e+03 ,  1.916629e+03 ,  4.072338e+03 , -3.571424e+03 ,  1.994414e+03 , -2.879457e+03 ,  8.867118e+02 ,  1.894294e+03 ,  3.965416e+03 ,  3.448766e+03 , -7.934758e+02 ,  9.391242e+02 ,  3.944988e+03 ,  3.339727e+03 ,  9.045715e+00 ,  2.390515e+03 , -2.292071e+03 ,  6.653116e+02 ,  4.454122e+03 ,  4.835724e+03 , -1.500133e+03 , -2.125243e+03 , -4.012410e+03 , -3.306356e+03 , -1.367729e+02 , -4.426140e+03 ,]
angleInclination_array = [2.792527e+00 , 2.792527e+00 , 2.792527e+00 , 2.792527e+00 , 2.792527e+00 , 2.792527e+00 , 2.792527e+00 , 2.792527e+00 , 2.792527e+00 , 2.792527e+00 , 2.792527e+00 , 2.792527e+00 , 2.792527e+00 , 2.792527e+00 , 2.792527e+00 , 2.792527e+00 , 2.792527e+00 , 2.792527e+00 , 2.792527e+00 , 2.792527e+00 , 2.792527e+00 , 2.792527e+00 , 2.792527e+00 , 2.792527e+00 , 2.792527e+00 , 2.792527e+00 , 2.792527e+00 , 2.792527e+00 , 2.792527e+00 , 2.792527e+00 , 2.792527e+00 , 2.792527e+00 , 2.792527e+00 , 2.792527e+00 , 2.792527e+00 , 2.792527e+00 , 2.792527e+00 , 2.792527e+00 , 2.792527e+00 , 2.792527e+00 , 2.792527e+00 , 2.792527e+00 , 2.792527e+00 , 2.792527e+00 , 2.792527e+00 , 2.792527e+00 , 2.792527e+00 , 2.792527e+00 , 2.792527e+00 , 2.792527e+00 ,]
angleAzimuth_array = [4.188790e+00 , 4.188790e+00 , 4.188790e+00 , 4.188790e+00 , 4.188790e+00 , 4.188790e+00 , 4.188790e+00 , 4.188790e+00 , 4.188790e+00 , 4.188790e+00 , 4.188790e+00 , 4.188790e+00 , 4.188790e+00 , 4.188790e+00 , 4.188790e+00 , 4.188790e+00 , 4.188790e+00 , 4.188790e+00 , 4.188790e+00 , 4.188790e+00 , 4.188790e+00 , 4.188790e+00 , 4.188790e+00 , 4.188790e+00 , 4.188790e+00 , 4.188790e+00 , 4.188790e+00 , 4.188790e+00 , 4.188790e+00 , 4.188790e+00 , 4.188790e+00 , 4.188790e+00 , 4.188790e+00 , 4.188790e+00 , 4.188790e+00 , 4.188790e+00 , 4.188790e+00 , 4.188790e+00 , 4.188790e+00 , 4.188790e+00 , 4.188790e+00 , 4.188790e+00 , 4.188790e+00 , 4.188790e+00 , 4.188790e+00 , 4.188790e+00 , 4.188790e+00 , 4.188790e+00 , 4.188790e+00 , 4.188790e+00 ,]
