% ground truth for sim_inc10_az80.tif
% settings
number_of_spots = 50
pixel_size_nm = 51.200
image_size_nm = 14142.136
image_size_px = 275
wavelength = 500
par.objectiveNA = 2.17
objectiveFocalLength = 770
par.refractiveIndices = [1.310000e+00 , 2.170000e+00 , 2.170000e+00 ,]
par.nDiscretizationBFP = 129
par.backgroundNoise = 0.020
par.nPhotons = 500
positionX_nm_array = [-5.753267e+02 ,  1.449094e+03 ,  4.932588e+03 ,  7.386398e+02 , -4.434771e+03 ,  3.915428e+03 ,  1.910536e+03 , -1.754660e+03 ,  3.184546e+03 , -1.869540e+03 , -3.690612e+03 , -3.530761e+03 , -1.724987e+03 ,  4.267816e+03 ,  2.882442e+03 , -2.653742e+03 ,  4.620595e+03 ,  4.938957e+03 , -3.793293e+03 ,  6.611477e+02 , -9.238401e+02 ,  3.467704e+02 , -5.356370e+02 , -2.959518e+03 , -1.191898e+02 , -1.236776e+03 , -1.897641e+03 ,  2.762041e+03 ,  2.883405e+03 , -3.325566e+03 ,  2.537337e+03 ,  2.813214e+03 , -2.996634e+03 , -3.662457e+03 , -4.111721e+03 ,  7.077721e+01 ,  4.450202e+03 , -5.591894e+01 , -2.118981e+03 ,  2.070376e+03 , -1.108219e+03 , -3.702960e+03 , -4.114701e+03 , -4.726502e+03 ,  4.047511e+03 , -4.909522e+03 ,  3.528186e+03 ,  1.086887e+03 , -1.713737e+03 ,  1.677359e+03 ,]
positionY_nm_array = [4.220103e+03 , -3.996527e+03 , -2.592198e+03 ,  8.699633e+02 ,  2.148210e+03 , -4.267380e+03 ,  2.677038e+02 , -2.229186e+03 ,  7.084406e+02 ,  2.832729e+02 , -3.690458e+02 , -4.918160e+03 ,  4.335809e+03 ,  3.702785e+03 , -1.640080e+03 , -2.978141e+03 ,  1.069640e+03 ,  3.398283e+01 , -3.345702e+03 ,  4.296641e+03 ,  2.168270e+03 , -2.474678e+03 ,  3.537682e+02 ,  4.137723e+03 , -3.788139e+03 , -3.762755e+03 ,  1.631836e+03 , -4.890923e+03 ,  3.728575e+03 ,  2.123440e+03 ,  2.326362e+03 , -3.782253e+03 , -1.247579e+03 , -2.040154e+03 ,  1.105081e+03 , -7.692008e+02 , -1.447514e+03 ,  2.739805e+03 ,  3.112041e+03 , -2.929630e+03 ,  3.218789e+03 ,  3.095706e+03 ,  4.818882e+03 , -6.325304e+02 ,  2.262224e+03 ,  4.154288e+03 , -2.676008e+03 , -4.850820e+02 , -1.117291e+03 , -1.835909e+03 ,]
angleInclination_array = [1.745329e-01 , 1.745329e-01 , 1.745329e-01 , 1.745329e-01 , 1.745329e-01 , 1.745329e-01 , 1.745329e-01 , 1.745329e-01 , 1.745329e-01 , 1.745329e-01 , 1.745329e-01 , 1.745329e-01 , 1.745329e-01 , 1.745329e-01 , 1.745329e-01 , 1.745329e-01 , 1.745329e-01 , 1.745329e-01 , 1.745329e-01 , 1.745329e-01 , 1.745329e-01 , 1.745329e-01 , 1.745329e-01 , 1.745329e-01 , 1.745329e-01 , 1.745329e-01 , 1.745329e-01 , 1.745329e-01 , 1.745329e-01 , 1.745329e-01 , 1.745329e-01 , 1.745329e-01 , 1.745329e-01 , 1.745329e-01 , 1.745329e-01 , 1.745329e-01 , 1.745329e-01 , 1.745329e-01 , 1.745329e-01 , 1.745329e-01 , 1.745329e-01 , 1.745329e-01 , 1.745329e-01 , 1.745329e-01 , 1.745329e-01 , 1.745329e-01 , 1.745329e-01 , 1.745329e-01 , 1.745329e-01 , 1.745329e-01 ,]
angleAzimuth_array = [1.396263e+00 , 1.396263e+00 , 1.396263e+00 , 1.396263e+00 , 1.396263e+00 , 1.396263e+00 , 1.396263e+00 , 1.396263e+00 , 1.396263e+00 , 1.396263e+00 , 1.396263e+00 , 1.396263e+00 , 1.396263e+00 , 1.396263e+00 , 1.396263e+00 , 1.396263e+00 , 1.396263e+00 , 1.396263e+00 , 1.396263e+00 , 1.396263e+00 , 1.396263e+00 , 1.396263e+00 , 1.396263e+00 , 1.396263e+00 , 1.396263e+00 , 1.396263e+00 , 1.396263e+00 , 1.396263e+00 , 1.396263e+00 , 1.396263e+00 , 1.396263e+00 , 1.396263e+00 , 1.396263e+00 , 1.396263e+00 , 1.396263e+00 , 1.396263e+00 , 1.396263e+00 , 1.396263e+00 , 1.396263e+00 , 1.396263e+00 , 1.396263e+00 , 1.396263e+00 , 1.396263e+00 , 1.396263e+00 , 1.396263e+00 , 1.396263e+00 , 1.396263e+00 , 1.396263e+00 , 1.396263e+00 , 1.396263e+00 ,]
