% ground truth for sim_inc160_az300.tif
% settings
number_of_spots = 50
pixel_size_nm = 51.200
image_size_nm = 14142.136
image_size_px = 275
wavelength = 500
par.objectiveNA = 2.17
objectiveFocalLength = 770
par.refractiveIndices = [1.310000e+00 , 2.170000e+00 , 2.170000e+00 ,]
par.nDiscretizationBFP = 129
par.backgroundNoise = 0.020
par.nPhotons = 500
positionX_nm_array = [-2.233326e+02 ,  1.110537e+02 , -1.890987e+03 ,  2.585958e+03 ,  4.240033e+03 ,  4.744843e+03 , -4.073433e+03 , -1.225492e+03 ,  9.017946e+02 , -1.664803e+03 ,  1.146856e+03 , -8.750275e+02 , -8.236590e+02 , -3.736171e+03 ,  4.723000e+03 , -1.851494e+03 , -4.042781e+03 ,  2.012870e+03 ,  2.866055e+03 , -9.212331e+02 , -3.475021e+03 , -2.227096e+03 ,  4.048283e+03 ,  2.276326e+03 , -2.206592e+03 , -4.819531e+03 ,  4.406227e+03 ,  2.211831e+03 , -8.859617e+02 , -3.982258e+03 , -2.970062e+03 ,  1.063215e+03 ,  2.010699e+02 ,  1.094675e+03 , -4.529337e+03 ,  2.707860e+03 , -4.156039e+03 ,  1.717911e+03 , -4.512388e+03 , -2.236926e+03 ,  3.544578e+03 ,  3.097275e+03 ,  1.364188e+03 , -3.047424e+03 ,  1.636499e+02 ,  3.394701e+03 , -2.811744e+03 ,  3.337557e+03 , -1.130101e+02 , -3.576277e+03 ,]
positionY_nm_array = [-4.547734e+03 ,  1.045247e+03 , -1.105430e+03 , -4.476272e+01 ,  8.510017e+02 , -4.247580e+03 ,  1.801095e+03 ,  4.658468e+03 , -1.324575e+03 ,  3.383043e+03 ,  2.095672e+03 , -3.152728e+03 , -1.269744e+03 , -4.845591e+03 ,  2.139519e+03 , -4.690198e+03 ,  4.075229e+03 , -3.922322e+03 , -4.740980e+03 ,  6.589366e+02 ,  2.783533e+03 , -2.207111e+03 ,  3.638573e+03 ,  1.459635e+03 ,  5.897468e+02 ,  4.045273e+02 , -1.253326e+03 , -2.276735e+03 ,  2.296921e+03 , -2.052552e+03 ,  4.144424e+03 ,  6.369763e+02 ,  2.608258e+03 , -3.025701e+03 ,  2.844145e+03 , -1.148799e+03 , -8.305091e+02 , -5.690809e+02 , -3.254685e+03 ,  1.792506e+03 , -3.538318e+03 ,  4.390321e+03 ,  3.092863e+03 ,  1.180219e+03 , -2.609377e+03 ,  1.569532e+03 , -3.884940e+03 , -2.091417e+03 ,  4.003956e+03 , -4.417001e+00 ,]
angleInclination_array = [2.792527e+00 , 2.792527e+00 , 2.792527e+00 , 2.792527e+00 , 2.792527e+00 , 2.792527e+00 , 2.792527e+00 , 2.792527e+00 , 2.792527e+00 , 2.792527e+00 , 2.792527e+00 , 2.792527e+00 , 2.792527e+00 , 2.792527e+00 , 2.792527e+00 , 2.792527e+00 , 2.792527e+00 , 2.792527e+00 , 2.792527e+00 , 2.792527e+00 , 2.792527e+00 , 2.792527e+00 , 2.792527e+00 , 2.792527e+00 , 2.792527e+00 , 2.792527e+00 , 2.792527e+00 , 2.792527e+00 , 2.792527e+00 , 2.792527e+00 , 2.792527e+00 , 2.792527e+00 , 2.792527e+00 , 2.792527e+00 , 2.792527e+00 , 2.792527e+00 , 2.792527e+00 , 2.792527e+00 , 2.792527e+00 , 2.792527e+00 , 2.792527e+00 , 2.792527e+00 , 2.792527e+00 , 2.792527e+00 , 2.792527e+00 , 2.792527e+00 , 2.792527e+00 , 2.792527e+00 , 2.792527e+00 , 2.792527e+00 ,]
angleAzimuth_array = [5.235988e+00 , 5.235988e+00 , 5.235988e+00 , 5.235988e+00 , 5.235988e+00 , 5.235988e+00 , 5.235988e+00 , 5.235988e+00 , 5.235988e+00 , 5.235988e+00 , 5.235988e+00 , 5.235988e+00 , 5.235988e+00 , 5.235988e+00 , 5.235988e+00 , 5.235988e+00 , 5.235988e+00 , 5.235988e+00 , 5.235988e+00 , 5.235988e+00 , 5.235988e+00 , 5.235988e+00 , 5.235988e+00 , 5.235988e+00 , 5.235988e+00 , 5.235988e+00 , 5.235988e+00 , 5.235988e+00 , 5.235988e+00 , 5.235988e+00 , 5.235988e+00 , 5.235988e+00 , 5.235988e+00 , 5.235988e+00 , 5.235988e+00 , 5.235988e+00 , 5.235988e+00 , 5.235988e+00 , 5.235988e+00 , 5.235988e+00 , 5.235988e+00 , 5.235988e+00 , 5.235988e+00 , 5.235988e+00 , 5.235988e+00 , 5.235988e+00 , 5.235988e+00 , 5.235988e+00 , 5.235988e+00 , 5.235988e+00 ,]
