% ground truth for sim_inc30_az80.tif
% settings
number_of_spots = 50
pixel_size_nm = 51.200
image_size_nm = 14142.136
image_size_px = 275
wavelength = 500
par.objectiveNA = 2.17
objectiveFocalLength = 770
par.refractiveIndices = [1.310000e+00 , 2.170000e+00 , 2.170000e+00 ,]
par.nDiscretizationBFP = 129
par.backgroundNoise = 0.020
par.nPhotons = 500
positionX_nm_array = [5.480777e+02 , -3.873631e+03 , -2.611895e+03 ,  4.351084e+03 ,  2.885134e+03 , -2.830004e+03 ,  4.832153e+03 ,  2.760299e+03 , -3.960664e+02 , -2.441928e+03 , -4.225459e+03 , -1.951843e+03 ,  1.939824e+03 ,  4.635422e+03 , -1.643899e+03 , -3.995893e+03 ,  1.194270e+03 ,  2.017186e+03 , -4.749993e+03 , -1.546468e+03 , -3.106357e+03 ,  2.825056e+03 ,  4.686023e+01 , -2.471519e+03 , -1.015803e+03 , -7.689134e+02 , -1.877720e+03 ,  1.774705e+03 , -2.797942e+02 ,  5.003821e+02 ,  1.340713e+03 ,  4.473754e+02 ,  3.285150e+03 , -4.073176e+03 ,  3.881059e+03 , -3.399699e+03 , -3.750083e+03 , -4.143879e+03 , -9.077907e+02 ,  3.513493e+03 , -3.115649e+03 ,  4.658856e+03 ,  3.705190e+03 ,  1.598026e+03 , -4.146359e+02 ,  1.932061e+03 ,  2.913105e+03 ,  3.128805e+03 ,  4.413940e+03 ,  2.706985e+03 ,]
positionY_nm_array = [4.166300e+03 ,  1.105456e+03 , -6.220138e-01 ,  8.697549e+02 ,  1.411576e+03 , -4.780932e+03 ,  4.391037e+03 , -1.132677e+03 ,  2.682111e+03 ,  4.676992e+03 , -3.407738e+03 ,  2.953296e+03 , -3.973444e+03 , -3.378590e+03 , -5.174873e+02 , -4.462555e+03 , -2.820825e+03 ,  2.370806e+03 ,  3.413352e+03 ,  8.853058e+02 , -3.390115e+03 ,  4.448208e+03 , -3.011361e+03 ,  2.075458e+03 , -1.768351e+03 ,  4.517914e+03 , -3.111897e+03 ,  4.253520e+03 ,  1.150294e+03 , -1.737276e+02 ,  1.407542e+03 , -1.946514e+03 , -2.593738e+03 , -2.246038e+03 ,  2.097981e+03 ,  3.968635e+03 ,  2.770223e+03 , -4.099294e+02 , -4.554035e+03 , -3.577703e+03 , -1.229693e+03 , -1.583733e+03 , -6.902836e+02 ,  9.887109e+01 , -9.097086e+02 , -2.041691e+03 , -4.913217e+03 ,  3.034971e+03 , -4.514403e+03 ,  3.237565e+01 ,]
angleInclination_array = [5.235988e-01 , 5.235988e-01 , 5.235988e-01 , 5.235988e-01 , 5.235988e-01 , 5.235988e-01 , 5.235988e-01 , 5.235988e-01 , 5.235988e-01 , 5.235988e-01 , 5.235988e-01 , 5.235988e-01 , 5.235988e-01 , 5.235988e-01 , 5.235988e-01 , 5.235988e-01 , 5.235988e-01 , 5.235988e-01 , 5.235988e-01 , 5.235988e-01 , 5.235988e-01 , 5.235988e-01 , 5.235988e-01 , 5.235988e-01 , 5.235988e-01 , 5.235988e-01 , 5.235988e-01 , 5.235988e-01 , 5.235988e-01 , 5.235988e-01 , 5.235988e-01 , 5.235988e-01 , 5.235988e-01 , 5.235988e-01 , 5.235988e-01 , 5.235988e-01 , 5.235988e-01 , 5.235988e-01 , 5.235988e-01 , 5.235988e-01 , 5.235988e-01 , 5.235988e-01 , 5.235988e-01 , 5.235988e-01 , 5.235988e-01 , 5.235988e-01 , 5.235988e-01 , 5.235988e-01 , 5.235988e-01 , 5.235988e-01 ,]
angleAzimuth_array = [1.396263e+00 , 1.396263e+00 , 1.396263e+00 , 1.396263e+00 , 1.396263e+00 , 1.396263e+00 , 1.396263e+00 , 1.396263e+00 , 1.396263e+00 , 1.396263e+00 , 1.396263e+00 , 1.396263e+00 , 1.396263e+00 , 1.396263e+00 , 1.396263e+00 , 1.396263e+00 , 1.396263e+00 , 1.396263e+00 , 1.396263e+00 , 1.396263e+00 , 1.396263e+00 , 1.396263e+00 , 1.396263e+00 , 1.396263e+00 , 1.396263e+00 , 1.396263e+00 , 1.396263e+00 , 1.396263e+00 , 1.396263e+00 , 1.396263e+00 , 1.396263e+00 , 1.396263e+00 , 1.396263e+00 , 1.396263e+00 , 1.396263e+00 , 1.396263e+00 , 1.396263e+00 , 1.396263e+00 , 1.396263e+00 , 1.396263e+00 , 1.396263e+00 , 1.396263e+00 , 1.396263e+00 , 1.396263e+00 , 1.396263e+00 , 1.396263e+00 , 1.396263e+00 , 1.396263e+00 , 1.396263e+00 , 1.396263e+00 ,]
