% ground truth for sim_inc0_az40.tif
% settings
number_of_spots = 50
pixel_size_nm = 51.200
image_size_nm = 14142.136
image_size_px = 275
wavelength = 500
par.objectiveNA = 2.17
objectiveFocalLength = 770
par.refractiveIndices = [1.310000e+00 , 2.170000e+00 , 2.170000e+00 ,]
par.nDiscretizationBFP = 129
par.backgroundNoise = 0.020
par.nPhotons = 500
positionX_nm_array = [1.846082e+03 ,  7.942786e+02 , -3.840294e+03 ,  8.147166e+02 , -4.263937e+03 , -2.895493e+03 ,  3.360991e+03 , -1.580616e+03 ,  2.728744e+03 ,  2.564409e+03 , -4.953838e+02 ,  1.994521e+03 , -3.483487e+03 , -3.958580e+03 , -1.939333e+03 ,  4.887998e+03 ,  9.910962e+02 , -1.156076e+03 , -1.043204e+03 , -4.279517e+03 , -1.783894e+03 ,  4.629830e+03 ,  2.967559e+03 ,  8.016382e+02 ,  3.556476e+03 , -2.117378e+03 , -3.454834e+03 ,  4.895508e+03 , -1.177257e+03 , -1.651869e+03 ,  2.476799e+03 , -2.122761e+03 ,  3.613523e+03 , -1.069398e+01 , -2.861964e+03 , -4.855186e+03 ,  4.427572e+03 ,  2.434322e+03 , -2.312096e+02 , -4.814707e+03 ,  8.804107e+02 ,  1.084967e+03 ,  2.580677e+03 ,  4.508729e+03 , -2.658763e+02 ,  1.601173e+03 , -5.922126e+01 , -4.841828e+03 , -2.867324e+03 , -4.174092e+03 ,]
positionY_nm_array = [-9.750477e+02 , -2.832128e+01 , -4.397511e+03 ,  2.353933e+03 ,  2.984955e+03 , -4.004595e+03 , -1.296636e+03 ,  2.965432e+03 , -4.283990e+03 , -2.838678e+03 , -2.620951e+02 ,  3.691910e+03 , -1.936921e+03 ,  1.198273e+03 , -1.016239e+03 , -2.964143e+03 , -1.768071e+03 , -2.255496e+03 ,  3.925750e+03 ,  4.436527e+03 , -4.779602e+03 ,  1.086419e+03 ,  2.295584e+03 ,  3.838290e+03 ,  3.940872e+02 , -2.652639e+03 , -3.540362e+02 , -1.542567e+03 , -3.953367e+03 ,  7.204652e+02 ,  4.875827e+03 ,  4.602263e+03 , -3.544789e+03 ,  9.351629e+02 ,  1.390274e+03 ,  2.121719e+03 , -4.140703e+03 ,  1.370274e+03 , -2.678638e+03 , -4.765448e+03 , -3.319121e+03 , -4.918034e+03 ,  2.412170e+01 ,  4.125638e+03 , -4.729027e+03 , -4.020812e+03 ,  2.925581e+03 , -6.634067e+02 ,  3.599655e+03 , -2.790325e+03 ,]
angleInclination_array = [0 , 0 , 0 , 0 , 0 , 0 , 0 , 0 , 0 , 0 , 0 , 0 , 0 , 0 , 0 , 0 , 0 , 0 , 0 , 0 , 0 , 0 , 0 , 0 , 0 , 0 , 0 , 0 , 0 , 0 , 0 , 0 , 0 , 0 , 0 , 0 , 0 , 0 , 0 , 0 , 0 , 0 , 0 , 0 , 0 , 0 , 0 , 0 , 0 , 0 ,]
angleAzimuth_array = [6.981317e-01 , 6.981317e-01 , 6.981317e-01 , 6.981317e-01 , 6.981317e-01 , 6.981317e-01 , 6.981317e-01 , 6.981317e-01 , 6.981317e-01 , 6.981317e-01 , 6.981317e-01 , 6.981317e-01 , 6.981317e-01 , 6.981317e-01 , 6.981317e-01 , 6.981317e-01 , 6.981317e-01 , 6.981317e-01 , 6.981317e-01 , 6.981317e-01 , 6.981317e-01 , 6.981317e-01 , 6.981317e-01 , 6.981317e-01 , 6.981317e-01 , 6.981317e-01 , 6.981317e-01 , 6.981317e-01 , 6.981317e-01 , 6.981317e-01 , 6.981317e-01 , 6.981317e-01 , 6.981317e-01 , 6.981317e-01 , 6.981317e-01 , 6.981317e-01 , 6.981317e-01 , 6.981317e-01 , 6.981317e-01 , 6.981317e-01 , 6.981317e-01 , 6.981317e-01 , 6.981317e-01 , 6.981317e-01 , 6.981317e-01 , 6.981317e-01 , 6.981317e-01 , 6.981317e-01 , 6.981317e-01 , 6.981317e-01 ,]
