% ground truth for sim_inc110_az280.tif
% settings
number_of_spots = 50
pixel_size_nm = 51.200
image_size_nm = 14142.136
image_size_px = 275
wavelength = 500
par.objectiveNA = 2.17
objectiveFocalLength = 770
par.refractiveIndices = [1.310000e+00 , 2.170000e+00 , 2.170000e+00 ,]
par.nDiscretizationBFP = 129
par.backgroundNoise = 0.020
par.nPhotons = 500
positionX_nm_array = [2.653356e+03 , -2.110569e+03 , -1.256467e+03 ,  3.171055e+03 ,  4.205356e+03 , -3.215152e+03 , -1.589077e+03 , -4.209179e+03 , -3.028170e+03 , -5.173232e+02 , -3.142650e+03 , -6.507875e+02 , -1.985900e+03 , -4.411163e+03 ,  1.001829e+03 ,  2.104648e+03 ,  4.798984e+02 ,  4.435766e+03 ,  4.736659e+03 ,  4.498550e+03 , -4.452433e+03 , -1.831904e+03 ,  1.047964e+03 , -1.760269e+03 ,  4.903870e+02 , -3.955080e+03 ,  2.565938e+03 ,  3.820288e+03 ,  3.525923e+03 , -4.685215e+03 ,  1.803043e+03 , -2.906836e+03 ,  6.126623e+02 , -8.823253e+02 , -3.568279e+03 , -3.188611e+03 , -4.701783e+03 ,  4.441005e+02 ,  1.672086e+03 ,  2.515035e+03 ,  2.625050e+03 ,  4.768597e+03 , -7.923150e+02 , -2.837984e+03 ,  4.576875e+03 ,  1.371119e+03 ,  2.721010e+03 ,  1.518363e+03 ,  4.149562e+03 , -6.956775e+01 ,]
positionY_nm_array = [1.673417e+03 , -5.166635e+02 , -1.801751e+03 , -1.398359e+02 ,  4.201516e+03 , -1.979167e+03 ,  1.344833e+03 , -2.863522e+03 , -4.792198e+03 ,  1.415299e+03 , -2.845947e+01 , -1.450552e+02 ,  4.258963e+03 ,  3.467929e+03 ,  4.566339e+03 , -2.436285e+03 ,  1.733345e+03 ,  1.770193e+03 ,  3.127772e+03 , -9.708680e+02 ,  1.553785e+03 ,  3.086017e+03 , -1.773607e+03 , -4.619304e+03 , -6.109604e+02 , -6.651418e+02 ,  4.786194e+03 , -4.238892e+03 , -1.541597e+03 , -4.628699e+03 ,  6.706794e+02 ,  1.589885e+03 , -2.944239e+03 ,  3.894982e+03 ,  4.519290e+03 , -3.453165e+03 ,  5.685639e+00 , -4.269746e+03 ,  2.384215e+03 , -1.241850e+03 ,  3.587148e+03 , -3.515970e+03 , -2.792051e+03 ,  3.084290e+03 , -1.976844e+03 ,  3.341491e+03 , -3.870599e+03 , -3.788251e+03 ,  4.432156e+02 , -1.546663e+03 ,]
angleInclination_array = [1.919862e+00 , 1.919862e+00 , 1.919862e+00 , 1.919862e+00 , 1.919862e+00 , 1.919862e+00 , 1.919862e+00 , 1.919862e+00 , 1.919862e+00 , 1.919862e+00 , 1.919862e+00 , 1.919862e+00 , 1.919862e+00 , 1.919862e+00 , 1.919862e+00 , 1.919862e+00 , 1.919862e+00 , 1.919862e+00 , 1.919862e+00 , 1.919862e+00 , 1.919862e+00 , 1.919862e+00 , 1.919862e+00 , 1.919862e+00 , 1.919862e+00 , 1.919862e+00 , 1.919862e+00 , 1.919862e+00 , 1.919862e+00 , 1.919862e+00 , 1.919862e+00 , 1.919862e+00 , 1.919862e+00 , 1.919862e+00 , 1.919862e+00 , 1.919862e+00 , 1.919862e+00 , 1.919862e+00 , 1.919862e+00 , 1.919862e+00 , 1.919862e+00 , 1.919862e+00 , 1.919862e+00 , 1.919862e+00 , 1.919862e+00 , 1.919862e+00 , 1.919862e+00 , 1.919862e+00 , 1.919862e+00 , 1.919862e+00 ,]
angleAzimuth_array = [4.886922e+00 , 4.886922e+00 , 4.886922e+00 , 4.886922e+00 , 4.886922e+00 , 4.886922e+00 , 4.886922e+00 , 4.886922e+00 , 4.886922e+00 , 4.886922e+00 , 4.886922e+00 , 4.886922e+00 , 4.886922e+00 , 4.886922e+00 , 4.886922e+00 , 4.886922e+00 , 4.886922e+00 , 4.886922e+00 , 4.886922e+00 , 4.886922e+00 , 4.886922e+00 , 4.886922e+00 , 4.886922e+00 , 4.886922e+00 , 4.886922e+00 , 4.886922e+00 , 4.886922e+00 , 4.886922e+00 , 4.886922e+00 , 4.886922e+00 , 4.886922e+00 , 4.886922e+00 , 4.886922e+00 , 4.886922e+00 , 4.886922e+00 , 4.886922e+00 , 4.886922e+00 , 4.886922e+00 , 4.886922e+00 , 4.886922e+00 , 4.886922e+00 , 4.886922e+00 , 4.886922e+00 , 4.886922e+00 , 4.886922e+00 , 4.886922e+00 , 4.886922e+00 , 4.886922e+00 , 4.886922e+00 , 4.886922e+00 ,]
