% ground truth for sim_inc130_az200.tif
% settings
number_of_spots = 50
pixel_size_nm = 51.200
image_size_nm = 14142.136
image_size_px = 275
wavelength = 500
par.objectiveNA = 2.17
objectiveFocalLength = 770
par.refractiveIndices = [1.310000e+00 , 2.170000e+00 , 2.170000e+00 ,]
par.nDiscretizationBFP = 129
par.backgroundNoise = 0.020
par.nPhotons = 500
positionX_nm_array = [9.434413e+02 ,  1.170827e+03 ,  2.734541e+03 ,  2.505898e+03 , -4.794161e+03 , -2.208900e+03 ,  2.118512e+03 , -2.451728e+03 , -4.881175e+03 ,  1.065088e+03 , -1.039078e+03 ,  4.721515e+03 , -4.339187e+03 , -2.670666e+03 , -4.935644e+03 ,  4.650591e+03 ,  2.040434e+03 ,  4.053047e+02 , -1.172851e+03 , -1.343339e+02 ,  4.593704e+03 , -6.066729e+02 ,  2.578827e+03 ,  4.842790e+03 , -3.103973e+03 , -1.119324e+03 , -4.328120e+03 ,  3.358411e+03 , -2.046486e+03 , -8.040993e+01 , -1.043206e+02 ,  9.732288e+02 , -3.361539e+03 , -2.340827e+02 , -6.106575e+02 ,  4.145529e+03 ,  3.341703e+03 ,  1.321729e+03 , -1.268289e+03 , -1.835259e+03 ,  1.101609e+03 ,  1.376184e+02 ,  2.987810e+03 ,  9.764984e+01 , -2.618027e+03 , -3.384346e+03 , -1.363246e+03 ,  3.586717e+03 , -3.905322e+03 ,  4.639259e+03 ,]
positionY_nm_array = [-3.331389e+03 ,  3.728082e+03 ,  4.558892e+02 , -4.619670e+03 , -4.049082e+03 , -3.156550e+03 , -1.835951e+03 ,  2.133835e+03 ,  7.589507e+01 , -9.227595e+02 , -1.406566e+03 , -8.620190e+02 ,  2.235588e+03 , -4.352195e+03 ,  3.745220e+03 , -3.400720e+03 ,  4.484810e+03 ,  2.435044e+03 ,  4.639469e+03 ,  3.579405e+03 ,  3.775644e+03 , -4.494333e+03 ,  2.887860e+03 , -2.168881e+03 ,  4.345965e+03 , -2.844708e+03 , -1.132095e+03 ,  3.857641e+03 , -1.117445e+03 , -3.640902e+03 ,  4.621257e+03 , -1.975022e+03 ,  1.449573e+02 , -3.553597e+02 ,  2.287019e+03 ,  1.015013e+03 , -3.156133e+03 , -4.476914e+03 , -3.374476e+02 , -2.098710e+03 ,  8.812273e+01 ,  8.658638e+02 , -1.041100e+03 , -2.492850e+03 ,  3.414423e+03 , -2.840656e+03 ,  3.172227e+03 , -2.077248e+03 ,  3.262421e+03 , -4.902021e+03 ,]
angleInclination_array = [2.268928e+00 , 2.268928e+00 , 2.268928e+00 , 2.268928e+00 , 2.268928e+00 , 2.268928e+00 , 2.268928e+00 , 2.268928e+00 , 2.268928e+00 , 2.268928e+00 , 2.268928e+00 , 2.268928e+00 , 2.268928e+00 , 2.268928e+00 , 2.268928e+00 , 2.268928e+00 , 2.268928e+00 , 2.268928e+00 , 2.268928e+00 , 2.268928e+00 , 2.268928e+00 , 2.268928e+00 , 2.268928e+00 , 2.268928e+00 , 2.268928e+00 , 2.268928e+00 , 2.268928e+00 , 2.268928e+00 , 2.268928e+00 , 2.268928e+00 , 2.268928e+00 , 2.268928e+00 , 2.268928e+00 , 2.268928e+00 , 2.268928e+00 , 2.268928e+00 , 2.268928e+00 , 2.268928e+00 , 2.268928e+00 , 2.268928e+00 , 2.268928e+00 , 2.268928e+00 , 2.268928e+00 , 2.268928e+00 , 2.268928e+00 , 2.268928e+00 , 2.268928e+00 , 2.268928e+00 , 2.268928e+00 , 2.268928e+00 ,]
angleAzimuth_array = [3.490659e+00 , 3.490659e+00 , 3.490659e+00 , 3.490659e+00 , 3.490659e+00 , 3.490659e+00 , 3.490659e+00 , 3.490659e+00 , 3.490659e+00 , 3.490659e+00 , 3.490659e+00 , 3.490659e+00 , 3.490659e+00 , 3.490659e+00 , 3.490659e+00 , 3.490659e+00 , 3.490659e+00 , 3.490659e+00 , 3.490659e+00 , 3.490659e+00 , 3.490659e+00 , 3.490659e+00 , 3.490659e+00 , 3.490659e+00 , 3.490659e+00 , 3.490659e+00 , 3.490659e+00 , 3.490659e+00 , 3.490659e+00 , 3.490659e+00 , 3.490659e+00 , 3.490659e+00 , 3.490659e+00 , 3.490659e+00 , 3.490659e+00 , 3.490659e+00 , 3.490659e+00 , 3.490659e+00 , 3.490659e+00 , 3.490659e+00 , 3.490659e+00 , 3.490659e+00 , 3.490659e+00 , 3.490659e+00 , 3.490659e+00 , 3.490659e+00 , 3.490659e+00 , 3.490659e+00 , 3.490659e+00 , 3.490659e+00 ,]
