% ground truth for sim_inc80_az240.tif
% settings
number_of_spots = 50
pixel_size_nm = 51.200
image_size_nm = 14142.136
image_size_px = 275
wavelength = 500
par.objectiveNA = 2.17
objectiveFocalLength = 770
par.refractiveIndices = [1.310000e+00 , 2.170000e+00 , 2.170000e+00 ,]
par.nDiscretizationBFP = 129
par.backgroundNoise = 0.020
par.nPhotons = 500
positionX_nm_array = [3.229632e+03 , -4.775933e+03 ,  4.676806e+03 ,  4.052966e+03 ,  3.319075e+03 , -3.971209e+03 ,  1.638804e+03 , -8.716602e+02 , -2.327475e+02 , -2.094112e+03 ,  4.807514e+03 ,  2.387344e+03 , -4.655755e+03 ,  9.352254e+01 ,  3.766344e+03 , -1.997820e+03 , -3.628933e+03 ,  1.528760e+03 ,  3.577888e+02 ,  3.476196e+03 , -3.092776e+02 , -2.732185e+03 ,  4.625497e+03 ,  1.711197e+03 ,  2.877927e+03 , -8.204880e+02 , -2.919204e+03 ,  1.493792e+03 , -2.372810e+03 ,  2.801816e+03 ,  3.542016e+02 , -3.584380e+03 , -2.555420e+03 , -3.657995e+03 , -8.048357e+02 , -4.756927e+03 , -4.905003e+03 ,  3.052617e+03 ,  1.878239e+03 , -1.315206e+03 ,  4.792133e+02 ,  4.145942e+03 , -2.680527e+03 , -2.385011e+03 ,  4.826905e+02 , -1.257842e+03 ,  1.913427e+03 ,  4.536363e+02 ,  2.279177e+03 ,  1.030487e+03 ,]
positionY_nm_array = [3.317750e+03 ,  3.887315e+03 ,  3.702302e+03 ,  1.865680e+03 , -2.054852e+03 , -4.770991e+03 ,  7.763506e+02 , -5.102297e+02 , -4.834557e+03 ,  4.714763e+03 , -2.181168e+03 ,  2.549207e+03 ,  1.470915e+03 ,  3.952152e+03 ,  4.075946e+02 , -9.112085e+01 ,  2.549325e+03 , -1.759012e+03 ,  1.707674e+03 , -3.654768e+03 ,  2.480614e+03 , -3.468146e+03 ,  4.739033e+03 , -2.923850e+03 , -4.713450e+03 , -3.401141e+03 , -9.150521e+02 ,  4.867251e+03 ,  1.096417e+03 ,  7.989407e+02 ,  4.935745e+02 ,  5.731349e+02 , -2.104267e+03 ,  3.836918e+03 ,  6.697668e+02 ,  2.682482e+03 , -2.674081e+03 , -6.208077e+02 , -4.524857e+03 ,  3.907889e+03 , -1.960040e+03 , -4.569932e+03 , -4.552384e+03 ,  3.064467e+03 , -5.715496e+02 , -2.363513e+03 , -3.184949e+02 , -3.947143e+03 ,  3.876364e+03 ,  2.798319e+03 ,]
angleInclination_array = [1.396263e+00 , 1.396263e+00 , 1.396263e+00 , 1.396263e+00 , 1.396263e+00 , 1.396263e+00 , 1.396263e+00 , 1.396263e+00 , 1.396263e+00 , 1.396263e+00 , 1.396263e+00 , 1.396263e+00 , 1.396263e+00 , 1.396263e+00 , 1.396263e+00 , 1.396263e+00 , 1.396263e+00 , 1.396263e+00 , 1.396263e+00 , 1.396263e+00 , 1.396263e+00 , 1.396263e+00 , 1.396263e+00 , 1.396263e+00 , 1.396263e+00 , 1.396263e+00 , 1.396263e+00 , 1.396263e+00 , 1.396263e+00 , 1.396263e+00 , 1.396263e+00 , 1.396263e+00 , 1.396263e+00 , 1.396263e+00 , 1.396263e+00 , 1.396263e+00 , 1.396263e+00 , 1.396263e+00 , 1.396263e+00 , 1.396263e+00 , 1.396263e+00 , 1.396263e+00 , 1.396263e+00 , 1.396263e+00 , 1.396263e+00 , 1.396263e+00 , 1.396263e+00 , 1.396263e+00 , 1.396263e+00 , 1.396263e+00 ,]
angleAzimuth_array = [4.188790e+00 , 4.188790e+00 , 4.188790e+00 , 4.188790e+00 , 4.188790e+00 , 4.188790e+00 , 4.188790e+00 , 4.188790e+00 , 4.188790e+00 , 4.188790e+00 , 4.188790e+00 , 4.188790e+00 , 4.188790e+00 , 4.188790e+00 , 4.188790e+00 , 4.188790e+00 , 4.188790e+00 , 4.188790e+00 , 4.188790e+00 , 4.188790e+00 , 4.188790e+00 , 4.188790e+00 , 4.188790e+00 , 4.188790e+00 , 4.188790e+00 , 4.188790e+00 , 4.188790e+00 , 4.188790e+00 , 4.188790e+00 , 4.188790e+00 , 4.188790e+00 , 4.188790e+00 , 4.188790e+00 , 4.188790e+00 , 4.188790e+00 , 4.188790e+00 , 4.188790e+00 , 4.188790e+00 , 4.188790e+00 , 4.188790e+00 , 4.188790e+00 , 4.188790e+00 , 4.188790e+00 , 4.188790e+00 , 4.188790e+00 , 4.188790e+00 , 4.188790e+00 , 4.188790e+00 , 4.188790e+00 , 4.188790e+00 ,]
