% ground truth for sim_inc70_az100.tif
% settings
number_of_spots = 50
pixel_size_nm = 51.200
image_size_nm = 14142.136
image_size_px = 275
wavelength = 500
par.objectiveNA = 2.17
objectiveFocalLength = 770
par.refractiveIndices = [1.310000e+00 , 2.170000e+00 , 2.170000e+00 ,]
par.nDiscretizationBFP = 129
par.backgroundNoise = 0.020
par.nPhotons = 500
positionX_nm_array = [9.987526e+02 , -1.113469e+02 ,  2.855612e+03 ,  2.653444e+03 , -8.597773e+02 , -4.725593e+03 , -3.147823e+02 , -4.528233e+03 , -4.273627e+03 , -1.050491e+03 ,  1.950523e+03 ,  4.333312e+03 ,  4.053054e+03 , -2.966858e+03 , -2.156930e+03 , -3.728740e+03 , -2.098571e+03 , -5.408872e+02 ,  2.192085e+03 , -1.820204e+03 , -1.662418e+03 ,  8.979395e+02 ,  4.635316e+03 , -4.368034e+03 , -2.821605e+03 ,  1.895192e+03 , -1.497304e+03 ,  3.253173e+03 ,  9.094162e+02 , -4.130492e+03 ,  2.339658e+03 ,  1.097478e+03 ,  4.725345e+03 ,  2.857462e+02 ,  2.821883e+03 ,  4.316640e+03 ,  3.310269e+03 ,  1.217475e+03 , -3.601466e+03 , -2.781195e+03 ,  7.941285e+02 , -5.126352e+02 ,  4.914396e+03 ,  2.920914e+03 , -3.097719e+03 , -5.349783e+02 , -4.485805e+03 ,  3.839146e+03 ,  4.236244e+03 , -4.945678e+03 ,]
positionY_nm_array = [-1.332698e+03 ,  2.636003e+03 , -4.190533e+03 , -3.150167e+03 ,  4.333556e+03 , -4.661000e+03 , -4.140326e+03 ,  4.554875e+03 ,  1.966459e+03 , -4.782202e+02 , -1.751227e+03 , -4.632890e+03 ,  3.232349e+03 , -3.540171e+03 , -2.311011e+02 , -2.556311e+03 , -1.921772e+03 , -1.749568e+03 , -3.020494e+02 ,  8.958943e+02 ,  3.358330e+03 ,  4.015844e+03 , -3.138381e+03 , -1.243721e+03 ,  1.313606e+03 ,  1.225088e+03 , -4.416382e+03 , -2.270011e+03 , -4.370345e+03 ,  4.456011e+01 ,  3.089663e+03 , -3.210381e+03 ,  1.408772e+02 , -5.983402e+02 ,  1.801192e+03 , -1.658520e+03 ,  5.720458e+02 ,  2.552275e+03 ,  3.581862e+03 ,  2.902532e+03 ,  3.167484e+02 ,  1.482109e+03 ,  1.926455e+03 ,  4.389840e+03 , -7.731865e+02 , -2.778771e+03 , -3.591182e+03 , -6.192580e+02 ,  4.466727e+03 , -2.065790e+03 ,]
angleInclination_array = [1.221730e+00 , 1.221730e+00 , 1.221730e+00 , 1.221730e+00 , 1.221730e+00 , 1.221730e+00 , 1.221730e+00 , 1.221730e+00 , 1.221730e+00 , 1.221730e+00 , 1.221730e+00 , 1.221730e+00 , 1.221730e+00 , 1.221730e+00 , 1.221730e+00 , 1.221730e+00 , 1.221730e+00 , 1.221730e+00 , 1.221730e+00 , 1.221730e+00 , 1.221730e+00 , 1.221730e+00 , 1.221730e+00 , 1.221730e+00 , 1.221730e+00 , 1.221730e+00 , 1.221730e+00 , 1.221730e+00 , 1.221730e+00 , 1.221730e+00 , 1.221730e+00 , 1.221730e+00 , 1.221730e+00 , 1.221730e+00 , 1.221730e+00 , 1.221730e+00 , 1.221730e+00 , 1.221730e+00 , 1.221730e+00 , 1.221730e+00 , 1.221730e+00 , 1.221730e+00 , 1.221730e+00 , 1.221730e+00 , 1.221730e+00 , 1.221730e+00 , 1.221730e+00 , 1.221730e+00 , 1.221730e+00 , 1.221730e+00 ,]
angleAzimuth_array = [1.745329e+00 , 1.745329e+00 , 1.745329e+00 , 1.745329e+00 , 1.745329e+00 , 1.745329e+00 , 1.745329e+00 , 1.745329e+00 , 1.745329e+00 , 1.745329e+00 , 1.745329e+00 , 1.745329e+00 , 1.745329e+00 , 1.745329e+00 , 1.745329e+00 , 1.745329e+00 , 1.745329e+00 , 1.745329e+00 , 1.745329e+00 , 1.745329e+00 , 1.745329e+00 , 1.745329e+00 , 1.745329e+00 , 1.745329e+00 , 1.745329e+00 , 1.745329e+00 , 1.745329e+00 , 1.745329e+00 , 1.745329e+00 , 1.745329e+00 , 1.745329e+00 , 1.745329e+00 , 1.745329e+00 , 1.745329e+00 , 1.745329e+00 , 1.745329e+00 , 1.745329e+00 , 1.745329e+00 , 1.745329e+00 , 1.745329e+00 , 1.745329e+00 , 1.745329e+00 , 1.745329e+00 , 1.745329e+00 , 1.745329e+00 , 1.745329e+00 , 1.745329e+00 , 1.745329e+00 , 1.745329e+00 , 1.745329e+00 ,]
