% ground truth for sim_inc170_az240.tif
% settings
number_of_spots = 50
pixel_size_nm = 51.200
image_size_nm = 14142.136
image_size_px = 275
wavelength = 500
par.objectiveNA = 2.17
objectiveFocalLength = 770
par.refractiveIndices = [1.310000e+00 , 2.170000e+00 , 2.170000e+00 ,]
par.nDiscretizationBFP = 129
par.backgroundNoise = 0.020
par.nPhotons = 500
positionX_nm_array = [-4.137527e+03 , -4.859153e+03 , -4.170851e+03 , -1.551883e+03 , -7.907569e+02 , -5.284232e+02 , -3.739489e+03 ,  2.291210e+03 ,  6.774799e+02 ,  4.826354e+02 ,  4.632415e+03 , -1.937795e+03 , -4.207703e+03 , -4.881251e+03 ,  1.775044e+03 ,  2.441483e+03 ,  4.357292e+03 ,  5.360020e+02 ,  4.137837e+03 , -1.387626e+03 ,  4.510489e+03 , -2.211032e+03 , -1.686597e+03 ,  5.957342e+02 ,  2.084513e+03 ,  3.473087e+03 ,  7.693090e+02 , -1.770763e+03 ,  4.388254e+03 ,  2.299261e+03 ,  1.224536e+03 , -3.738450e+03 ,  3.100279e+03 , -1.670203e+02 ,  3.302864e+03 , -3.047984e+02 , -5.921455e+01 ,  3.818989e+03 , -8.834241e+02 ,  2.483641e+03 ,  3.115309e+03 ,  1.802667e+03 , -2.595716e+03 , -2.508238e+03 , -3.253477e+03 , -3.090049e+03 , -1.644174e+03 ,  4.490028e+03 , -4.719918e+03 ,  3.341775e+03 ,]
positionY_nm_array = [-4.101387e+03 ,  4.679581e+03 , -6.211344e+02 ,  1.635571e+03 ,  3.957819e+03 , -2.561977e+03 ,  1.725592e+03 , -1.280210e+03 ,  4.504373e+03 , -3.583863e+03 ,  3.483502e+02 ,  2.633200e+03 , -2.600016e+03 ,  1.234769e+03 , -3.936745e+03 , -3.164237e+03 ,  2.664078e+03 , -2.050665e+03 , -4.670644e+03 , -3.542030e+03 ,  4.191711e+03 , -4.306650e+03 , -7.868530e+02 ,  3.136570e+03 ,  3.406113e+03 ,  4.441762e+03 ,  1.523295e+03 ,  4.408207e+03 , -2.300647e+03 ,  4.394410e+03 , -7.218136e+02 ,  3.515836e+03 ,  3.280829e+03 , -4.527475e+03 ,  8.078091e+02 ,  1.121772e+03 ,  1.031625e+02 , -1.070447e+03 ,  2.962047e+03 ,  1.857056e+03 , -1.975908e+03 ,  3.784617e+02 , -2.779243e+03 ,  1.002998e+03 , -1.557031e+03 ,  4.884840e+03 ,  3.839279e+02 , -3.710728e+03 , -1.478447e+03 , -3.848523e+03 ,]
angleInclination_array = [2.967060e+00 , 2.967060e+00 , 2.967060e+00 , 2.967060e+00 , 2.967060e+00 , 2.967060e+00 , 2.967060e+00 , 2.967060e+00 , 2.967060e+00 , 2.967060e+00 , 2.967060e+00 , 2.967060e+00 , 2.967060e+00 , 2.967060e+00 , 2.967060e+00 , 2.967060e+00 , 2.967060e+00 , 2.967060e+00 , 2.967060e+00 , 2.967060e+00 , 2.967060e+00 , 2.967060e+00 , 2.967060e+00 , 2.967060e+00 , 2.967060e+00 , 2.967060e+00 , 2.967060e+00 , 2.967060e+00 , 2.967060e+00 , 2.967060e+00 , 2.967060e+00 , 2.967060e+00 , 2.967060e+00 , 2.967060e+00 , 2.967060e+00 , 2.967060e+00 , 2.967060e+00 , 2.967060e+00 , 2.967060e+00 , 2.967060e+00 , 2.967060e+00 , 2.967060e+00 , 2.967060e+00 , 2.967060e+00 , 2.967060e+00 , 2.967060e+00 , 2.967060e+00 , 2.967060e+00 , 2.967060e+00 , 2.967060e+00 ,]
angleAzimuth_array = [4.188790e+00 , 4.188790e+00 , 4.188790e+00 , 4.188790e+00 , 4.188790e+00 , 4.188790e+00 , 4.188790e+00 , 4.188790e+00 , 4.188790e+00 , 4.188790e+00 , 4.188790e+00 , 4.188790e+00 , 4.188790e+00 , 4.188790e+00 , 4.188790e+00 , 4.188790e+00 , 4.188790e+00 , 4.188790e+00 , 4.188790e+00 , 4.188790e+00 , 4.188790e+00 , 4.188790e+00 , 4.188790e+00 , 4.188790e+00 , 4.188790e+00 , 4.188790e+00 , 4.188790e+00 , 4.188790e+00 , 4.188790e+00 , 4.188790e+00 , 4.188790e+00 , 4.188790e+00 , 4.188790e+00 , 4.188790e+00 , 4.188790e+00 , 4.188790e+00 , 4.188790e+00 , 4.188790e+00 , 4.188790e+00 , 4.188790e+00 , 4.188790e+00 , 4.188790e+00 , 4.188790e+00 , 4.188790e+00 , 4.188790e+00 , 4.188790e+00 , 4.188790e+00 , 4.188790e+00 , 4.188790e+00 , 4.188790e+00 ,]
