% ground truth for sim_inc30_az20.tif
% settings
number_of_spots = 50
pixel_size_nm = 51.200
image_size_nm = 14142.136
image_size_px = 275
wavelength = 500
par.objectiveNA = 2.17
objectiveFocalLength = 770
par.refractiveIndices = [1.310000e+00 , 2.170000e+00 , 2.170000e+00 ,]
par.nDiscretizationBFP = 129
par.backgroundNoise = 0.020
par.nPhotons = 500
positionX_nm_array = [3.863123e+03 , -2.989231e+03 ,  3.340221e+03 , -1.844337e+02 , -4.756535e+03 ,  4.079128e+03 ,  1.511261e+03 , -1.183456e+03 ,  1.845936e+03 ,  2.175600e+02 ,  1.401188e+03 ,  4.100982e+03 , -1.513353e+03 ,  1.928741e+01 , -3.697530e+03 ,  2.127109e+03 , -4.304173e+03 ,  3.287934e+03 , -1.838446e+03 , -2.231119e+03 , -3.551260e+03 ,  3.694997e+03 , -4.246543e+03 ,  1.199797e+03 ,  4.382358e+02 ,  3.476637e+03 ,  2.527582e+03 ,  4.945890e+03 ,  1.146815e+02 ,  2.318798e+03 ,  4.098675e+02 , -4.851791e+03 , -1.785506e+03 ,  4.170122e+03 , -4.836392e+03 , -2.803420e+03 , -1.835224e+03 , -2.920116e+03 , -1.317745e+03 , -9.503933e+02 ,  4.892825e+03 ,  4.679848e+03 ,  2.201075e+03 ,  1.266262e+03 ,  2.577062e+03 , -4.598966e+03 , -4.115139e+03 , -3.068681e+03 ,  4.838042e+03 , -1.141447e+03 ,]
positionY_nm_array = [-9.629767e+02 , -2.157399e+02 , -4.271759e+03 , -2.079392e+02 ,  4.387446e+03 , -3.571486e+03 , -7.460560e+02 , -5.088066e+02 , -4.127432e+03 ,  2.717992e+03 ,  1.249551e+03 ,  2.636933e+03 , -2.294655e+03 , -3.565598e+03 ,  2.831293e+03 , -2.494416e+03 , -2.049919e+03 , -2.898872e+03 ,  4.725717e+03 ,  2.592435e+03 , -3.182072e+03 ,  4.347179e+03 ,  1.199842e+03 , -3.072500e+03 ,  5.843512e+02 ,  1.135207e+03 ,  6.318057e+01 , -1.669591e+03 ,  4.287373e+03 ,  1.694267e+03 ,  1.587143e+03 ,  2.943633e+03 ,  5.519281e+02 , -2.392680e+03 , -4.901098e+03 , -4.337036e+03 , -3.443273e+03 ,  1.469729e+03 ,  1.821416e+03 , -4.316977e+03 ,  1.214283e+03 ,  8.017963e+01 ,  4.641820e+03 ,  4.141268e+03 ,  3.576960e+03 , -3.316964e+03 , -3.954636e+02 , -2.173216e+03 ,  3.923144e+03 ,  3.022309e+03 ,]
angleInclination_array = [5.235988e-01 , 5.235988e-01 , 5.235988e-01 , 5.235988e-01 , 5.235988e-01 , 5.235988e-01 , 5.235988e-01 , 5.235988e-01 , 5.235988e-01 , 5.235988e-01 , 5.235988e-01 , 5.235988e-01 , 5.235988e-01 , 5.235988e-01 , 5.235988e-01 , 5.235988e-01 , 5.235988e-01 , 5.235988e-01 , 5.235988e-01 , 5.235988e-01 , 5.235988e-01 , 5.235988e-01 , 5.235988e-01 , 5.235988e-01 , 5.235988e-01 , 5.235988e-01 , 5.235988e-01 , 5.235988e-01 , 5.235988e-01 , 5.235988e-01 , 5.235988e-01 , 5.235988e-01 , 5.235988e-01 , 5.235988e-01 , 5.235988e-01 , 5.235988e-01 , 5.235988e-01 , 5.235988e-01 , 5.235988e-01 , 5.235988e-01 , 5.235988e-01 , 5.235988e-01 , 5.235988e-01 , 5.235988e-01 , 5.235988e-01 , 5.235988e-01 , 5.235988e-01 , 5.235988e-01 , 5.235988e-01 , 5.235988e-01 ,]
angleAzimuth_array = [3.490659e-01 , 3.490659e-01 , 3.490659e-01 , 3.490659e-01 , 3.490659e-01 , 3.490659e-01 , 3.490659e-01 , 3.490659e-01 , 3.490659e-01 , 3.490659e-01 , 3.490659e-01 , 3.490659e-01 , 3.490659e-01 , 3.490659e-01 , 3.490659e-01 , 3.490659e-01 , 3.490659e-01 , 3.490659e-01 , 3.490659e-01 , 3.490659e-01 , 3.490659e-01 , 3.490659e-01 , 3.490659e-01 , 3.490659e-01 , 3.490659e-01 , 3.490659e-01 , 3.490659e-01 , 3.490659e-01 , 3.490659e-01 , 3.490659e-01 , 3.490659e-01 , 3.490659e-01 , 3.490659e-01 , 3.490659e-01 , 3.490659e-01 , 3.490659e-01 , 3.490659e-01 , 3.490659e-01 , 3.490659e-01 , 3.490659e-01 , 3.490659e-01 , 3.490659e-01 , 3.490659e-01 , 3.490659e-01 , 3.490659e-01 , 3.490659e-01 , 3.490659e-01 , 3.490659e-01 , 3.490659e-01 , 3.490659e-01 ,]
