% ground truth for sim_inc20_az100.tif
% settings
number_of_spots = 50
pixel_size_nm = 51.200
image_size_nm = 14142.136
image_size_px = 275
wavelength = 500
par.objectiveNA = 2.17
objectiveFocalLength = 770
par.refractiveIndices = [1.310000e+00 , 2.170000e+00 , 2.170000e+00 ,]
par.nDiscretizationBFP = 129
par.backgroundNoise = 0.020
par.nPhotons = 500
positionX_nm_array = [3.197259e+03 ,  4.699903e+02 , -3.850617e+03 , -1.756780e+02 ,  2.993310e+03 , -3.035999e+03 , -1.503962e+03 ,  1.723989e+03 , -4.094070e+02 , -1.572384e+03 ,  4.552386e+03 , -2.057202e+03 ,  5.088007e+02 , -4.563630e+03 ,  1.477117e+03 ,  4.178519e+03 , -2.822538e+03 ,  4.235933e+03 , -2.869394e+03 ,  3.146652e+03 , -1.871376e+03 ,  9.883923e+02 , -4.922309e+02 ,  9.256907e+02 ,  2.632320e+03 ,  2.684996e+03 ,  4.355912e+03 , -3.494688e+03 ,  3.826357e+03 , -3.218494e+03 , -4.664165e+03 , -4.361017e+03 ,  1.950696e+03 , -3.101269e+01 , -5.979740e+02 , -4.303229e+03 ,  1.443893e+03 , -2.788594e+02 , -4.544293e+03 , -2.936523e+03 ,  2.387608e+03 ,  7.370701e+02 , -2.935198e+03 , -1.387199e+03 ,  4.357558e+03 , -9.930597e+02 , -4.562604e+03 ,  3.305763e+03 , -1.949544e+03 ,  2.742147e+03 ,]
positionY_nm_array = [2.233689e+03 , -4.161085e+03 ,  8.740213e+02 ,  2.621162e+03 ,  3.580205e+03 , -1.681610e+03 , -3.642257e+03 ,  1.077128e+03 , -2.235240e+03 ,  1.783119e+03 ,  4.177828e+01 ,  3.293355e+03 ,  1.631610e+03 ,  1.998582e+03 , -2.343965e+03 , -2.436706e+03 ,  2.283979e+03 ,  1.529149e+03 , -2.730871e+03 , -1.064812e+03 , -3.927682e+02 ,  3.625491e+03 , -5.529690e+02 ,  4.734677e+03 , -2.538402e+03 , -4.606434e+03 , -4.210420e+03 , -7.498893e+02 ,  4.494995e+03 ,  4.592346e+03 , -6.407615e+02 ,  4.694005e+03 ,  4.894971e+03 ,  3.498961e+02 ,  3.808711e+03 , -4.208628e+03 ,  2.256352e+03 , -4.882877e+03 , -2.722778e+03 ,  2.136493e+02 , -3.641897e+02 , -1.340543e+03 , -3.867308e+03 , -1.852344e+03 ,  2.667091e+03 ,  8.211212e+02 ,  3.672760e+03 , -3.730610e+03 , -4.602469e+03 ,  8.560580e+02 ,]
angleInclination_array = [3.490659e-01 , 3.490659e-01 , 3.490659e-01 , 3.490659e-01 , 3.490659e-01 , 3.490659e-01 , 3.490659e-01 , 3.490659e-01 , 3.490659e-01 , 3.490659e-01 , 3.490659e-01 , 3.490659e-01 , 3.490659e-01 , 3.490659e-01 , 3.490659e-01 , 3.490659e-01 , 3.490659e-01 , 3.490659e-01 , 3.490659e-01 , 3.490659e-01 , 3.490659e-01 , 3.490659e-01 , 3.490659e-01 , 3.490659e-01 , 3.490659e-01 , 3.490659e-01 , 3.490659e-01 , 3.490659e-01 , 3.490659e-01 , 3.490659e-01 , 3.490659e-01 , 3.490659e-01 , 3.490659e-01 , 3.490659e-01 , 3.490659e-01 , 3.490659e-01 , 3.490659e-01 , 3.490659e-01 , 3.490659e-01 , 3.490659e-01 , 3.490659e-01 , 3.490659e-01 , 3.490659e-01 , 3.490659e-01 , 3.490659e-01 , 3.490659e-01 , 3.490659e-01 , 3.490659e-01 , 3.490659e-01 , 3.490659e-01 ,]
angleAzimuth_array = [1.745329e+00 , 1.745329e+00 , 1.745329e+00 , 1.745329e+00 , 1.745329e+00 , 1.745329e+00 , 1.745329e+00 , 1.745329e+00 , 1.745329e+00 , 1.745329e+00 , 1.745329e+00 , 1.745329e+00 , 1.745329e+00 , 1.745329e+00 , 1.745329e+00 , 1.745329e+00 , 1.745329e+00 , 1.745329e+00 , 1.745329e+00 , 1.745329e+00 , 1.745329e+00 , 1.745329e+00 , 1.745329e+00 , 1.745329e+00 , 1.745329e+00 , 1.745329e+00 , 1.745329e+00 , 1.745329e+00 , 1.745329e+00 , 1.745329e+00 , 1.745329e+00 , 1.745329e+00 , 1.745329e+00 , 1.745329e+00 , 1.745329e+00 , 1.745329e+00 , 1.745329e+00 , 1.745329e+00 , 1.745329e+00 , 1.745329e+00 , 1.745329e+00 , 1.745329e+00 , 1.745329e+00 , 1.745329e+00 , 1.745329e+00 , 1.745329e+00 , 1.745329e+00 , 1.745329e+00 , 1.745329e+00 , 1.745329e+00 ,]
