% ground truth for sim_inc70_az140.tif
% settings
number_of_spots = 50
pixel_size_nm = 51.200
image_size_nm = 14142.136
image_size_px = 275
wavelength = 500
par.objectiveNA = 2.17
objectiveFocalLength = 770
par.refractiveIndices = [1.310000e+00 , 2.170000e+00 , 2.170000e+00 ,]
par.nDiscretizationBFP = 129
par.backgroundNoise = 0.020
par.nPhotons = 500
positionX_nm_array = [-3.896639e+03 , -2.620219e+03 ,  6.199748e+01 ,  5.883937e+02 ,  3.077676e+03 ,  1.797097e+03 , -2.063456e+02 , -3.910146e+03 , -1.368050e+03 ,  2.030857e+03 , -2.635852e+03 , -4.054144e+03 ,  1.010551e+03 ,  1.899548e+03 , -4.907052e+03 , -4.766910e+03 , -2.029045e+03 , -4.246460e+03 , -1.538870e+03 , -2.328120e+02 ,  5.213260e+02 ,  3.438730e+03 , -2.484416e+03 ,  2.253238e+02 ,  2.873828e+03 ,  1.758270e+02 , -3.828014e+03 ,  4.268457e+03 ,  4.147180e+03 ,  2.735420e+03 , -1.583499e+03 ,  8.124537e+02 , -2.744968e+03 , -3.968100e+03 ,  4.314708e+03 ,  2.395747e+03 ,  2.885413e+03 ,  4.320748e+03 ,  4.522126e+03 , -1.351881e+03 , -5.429150e+02 ,  4.194059e+03 ,  3.477668e+03 , -1.588372e+03 , -1.936737e+03 ,  1.952970e+03 , -4.319006e+03 ,  1.794323e+03 ,  4.526143e+03 ,  4.740955e+03 ,]
positionY_nm_array = [2.559089e+03 ,  1.495265e+03 ,  1.595527e+03 , -9.432583e+02 ,  1.323564e+03 ,  2.958141e+02 ,  4.029217e+03 , -8.224713e+02 , -3.251732e+03 ,  1.970098e+03 , -2.625498e+03 , -4.750309e+03 ,  2.717526e+03 ,  4.893088e+03 , -2.462743e+03 ,  4.230327e+03 , -4.468353e+03 ,  1.317054e+03 ,  3.631278e+03 , -1.623685e+03 , -2.884230e+03 ,  3.391486e+02 ,  1.960853e+02 ,  2.745351e+02 ,  4.315009e+03 , -4.803196e+03 , -2.288027e+03 ,  3.294660e+03 , -1.306209e+03 ,  3.008389e+03 ,  1.243502e+03 ,  4.947571e+03 ,  3.871672e+03 , -3.585382e+03 ,  4.824062e+03 , -4.039824e+03 , -1.675966e+03 , -2.340944e+03 ,  2.961799e+01 , -2.160405e+03 ,  2.488920e+03 , -4.550780e+03 , -2.938611e+03 ,  4.760238e+03 , -9.451352e+02 ,  3.838724e+03 ,  2.878910e+02 , -1.913806e+03 , -3.427963e+03 ,  1.674793e+03 ,]
angleInclination_array = [1.221730e+00 , 1.221730e+00 , 1.221730e+00 , 1.221730e+00 , 1.221730e+00 , 1.221730e+00 , 1.221730e+00 , 1.221730e+00 , 1.221730e+00 , 1.221730e+00 , 1.221730e+00 , 1.221730e+00 , 1.221730e+00 , 1.221730e+00 , 1.221730e+00 , 1.221730e+00 , 1.221730e+00 , 1.221730e+00 , 1.221730e+00 , 1.221730e+00 , 1.221730e+00 , 1.221730e+00 , 1.221730e+00 , 1.221730e+00 , 1.221730e+00 , 1.221730e+00 , 1.221730e+00 , 1.221730e+00 , 1.221730e+00 , 1.221730e+00 , 1.221730e+00 , 1.221730e+00 , 1.221730e+00 , 1.221730e+00 , 1.221730e+00 , 1.221730e+00 , 1.221730e+00 , 1.221730e+00 , 1.221730e+00 , 1.221730e+00 , 1.221730e+00 , 1.221730e+00 , 1.221730e+00 , 1.221730e+00 , 1.221730e+00 , 1.221730e+00 , 1.221730e+00 , 1.221730e+00 , 1.221730e+00 , 1.221730e+00 ,]
angleAzimuth_array = [2.443461e+00 , 2.443461e+00 , 2.443461e+00 , 2.443461e+00 , 2.443461e+00 , 2.443461e+00 , 2.443461e+00 , 2.443461e+00 , 2.443461e+00 , 2.443461e+00 , 2.443461e+00 , 2.443461e+00 , 2.443461e+00 , 2.443461e+00 , 2.443461e+00 , 2.443461e+00 , 2.443461e+00 , 2.443461e+00 , 2.443461e+00 , 2.443461e+00 , 2.443461e+00 , 2.443461e+00 , 2.443461e+00 , 2.443461e+00 , 2.443461e+00 , 2.443461e+00 , 2.443461e+00 , 2.443461e+00 , 2.443461e+00 , 2.443461e+00 , 2.443461e+00 , 2.443461e+00 , 2.443461e+00 , 2.443461e+00 , 2.443461e+00 , 2.443461e+00 , 2.443461e+00 , 2.443461e+00 , 2.443461e+00 , 2.443461e+00 , 2.443461e+00 , 2.443461e+00 , 2.443461e+00 , 2.443461e+00 , 2.443461e+00 , 2.443461e+00 , 2.443461e+00 , 2.443461e+00 , 2.443461e+00 , 2.443461e+00 ,]
