% ground truth for sim_inc100_az40.tif
% settings
number_of_spots = 50
pixel_size_nm = 51.200
image_size_nm = 14142.136
image_size_px = 275
wavelength = 500
par.objectiveNA = 2.17
objectiveFocalLength = 770
par.refractiveIndices = [1.310000e+00 , 2.170000e+00 , 2.170000e+00 ,]
par.nDiscretizationBFP = 129
par.backgroundNoise = 0.020
par.nPhotons = 500
positionX_nm_array = [3.108237e+03 ,  3.186871e+03 , -1.472439e+03 , -4.342781e+02 , -4.378768e+03 , -3.282333e+03 ,  2.982606e+03 , -2.331909e+03 ,  1.275685e+03 , -1.884032e+03 , -1.999388e+03 , -1.408528e+03 ,  4.849384e+03 ,  1.234349e+03 , -4.926921e+03 ,  6.015178e+02 , -3.628071e+03 , -1.562275e+03 ,  3.157886e+03 , -3.445964e+03 ,  4.854014e+03 ,  4.562573e+03 , -6.177216e+01 ,  5.873303e+01 , -4.822432e+03 ,  1.505251e+03 , -3.337515e+03 , -1.219297e+03 ,  1.634559e+03 , -4.714743e+03 ,  1.536200e+03 , -2.860542e+03 , -3.555921e+03 , -7.542441e+02 ,  1.972072e+03 , -3.310774e+03 , -3.889765e+03 ,  3.368978e+02 , -4.449457e+03 ,  3.883885e+03 ,  4.339418e+03 ,  1.820462e+02 , -2.313675e+03 , -4.190912e+03 ,  3.089326e+03 , -4.892588e+03 ,  4.882016e+03 ,  4.721866e+03 ,  2.672329e+03 ,  5.737286e+02 ,]
positionY_nm_array = [4.060993e+03 ,  1.961402e+03 ,  1.962300e+03 , -1.409341e+03 , -2.479204e+03 , -3.264303e+03 , -3.476967e+03 ,  1.091617e+03 , -2.633824e+03 , -1.989084e+03 , -1.559778e+02 ,  3.471352e+03 ,  4.029571e+03 , -9.934850e+01 ,  4.880232e+03 ,  1.255260e+03 ,  2.916783e+03 , -2.980421e+03 , -4.363632e+02 , -4.851662e+03 ,  2.775921e+03 , -4.584351e+03 , -4.359295e+03 ,  4.012024e+03 , -4.804519e+03 ,  4.834136e+03 ,  4.798857e+03 ,  7.082174e+02 , -4.836944e+03 ,  3.410348e+03 ,  3.581183e+03 , -2.288255e+03 , -9.759779e+02 , -3.586836e+03 , -8.379878e+02 ,  6.985913e+02 ,  1.650206e+03 , -3.117314e+03 ,  6.095084e+02 ,  3.279272e+03 , -2.273868e+03 , -1.698360e+02 ,  4.375303e+03 , -3.829800e+03 , -4.888595e+03 ,  2.364400e+03 ,  1.540025e+03 ,  1.206736e+02 , -1.745290e+03 , -1.124625e+03 ,]
angleInclination_array = [1.745329e+00 , 1.745329e+00 , 1.745329e+00 , 1.745329e+00 , 1.745329e+00 , 1.745329e+00 , 1.745329e+00 , 1.745329e+00 , 1.745329e+00 , 1.745329e+00 , 1.745329e+00 , 1.745329e+00 , 1.745329e+00 , 1.745329e+00 , 1.745329e+00 , 1.745329e+00 , 1.745329e+00 , 1.745329e+00 , 1.745329e+00 , 1.745329e+00 , 1.745329e+00 , 1.745329e+00 , 1.745329e+00 , 1.745329e+00 , 1.745329e+00 , 1.745329e+00 , 1.745329e+00 , 1.745329e+00 , 1.745329e+00 , 1.745329e+00 , 1.745329e+00 , 1.745329e+00 , 1.745329e+00 , 1.745329e+00 , 1.745329e+00 , 1.745329e+00 , 1.745329e+00 , 1.745329e+00 , 1.745329e+00 , 1.745329e+00 , 1.745329e+00 , 1.745329e+00 , 1.745329e+00 , 1.745329e+00 , 1.745329e+00 , 1.745329e+00 , 1.745329e+00 , 1.745329e+00 , 1.745329e+00 , 1.745329e+00 ,]
angleAzimuth_array = [6.981317e-01 , 6.981317e-01 , 6.981317e-01 , 6.981317e-01 , 6.981317e-01 , 6.981317e-01 , 6.981317e-01 , 6.981317e-01 , 6.981317e-01 , 6.981317e-01 , 6.981317e-01 , 6.981317e-01 , 6.981317e-01 , 6.981317e-01 , 6.981317e-01 , 6.981317e-01 , 6.981317e-01 , 6.981317e-01 , 6.981317e-01 , 6.981317e-01 , 6.981317e-01 , 6.981317e-01 , 6.981317e-01 , 6.981317e-01 , 6.981317e-01 , 6.981317e-01 , 6.981317e-01 , 6.981317e-01 , 6.981317e-01 , 6.981317e-01 , 6.981317e-01 , 6.981317e-01 , 6.981317e-01 , 6.981317e-01 , 6.981317e-01 , 6.981317e-01 , 6.981317e-01 , 6.981317e-01 , 6.981317e-01 , 6.981317e-01 , 6.981317e-01 , 6.981317e-01 , 6.981317e-01 , 6.981317e-01 , 6.981317e-01 , 6.981317e-01 , 6.981317e-01 , 6.981317e-01 , 6.981317e-01 , 6.981317e-01 ,]
