% ground truth for sim_inc40_az200.tif
% settings
number_of_spots = 50
pixel_size_nm = 51.200
image_size_nm = 14142.136
image_size_px = 275
wavelength = 500
par.objectiveNA = 2.17
objectiveFocalLength = 770
par.refractiveIndices = [1.310000e+00 , 2.170000e+00 , 2.170000e+00 ,]
par.nDiscretizationBFP = 129
par.backgroundNoise = 0.020
par.nPhotons = 500
positionX_nm_array = [1.391431e+02 , -3.806070e+03 , -1.032297e+03 ,  3.317044e+03 , -4.072917e+03 ,  1.189656e+03 ,  3.305849e+03 , -2.564659e+03 ,  2.138641e+03 , -1.322712e+03 , -2.696848e+03 ,  8.620648e+02 , -1.640851e+03 ,  4.826790e+03 ,  2.684986e+03 , -3.111610e+03 ,  4.645629e+02 , -2.216178e+03 , -4.692038e+03 ,  4.773272e+03 , -1.131175e+02 , -3.880613e+03 ,  3.203807e+03 , -4.788716e+03 ,  4.502246e+03 , -4.415510e+03 , -1.895067e+03 ,  1.766806e+03 , -3.329631e+03 ,  3.881184e+03 ,  9.685630e+02 , -7.481874e+02 ,  3.531172e+03 , -8.292717e+02 ,  1.484697e+03 , -1.704323e+03 ,  2.424760e+03 , -1.558740e+02 ,  3.120940e+03 ,  3.665226e+03 ,  2.962612e+03 , -4.722965e+03 ,  1.910376e+03 , -2.182247e+03 ,  1.450384e+03 , -4.157142e+03 , -2.952311e+03 , -3.238035e+03 ,  1.026097e+03 , -6.120339e+02 ,]
positionY_nm_array = [-3.557702e+03 ,  4.312584e+03 ,  2.684162e+03 , -3.686987e+03 ,  8.254351e+02 ,  1.365264e+03 , -4.799765e+03 ,  2.237216e+03 , -2.976678e+03 , -4.267970e+02 , -9.626931e+02 , -4.848318e+03 ,  4.275252e+03 , -4.042653e+03 ,  4.749078e+03 ,  2.805864e+02 , -1.805103e+03 , -4.290904e+03 , -2.004769e+03 , -1.532764e+03 ,  4.432395e+03 , -6.135165e+02 , -1.326851e+03 ,  2.165178e+03 ,  1.053809e+03 , -3.166956e+03 , -1.701099e+03 ,  2.355377e+03 , -3.309805e+03 ,  2.450449e+03 , -4.418614e+02 , -4.731678e+03 ,  4.112653e+03 ,  7.340423e+02 , -3.746246e+03 , -3.363603e+03 , -3.451423e+02 ,  3.424511e+03 ,  6.903876e+02 , -2.225531e+03 ,  1.726689e+03 ,  3.676382e+03 , -1.523409e+03 ,  1.113662e+03 ,  3.420834e+03 , -4.788395e+03 , -1.948179e+03 ,  3.313330e+03 ,  4.899403e+03 , -1.591988e+03 ,]
angleInclination_array = [6.981317e-01 , 6.981317e-01 , 6.981317e-01 , 6.981317e-01 , 6.981317e-01 , 6.981317e-01 , 6.981317e-01 , 6.981317e-01 , 6.981317e-01 , 6.981317e-01 , 6.981317e-01 , 6.981317e-01 , 6.981317e-01 , 6.981317e-01 , 6.981317e-01 , 6.981317e-01 , 6.981317e-01 , 6.981317e-01 , 6.981317e-01 , 6.981317e-01 , 6.981317e-01 , 6.981317e-01 , 6.981317e-01 , 6.981317e-01 , 6.981317e-01 , 6.981317e-01 , 6.981317e-01 , 6.981317e-01 , 6.981317e-01 , 6.981317e-01 , 6.981317e-01 , 6.981317e-01 , 6.981317e-01 , 6.981317e-01 , 6.981317e-01 , 6.981317e-01 , 6.981317e-01 , 6.981317e-01 , 6.981317e-01 , 6.981317e-01 , 6.981317e-01 , 6.981317e-01 , 6.981317e-01 , 6.981317e-01 , 6.981317e-01 , 6.981317e-01 , 6.981317e-01 , 6.981317e-01 , 6.981317e-01 , 6.981317e-01 ,]
angleAzimuth_array = [3.490659e+00 , 3.490659e+00 , 3.490659e+00 , 3.490659e+00 , 3.490659e+00 , 3.490659e+00 , 3.490659e+00 , 3.490659e+00 , 3.490659e+00 , 3.490659e+00 , 3.490659e+00 , 3.490659e+00 , 3.490659e+00 , 3.490659e+00 , 3.490659e+00 , 3.490659e+00 , 3.490659e+00 , 3.490659e+00 , 3.490659e+00 , 3.490659e+00 , 3.490659e+00 , 3.490659e+00 , 3.490659e+00 , 3.490659e+00 , 3.490659e+00 , 3.490659e+00 , 3.490659e+00 , 3.490659e+00 , 3.490659e+00 , 3.490659e+00 , 3.490659e+00 , 3.490659e+00 , 3.490659e+00 , 3.490659e+00 , 3.490659e+00 , 3.490659e+00 , 3.490659e+00 , 3.490659e+00 , 3.490659e+00 , 3.490659e+00 , 3.490659e+00 , 3.490659e+00 , 3.490659e+00 , 3.490659e+00 , 3.490659e+00 , 3.490659e+00 , 3.490659e+00 , 3.490659e+00 , 3.490659e+00 , 3.490659e+00 ,]
