% ground truth for sim_inc110_az120.tif
% settings
number_of_spots = 50
pixel_size_nm = 51.200
image_size_nm = 14142.136
image_size_px = 275
wavelength = 500
par.objectiveNA = 2.17
objectiveFocalLength = 770
par.refractiveIndices = [1.310000e+00 , 2.170000e+00 , 2.170000e+00 ,]
par.nDiscretizationBFP = 129
par.backgroundNoise = 0.020
par.nPhotons = 500
positionX_nm_array = [4.378273e+03 , -3.583704e+03 , -1.089391e+02 ,  1.296212e+03 , -3.374039e+03 , -1.598275e+03 ,  5.144574e+02 , -4.945842e+03 ,  3.899018e+03 ,  2.852956e+03 , -3.399779e+03 ,  4.053651e+03 ,  2.808092e+03 , -2.420000e+03 , -2.163291e+03 , -2.687229e+03 ,  3.751718e+03 ,  9.890258e+02 ,  2.201781e+03 , -2.874845e+03 ,  1.624345e+03 , -6.828033e+02 , -9.611921e+02 ,  1.042919e+03 ,  4.340149e+02 , -3.977126e+03 ,  2.756885e+03 ,  1.923093e+03 , -4.617325e+03 ,  3.775894e+03 , -4.084378e+03 , -1.173709e+03 ,  3.029851e+02 , -2.270769e+02 ,  3.051651e+03 , -4.763226e+03 ,  3.323096e+03 ,  4.925238e+03 ,  4.160123e+03 , -2.675170e+03 ,  1.773856e+03 , -4.078152e+03 , -2.677413e+03 , -1.415833e+03 ,  1.380735e+03 ,  4.798440e+03 ,  1.663766e+03 , -4.851353e+03 ,  4.912370e+03 , -2.170269e+03 ,]
positionY_nm_array = [-1.966912e+03 ,  1.421571e+03 ,  9.671497e+02 ,  1.412751e+03 ,  3.267541e+03 , -4.398521e+03 , -2.105167e+03 ,  9.823497e+02 ,  4.300380e+03 ,  2.847423e+03 ,  6.823847e+01 ,  3.203133e+03 , -4.595499e+03 ,  3.212719e+02 ,  3.877995e+03 , -2.996033e+03 , -5.555142e+02 ,  2.751931e+03 ,  7.856415e+02 , -1.942648e+03 ,  4.664024e+03 , -3.272033e+03 ,  3.412245e+02 , -4.822012e+03 , -6.553407e+01 , -2.248424e+03 , -1.665142e+03 , -4.041052e+03 , -6.092935e+01 ,  7.368307e+02 ,  4.459631e+03 ,  2.858662e+03 ,  3.719649e+03 ,  2.315361e+03 , -3.438165e+03 , -1.452566e+03 ,  1.718444e+03 ,  4.012710e+03 , -3.284340e+03 , -4.072143e+03 , -7.894973e+02 , -4.276741e+03 , -7.727814e+02 , -1.540917e+03 , -2.948777e+03 , -4.239753e+03 ,  3.582590e+03 ,  2.000253e+03 ,  5.144850e+02 ,  1.824465e+03 ,]
angleInclination_array = [1.919862e+00 , 1.919862e+00 , 1.919862e+00 , 1.919862e+00 , 1.919862e+00 , 1.919862e+00 , 1.919862e+00 , 1.919862e+00 , 1.919862e+00 , 1.919862e+00 , 1.919862e+00 , 1.919862e+00 , 1.919862e+00 , 1.919862e+00 , 1.919862e+00 , 1.919862e+00 , 1.919862e+00 , 1.919862e+00 , 1.919862e+00 , 1.919862e+00 , 1.919862e+00 , 1.919862e+00 , 1.919862e+00 , 1.919862e+00 , 1.919862e+00 , 1.919862e+00 , 1.919862e+00 , 1.919862e+00 , 1.919862e+00 , 1.919862e+00 , 1.919862e+00 , 1.919862e+00 , 1.919862e+00 , 1.919862e+00 , 1.919862e+00 , 1.919862e+00 , 1.919862e+00 , 1.919862e+00 , 1.919862e+00 , 1.919862e+00 , 1.919862e+00 , 1.919862e+00 , 1.919862e+00 , 1.919862e+00 , 1.919862e+00 , 1.919862e+00 , 1.919862e+00 , 1.919862e+00 , 1.919862e+00 , 1.919862e+00 ,]
angleAzimuth_array = [2.094395e+00 , 2.094395e+00 , 2.094395e+00 , 2.094395e+00 , 2.094395e+00 , 2.094395e+00 , 2.094395e+00 , 2.094395e+00 , 2.094395e+00 , 2.094395e+00 , 2.094395e+00 , 2.094395e+00 , 2.094395e+00 , 2.094395e+00 , 2.094395e+00 , 2.094395e+00 , 2.094395e+00 , 2.094395e+00 , 2.094395e+00 , 2.094395e+00 , 2.094395e+00 , 2.094395e+00 , 2.094395e+00 , 2.094395e+00 , 2.094395e+00 , 2.094395e+00 , 2.094395e+00 , 2.094395e+00 , 2.094395e+00 , 2.094395e+00 , 2.094395e+00 , 2.094395e+00 , 2.094395e+00 , 2.094395e+00 , 2.094395e+00 , 2.094395e+00 , 2.094395e+00 , 2.094395e+00 , 2.094395e+00 , 2.094395e+00 , 2.094395e+00 , 2.094395e+00 , 2.094395e+00 , 2.094395e+00 , 2.094395e+00 , 2.094395e+00 , 2.094395e+00 , 2.094395e+00 , 2.094395e+00 , 2.094395e+00 ,]
