% ground truth for sim_inc160_az40.tif
% settings
number_of_spots = 50
pixel_size_nm = 51.200
image_size_nm = 14142.136
image_size_px = 275
wavelength = 500
par.objectiveNA = 2.17
objectiveFocalLength = 770
par.refractiveIndices = [1.310000e+00 , 2.170000e+00 , 2.170000e+00 ,]
par.nDiscretizationBFP = 129
par.backgroundNoise = 0.020
par.nPhotons = 500
positionX_nm_array = [-6.573709e+02 , -1.615727e+03 ,  1.302918e+03 , -2.237255e+03 , -4.679431e+03 ,  7.415732e+02 , -4.227872e+03 ,  1.472349e+03 ,  2.847630e+03 ,  3.802900e+03 ,  4.105470e+03 ,  1.911413e+03 ,  1.794705e+02 ,  1.867860e+03 , -2.256619e+03 , -2.121370e+03 , -4.373042e+03 ,  2.850649e+02 , -3.474455e+03 , -1.309399e+03 ,  3.721223e+03 ,  2.147618e+03 ,  4.723098e+03 , -1.973833e+03 , -4.318833e+02 , -9.649374e+02 , -2.372475e+03 , -1.754638e+03 , -3.286561e+03 , -6.892554e+02 ,  5.070408e+02 ,  1.604002e+03 , -3.351147e+02 ,  3.204985e+03 ,  4.837008e+03 , -2.891918e+03 , -4.662139e+03 , -4.798644e+03 ,  2.589840e+02 ,  3.480970e+02 ,  3.607488e+03 ,  4.411845e+03 ,  4.064897e+03 ,  2.111881e+03 ,  3.230837e+03 ,  4.723613e+03 , -3.693908e+03 , -4.067887e+03 , -3.484461e+03 , -4.010631e+03 ,]
positionY_nm_array = [1.799080e+03 , -4.291042e+03 ,  4.476444e+03 , -1.916558e+03 , -4.886399e+03 ,  3.212914e+01 ,  2.799318e+03 , -4.541408e+03 , -4.315983e+03 , -3.993898e+03 ,  2.616858e+03 , -2.403822e+01 , -4.751244e+03 ,  2.047382e+03 , -2.973193e+03 ,  1.066028e+03 , -2.635790e+02 , -2.470811e+03 , -3.352320e+03 ,  4.201054e+03 , -2.982521e+03 , -1.449046e+03 ,  7.058833e+02 ,  2.861595e+03 ,  7.870131e+02 , -9.254670e+02 ,  3.859963e+03 , -4.290716e+01 ,  2.127376e+03 ,  2.830123e+03 ,  3.610778e+03 ,  3.283825e+03 , -3.271029e+03 , -2.051212e+03 ,  3.839256e+03 , -1.119670e+01 ,  1.412264e+03 , -3.217279e+03 ,  4.744602e+03 , -9.535417e+02 , -5.914785e+02 , -4.949161e+03 ,  4.702966e+03 , -2.674480e+03 ,  3.197596e+03 , -3.510524e+03 ,  9.087095e+02 ,  4.457644e+03 , -8.830431e+02 , -2.366434e+03 ,]
angleInclination_array = [2.792527e+00 , 2.792527e+00 , 2.792527e+00 , 2.792527e+00 , 2.792527e+00 , 2.792527e+00 , 2.792527e+00 , 2.792527e+00 , 2.792527e+00 , 2.792527e+00 , 2.792527e+00 , 2.792527e+00 , 2.792527e+00 , 2.792527e+00 , 2.792527e+00 , 2.792527e+00 , 2.792527e+00 , 2.792527e+00 , 2.792527e+00 , 2.792527e+00 , 2.792527e+00 , 2.792527e+00 , 2.792527e+00 , 2.792527e+00 , 2.792527e+00 , 2.792527e+00 , 2.792527e+00 , 2.792527e+00 , 2.792527e+00 , 2.792527e+00 , 2.792527e+00 , 2.792527e+00 , 2.792527e+00 , 2.792527e+00 , 2.792527e+00 , 2.792527e+00 , 2.792527e+00 , 2.792527e+00 , 2.792527e+00 , 2.792527e+00 , 2.792527e+00 , 2.792527e+00 , 2.792527e+00 , 2.792527e+00 , 2.792527e+00 , 2.792527e+00 , 2.792527e+00 , 2.792527e+00 , 2.792527e+00 , 2.792527e+00 ,]
angleAzimuth_array = [6.981317e-01 , 6.981317e-01 , 6.981317e-01 , 6.981317e-01 , 6.981317e-01 , 6.981317e-01 , 6.981317e-01 , 6.981317e-01 , 6.981317e-01 , 6.981317e-01 , 6.981317e-01 , 6.981317e-01 , 6.981317e-01 , 6.981317e-01 , 6.981317e-01 , 6.981317e-01 , 6.981317e-01 , 6.981317e-01 , 6.981317e-01 , 6.981317e-01 , 6.981317e-01 , 6.981317e-01 , 6.981317e-01 , 6.981317e-01 , 6.981317e-01 , 6.981317e-01 , 6.981317e-01 , 6.981317e-01 , 6.981317e-01 , 6.981317e-01 , 6.981317e-01 , 6.981317e-01 , 6.981317e-01 , 6.981317e-01 , 6.981317e-01 , 6.981317e-01 , 6.981317e-01 , 6.981317e-01 , 6.981317e-01 , 6.981317e-01 , 6.981317e-01 , 6.981317e-01 , 6.981317e-01 , 6.981317e-01 , 6.981317e-01 , 6.981317e-01 , 6.981317e-01 , 6.981317e-01 , 6.981317e-01 , 6.981317e-01 ,]
