% ground truth for sim_inc170_az200.tif
% settings
number_of_spots = 50
pixel_size_nm = 51.200
image_size_nm = 14142.136
image_size_px = 275
wavelength = 500
par.objectiveNA = 2.17
objectiveFocalLength = 770
par.refractiveIndices = [1.310000e+00 , 2.170000e+00 , 2.170000e+00 ,]
par.nDiscretizationBFP = 129
par.backgroundNoise = 0.020
par.nPhotons = 500
positionX_nm_array = [4.808792e+03 , -2.402876e+02 ,  3.949413e+03 , -9.155157e+02 ,  1.736576e+03 ,  2.692855e+03 ,  1.458617e+03 , -2.130715e+02 ,  4.115419e+03 , -3.794564e+03 , -2.309695e+03 ,  2.068316e+03 ,  6.873402e+02 , -3.798897e+03 ,  4.668547e+03 , -2.057932e+03 , -4.774904e+03 ,  2.191620e+03 , -3.427959e+03 , -2.495015e+03 ,  3.210570e+03 , -3.218209e+03 ,  5.804610e+02 ,  2.900440e+03 , -1.224587e+03 , -3.110324e+03 ,  7.997946e+02 ,  4.252198e+03 , -2.725841e+03 ,  7.418367e+02 , -4.070310e+02 ,  2.982754e+02 , -4.270766e+03 , -7.479961e+02 ,  1.883657e+03 ,  3.069580e+03 , -1.451746e+03 ,  1.794302e+03 , -1.325947e+03 ,  3.015794e+03 , -3.834662e+03 , -4.861714e+03 ,  3.664776e+02 ,  4.461921e+03 , -1.199018e+03 , -2.208805e+03 ,  4.675679e+03 ,  3.665308e+03 ,  1.280173e+03 ,  4.494531e+03 ,]
positionY_nm_array = [-1.456875e+03 , -3.021001e+03 , -2.966710e+03 ,  2.285536e+03 , -4.892092e+01 ,  2.467764e+03 ,  3.381586e+03 ,  3.575892e+03 ,  3.161140e+03 ,  1.150443e+03 , -2.680572e+02 , -4.114804e+03 ,  6.105281e+02 , -2.663985e+03 , -4.520273e+03 ,  3.114648e+03 ,  3.898493e+03 ,  4.503754e+03 ,  3.818869e+03 ,  1.666431e+03 ,  4.259668e+03 , -4.120957e+03 , -3.965644e+03 ,  9.501080e+02 , -1.891301e+03 , -1.423619e+03 ,  2.394936e+03 , -3.621657e+02 , -2.691211e+03 , -4.043802e+02 , -4.544388e+03 , -1.437057e+03 , -5.862115e+02 ,  1.092907e+03 ,  1.799153e+03 , -4.794641e+03 , -3.902783e+03 , -2.754969e+03 ,  2.019499e+02 , -5.880064e+02 ,  2.315750e+03 ,  1.959973e+03 ,  4.648445e+03 ,  2.184267e+03 ,  4.413391e+03 ,  4.884655e+03 ,  4.766919e+03 , -1.903250e+03 , -4.734978e+03 ,  8.100397e+02 ,]
angleInclination_array = [2.967060e+00 , 2.967060e+00 , 2.967060e+00 , 2.967060e+00 , 2.967060e+00 , 2.967060e+00 , 2.967060e+00 , 2.967060e+00 , 2.967060e+00 , 2.967060e+00 , 2.967060e+00 , 2.967060e+00 , 2.967060e+00 , 2.967060e+00 , 2.967060e+00 , 2.967060e+00 , 2.967060e+00 , 2.967060e+00 , 2.967060e+00 , 2.967060e+00 , 2.967060e+00 , 2.967060e+00 , 2.967060e+00 , 2.967060e+00 , 2.967060e+00 , 2.967060e+00 , 2.967060e+00 , 2.967060e+00 , 2.967060e+00 , 2.967060e+00 , 2.967060e+00 , 2.967060e+00 , 2.967060e+00 , 2.967060e+00 , 2.967060e+00 , 2.967060e+00 , 2.967060e+00 , 2.967060e+00 , 2.967060e+00 , 2.967060e+00 , 2.967060e+00 , 2.967060e+00 , 2.967060e+00 , 2.967060e+00 , 2.967060e+00 , 2.967060e+00 , 2.967060e+00 , 2.967060e+00 , 2.967060e+00 , 2.967060e+00 ,]
angleAzimuth_array = [3.490659e+00 , 3.490659e+00 , 3.490659e+00 , 3.490659e+00 , 3.490659e+00 , 3.490659e+00 , 3.490659e+00 , 3.490659e+00 , 3.490659e+00 , 3.490659e+00 , 3.490659e+00 , 3.490659e+00 , 3.490659e+00 , 3.490659e+00 , 3.490659e+00 , 3.490659e+00 , 3.490659e+00 , 3.490659e+00 , 3.490659e+00 , 3.490659e+00 , 3.490659e+00 , 3.490659e+00 , 3.490659e+00 , 3.490659e+00 , 3.490659e+00 , 3.490659e+00 , 3.490659e+00 , 3.490659e+00 , 3.490659e+00 , 3.490659e+00 , 3.490659e+00 , 3.490659e+00 , 3.490659e+00 , 3.490659e+00 , 3.490659e+00 , 3.490659e+00 , 3.490659e+00 , 3.490659e+00 , 3.490659e+00 , 3.490659e+00 , 3.490659e+00 , 3.490659e+00 , 3.490659e+00 , 3.490659e+00 , 3.490659e+00 , 3.490659e+00 , 3.490659e+00 , 3.490659e+00 , 3.490659e+00 , 3.490659e+00 ,]
