% ground truth for sim_inc180_az180.tif
% settings
number_of_spots = 50
pixel_size_nm = 51.200
image_size_nm = 14142.136
image_size_px = 275
wavelength = 500
par.objectiveNA = 2.17
objectiveFocalLength = 770
par.refractiveIndices = [1.310000e+00 , 2.170000e+00 , 2.170000e+00 ,]
par.nDiscretizationBFP = 129
par.backgroundNoise = 0.020
par.nPhotons = 500
positionX_nm_array = [-3.179937e+03 , -2.276111e+03 ,  2.055331e+03 ,  4.155295e+02 , -2.077633e+03 , -2.429119e+03 ,  3.844694e+03 ,  3.577247e+03 ,  1.120506e+03 ,  1.996413e+03 ,  4.280359e+03 , -1.773321e+03 ,  4.823498e+03 , -2.474111e+03 ,  2.977665e+03 , -3.479851e+03 ,  4.806374e+03 , -9.354128e+02 , -1.380785e+03 ,  3.741954e+03 ,  1.300841e+03 ,  2.944197e+03 , -7.278041e+02 , -4.230273e+03 , -2.872632e+03 ,  2.038790e+03 ,  7.303517e+02 ,  4.798507e+03 , -5.732552e+02 ,  2.874906e+03 , -4.746567e+03 ,  2.692289e+02 , -4.363358e+03 ,  1.380950e+03 ,  3.452600e+03 , -4.108337e+03 , -2.608171e+03 , -3.907002e+03 ,  4.849942e+03 , -5.297252e+02 ,  1.451525e+03 , -1.031132e+02 ,  5.533297e+02 , -9.827320e+02 ,  2.457374e+03 , -3.971645e+03 , -4.834149e+03 , -3.587428e+03 ,  3.787372e+02 ,  4.835601e+03 ,]
positionY_nm_array = [-1.590368e+03 , -3.962936e+03 , -1.218982e+01 , -1.145739e+03 ,  4.085592e+03 ,  1.838686e+03 ,  2.564359e+03 , -2.368250e+03 , -4.192757e+03 ,  2.596648e+03 , -3.503501e+03 , -2.414582e+03 ,  4.220724e+03 ,  5.622550e+02 , -3.524184e+03 ,  3.910554e+03 , -3.442135e+02 ,  2.777850e+03 , -5.827109e+02 ,  3.282275e+02 ,  1.399716e+03 ,  4.134328e+03 , -3.662733e+03 , -4.865222e+03 ,  2.743563e+03 , -2.769597e+03 ,  2.244548e+03 , -2.192179e+03 ,  1.539993e+03 , -4.776473e+03 ,  1.525951e+03 ,  4.512034e+03 ,  4.903153e+02 , -1.698693e+03 , -1.170317e+03 , -3.582173e+03 , -6.977873e+02 , -5.547139e+02 ,  1.063857e+03 , -2.217040e+03 ,  4.590856e+03 ,  2.477640e+02 ,  3.339680e+03 , -4.698401e+03 ,  1.287847e+03 , -2.204715e+03 ,  2.846561e+03 ,  1.690636e+03 , -2.664939e+03 ,  2.814796e+03 ,]
angleInclination_array = [3.141593e+00 , 3.141593e+00 , 3.141593e+00 , 3.141593e+00 , 3.141593e+00 , 3.141593e+00 , 3.141593e+00 , 3.141593e+00 , 3.141593e+00 , 3.141593e+00 , 3.141593e+00 , 3.141593e+00 , 3.141593e+00 , 3.141593e+00 , 3.141593e+00 , 3.141593e+00 , 3.141593e+00 , 3.141593e+00 , 3.141593e+00 , 3.141593e+00 , 3.141593e+00 , 3.141593e+00 , 3.141593e+00 , 3.141593e+00 , 3.141593e+00 , 3.141593e+00 , 3.141593e+00 , 3.141593e+00 , 3.141593e+00 , 3.141593e+00 , 3.141593e+00 , 3.141593e+00 , 3.141593e+00 , 3.141593e+00 , 3.141593e+00 , 3.141593e+00 , 3.141593e+00 , 3.141593e+00 , 3.141593e+00 , 3.141593e+00 , 3.141593e+00 , 3.141593e+00 , 3.141593e+00 , 3.141593e+00 , 3.141593e+00 , 3.141593e+00 , 3.141593e+00 , 3.141593e+00 , 3.141593e+00 , 3.141593e+00 ,]
angleAzimuth_array = [3.141593e+00 , 3.141593e+00 , 3.141593e+00 , 3.141593e+00 , 3.141593e+00 , 3.141593e+00 , 3.141593e+00 , 3.141593e+00 , 3.141593e+00 , 3.141593e+00 , 3.141593e+00 , 3.141593e+00 , 3.141593e+00 , 3.141593e+00 , 3.141593e+00 , 3.141593e+00 , 3.141593e+00 , 3.141593e+00 , 3.141593e+00 , 3.141593e+00 , 3.141593e+00 , 3.141593e+00 , 3.141593e+00 , 3.141593e+00 , 3.141593e+00 , 3.141593e+00 , 3.141593e+00 , 3.141593e+00 , 3.141593e+00 , 3.141593e+00 , 3.141593e+00 , 3.141593e+00 , 3.141593e+00 , 3.141593e+00 , 3.141593e+00 , 3.141593e+00 , 3.141593e+00 , 3.141593e+00 , 3.141593e+00 , 3.141593e+00 , 3.141593e+00 , 3.141593e+00 , 3.141593e+00 , 3.141593e+00 , 3.141593e+00 , 3.141593e+00 , 3.141593e+00 , 3.141593e+00 , 3.141593e+00 , 3.141593e+00 ,]
