% ground truth for sim_inc110_az300.tif
% settings
number_of_spots = 50
pixel_size_nm = 51.200
image_size_nm = 14142.136
image_size_px = 275
wavelength = 500
par.objectiveNA = 2.17
objectiveFocalLength = 770
par.refractiveIndices = [1.310000e+00 , 2.170000e+00 , 2.170000e+00 ,]
par.nDiscretizationBFP = 129
par.backgroundNoise = 0.020
par.nPhotons = 500
positionX_nm_array = [2.394985e+03 , -4.170319e+03 , -3.296509e+03 ,  1.582656e+02 , -1.340244e+03 ,  3.869331e+03 ,  6.513893e+02 , -4.529976e+03 ,  4.480395e+03 , -3.856054e+03 , -5.006244e+02 ,  2.498487e+03 , -1.190084e+02 ,  2.287802e+03 ,  3.331066e+03 , -2.079791e+03 , -2.921833e+03 , -8.046919e+01 ,  9.494581e+02 , -1.375761e+03 ,  3.691222e+03 , -2.138812e+03 ,  2.025709e+03 , -1.934898e+03 , -4.851379e+03 ,  1.818057e+03 , -4.098017e+03 , -4.593961e+01 , -1.904538e+03 ,  2.347698e+03 , -3.319113e+03 , -4.443230e+03 ,  3.798540e+03 ,  3.885021e+03 , -1.750425e+03 , -3.370920e+03 , -3.431103e+02 ,  1.517107e+03 ,  4.907822e+03 , -2.275899e+03 ,  3.424474e+03 , -4.841553e+03 ,  4.806560e+03 ,  7.472550e+02 , -5.041519e+01 , -4.213809e+03 , -1.112960e+03 ,  2.892907e+03 , -4.870429e+03 ,  1.244459e+03 ,]
positionY_nm_array = [3.612591e+03 ,  2.518259e+03 ,  9.727932e+02 , -4.183170e+03 , -3.805771e+03 , -4.322829e+03 ,  2.418250e+02 ,  4.739717e+03 , -4.708648e+02 , -3.285804e+03 ,  9.235944e+02 , -1.283255e+03 ,  4.278946e+03 ,  3.661036e+01 , -2.568514e+03 ,  4.444075e+03 , -1.251235e+01 , -3.170783e+03 ,  4.481724e+03 , -1.583332e+03 ,  2.164945e+03 , -8.939591e+02 , -3.260650e+03 ,  2.752637e+03 ,  4.859249e+02 , -4.399003e+03 , -4.462053e+03 , -1.499005e+03 , -2.820377e+03 ,  1.355744e+03 , -1.959331e+03 , -1.363970e+03 ,  4.111424e+03 , -1.297570e+03 ,  9.433895e+02 ,  4.801345e+03 , -5.231851e+02 , -2.136038e+03 , -4.096955e+03 , -4.459493e+03 ,  9.700043e+02 ,  1.631533e+03 , -2.004746e+03 ,  2.074245e+03 ,  2.691948e+03 ,  3.676687e+03 ,  1.959589e+03 , -3.827541e+03 , -2.713882e+03 , -7.762151e+02 ,]
angleInclination_array = [1.919862e+00 , 1.919862e+00 , 1.919862e+00 , 1.919862e+00 , 1.919862e+00 , 1.919862e+00 , 1.919862e+00 , 1.919862e+00 , 1.919862e+00 , 1.919862e+00 , 1.919862e+00 , 1.919862e+00 , 1.919862e+00 , 1.919862e+00 , 1.919862e+00 , 1.919862e+00 , 1.919862e+00 , 1.919862e+00 , 1.919862e+00 , 1.919862e+00 , 1.919862e+00 , 1.919862e+00 , 1.919862e+00 , 1.919862e+00 , 1.919862e+00 , 1.919862e+00 , 1.919862e+00 , 1.919862e+00 , 1.919862e+00 , 1.919862e+00 , 1.919862e+00 , 1.919862e+00 , 1.919862e+00 , 1.919862e+00 , 1.919862e+00 , 1.919862e+00 , 1.919862e+00 , 1.919862e+00 , 1.919862e+00 , 1.919862e+00 , 1.919862e+00 , 1.919862e+00 , 1.919862e+00 , 1.919862e+00 , 1.919862e+00 , 1.919862e+00 , 1.919862e+00 , 1.919862e+00 , 1.919862e+00 , 1.919862e+00 ,]
angleAzimuth_array = [5.235988e+00 , 5.235988e+00 , 5.235988e+00 , 5.235988e+00 , 5.235988e+00 , 5.235988e+00 , 5.235988e+00 , 5.235988e+00 , 5.235988e+00 , 5.235988e+00 , 5.235988e+00 , 5.235988e+00 , 5.235988e+00 , 5.235988e+00 , 5.235988e+00 , 5.235988e+00 , 5.235988e+00 , 5.235988e+00 , 5.235988e+00 , 5.235988e+00 , 5.235988e+00 , 5.235988e+00 , 5.235988e+00 , 5.235988e+00 , 5.235988e+00 , 5.235988e+00 , 5.235988e+00 , 5.235988e+00 , 5.235988e+00 , 5.235988e+00 , 5.235988e+00 , 5.235988e+00 , 5.235988e+00 , 5.235988e+00 , 5.235988e+00 , 5.235988e+00 , 5.235988e+00 , 5.235988e+00 , 5.235988e+00 , 5.235988e+00 , 5.235988e+00 , 5.235988e+00 , 5.235988e+00 , 5.235988e+00 , 5.235988e+00 , 5.235988e+00 , 5.235988e+00 , 5.235988e+00 , 5.235988e+00 , 5.235988e+00 ,]
