% ground truth for sim_inc160_az60.tif
% settings
number_of_spots = 50
pixel_size_nm = 51.200
image_size_nm = 14142.136
image_size_px = 275
wavelength = 500
par.objectiveNA = 2.17
objectiveFocalLength = 770
par.refractiveIndices = [1.310000e+00 , 2.170000e+00 , 2.170000e+00 ,]
par.nDiscretizationBFP = 129
par.backgroundNoise = 0.020
par.nPhotons = 500
positionX_nm_array = [-1.048444e+03 ,  1.591333e+03 ,  2.883752e+03 ,  3.245399e+03 ,  1.514285e+03 , -1.989127e+02 , -2.588365e+03 , -4.721102e+03 ,  1.369679e+03 , -2.084103e+03 ,  3.925543e+02 ,  7.554392e+02 , -2.016641e+03 , -3.340212e+03 , -1.933443e+03 , -4.121633e+03 , -4.292897e+03 ,  3.637537e+03 ,  1.982445e+03 , -1.049159e+03 ,  6.902243e+02 , -4.803124e+03 , -1.096419e+03 ,  4.305745e+03 ,  1.797401e+03 ,  3.433351e+02 , -3.872021e+03 ,  4.875458e+03 , -2.012548e+03 , -6.982479e+02 ,  3.858285e+03 , -1.400737e+03 ,  2.469946e+03 , -4.549283e+03 ,  4.276243e+03 ,  4.867528e+03 , -4.136618e+02 ,  8.828899e+02 , -3.687126e+03 , -4.642348e+03 ,  6.864906e+02 , -3.297593e+03 ,  3.240230e+03 , -2.549063e+03 , -7.322521e+02 ,  3.224167e+03 ,  4.754262e+03 , -4.936202e+03 , -2.682510e+03 , -3.413613e+03 ,]
positionY_nm_array = [-4.720298e+01 ,  1.479198e+03 , -3.242703e+03 ,  2.823385e+03 ,  3.047616e+03 , -4.707865e+03 ,  3.955153e+03 ,  3.908909e+03 , -3.947130e+03 , -1.599206e+03 ,  1.853738e+03 , -7.481453e+02 ,  1.462060e+03 , -3.078338e+03 , -4.908736e+03 ,  1.590641e+03 ,  1.597414e+02 , -5.525537e+02 , -2.036557e+03 ,  1.867125e+03 ,  2.686200e+02 , -1.393369e+03 , -3.541572e+03 ,  2.693996e+03 ,  4.228277e+03 , -3.673342e+03 , -4.909418e+03 , -2.201609e+03 ,  4.405505e+02 ,  4.738546e+03 , -3.945105e+03 ,  2.964560e+03 ,  1.977782e+02 ,  2.879549e+03 ,  4.567517e+03 ,  1.244393e+03 ,  3.546333e+03 , -2.285744e+03 ,  4.143866e+03 , -3.359833e+03 ,  4.358296e+03 ,  1.009186e+03 ,  1.492429e+03 ,  2.611848e+03 , -1.447336e+03 ,  4.549585e+03 , -4.157197e+02 ,  4.944239e+03 , -4.046022e+03 ,  3.169669e+03 ,]
angleInclination_array = [2.792527e+00 , 2.792527e+00 , 2.792527e+00 , 2.792527e+00 , 2.792527e+00 , 2.792527e+00 , 2.792527e+00 , 2.792527e+00 , 2.792527e+00 , 2.792527e+00 , 2.792527e+00 , 2.792527e+00 , 2.792527e+00 , 2.792527e+00 , 2.792527e+00 , 2.792527e+00 , 2.792527e+00 , 2.792527e+00 , 2.792527e+00 , 2.792527e+00 , 2.792527e+00 , 2.792527e+00 , 2.792527e+00 , 2.792527e+00 , 2.792527e+00 , 2.792527e+00 , 2.792527e+00 , 2.792527e+00 , 2.792527e+00 , 2.792527e+00 , 2.792527e+00 , 2.792527e+00 , 2.792527e+00 , 2.792527e+00 , 2.792527e+00 , 2.792527e+00 , 2.792527e+00 , 2.792527e+00 , 2.792527e+00 , 2.792527e+00 , 2.792527e+00 , 2.792527e+00 , 2.792527e+00 , 2.792527e+00 , 2.792527e+00 , 2.792527e+00 , 2.792527e+00 , 2.792527e+00 , 2.792527e+00 , 2.792527e+00 ,]
angleAzimuth_array = [1.047198e+00 , 1.047198e+00 , 1.047198e+00 , 1.047198e+00 , 1.047198e+00 , 1.047198e+00 , 1.047198e+00 , 1.047198e+00 , 1.047198e+00 , 1.047198e+00 , 1.047198e+00 , 1.047198e+00 , 1.047198e+00 , 1.047198e+00 , 1.047198e+00 , 1.047198e+00 , 1.047198e+00 , 1.047198e+00 , 1.047198e+00 , 1.047198e+00 , 1.047198e+00 , 1.047198e+00 , 1.047198e+00 , 1.047198e+00 , 1.047198e+00 , 1.047198e+00 , 1.047198e+00 , 1.047198e+00 , 1.047198e+00 , 1.047198e+00 , 1.047198e+00 , 1.047198e+00 , 1.047198e+00 , 1.047198e+00 , 1.047198e+00 , 1.047198e+00 , 1.047198e+00 , 1.047198e+00 , 1.047198e+00 , 1.047198e+00 , 1.047198e+00 , 1.047198e+00 , 1.047198e+00 , 1.047198e+00 , 1.047198e+00 , 1.047198e+00 , 1.047198e+00 , 1.047198e+00 , 1.047198e+00 , 1.047198e+00 ,]
