% ground truth for sim_inc90_az100.tif
% settings
number_of_spots = 50
pixel_size_nm = 51.200
image_size_nm = 14142.136
image_size_px = 275
wavelength = 500
par.objectiveNA = 2.17
objectiveFocalLength = 770
par.refractiveIndices = [1.310000e+00 , 2.170000e+00 , 2.170000e+00 ,]
par.nDiscretizationBFP = 129
par.backgroundNoise = 0.020
par.nPhotons = 500
positionX_nm_array = [2.515546e+03 , -4.307968e+03 , -4.567856e+03 , -1.802353e+03 ,  3.807097e+03 , -4.314624e+02 ,  4.438341e+02 ,  1.998529e+03 ,  3.702215e+03 ,  5.317760e+02 , -3.413151e+03 , -1.074764e+03 ,  2.334212e+03 ,  6.195813e+02 ,  2.548080e+03 ,  1.790215e+03 , -2.955586e+03 , -3.504875e+03 ,  3.857814e+02 , -9.504920e+02 ,  4.620250e+03 ,  1.695718e+03 , -1.571186e+03 ,  3.832213e+02 , -2.697481e+03 , -2.709096e+03 , -1.604672e+03 , -2.173715e+03 ,  4.066439e+03 ,  4.041022e+03 , -4.709346e+03 ,  3.262095e+03 , -2.475559e+03 , -3.697411e+03 , -4.255062e+03 , -1.463161e+03 ,  4.498907e+03 ,  2.061691e+03 ,  6.200487e+02 , -4.487463e+03 ,  3.180421e+03 , -2.481074e+02 , -3.841376e+02 ,  4.885970e+03 , -2.917301e+03 ,  2.249932e+03 ,  3.905254e+03 ,  3.493724e+03 ,  3.387780e+03 , -5.701592e+02 ,]
positionY_nm_array = [2.128523e+03 ,  3.629151e+03 , -3.709558e+03 ,  2.274691e+03 , -2.186220e+03 , -4.044545e+03 , -2.078302e+02 , -1.579055e+03 , -1.175348e+03 , -1.767969e+03 , -1.848679e+03 ,  3.513097e+03 , -4.855338e+03 ,  2.432150e+03 , -3.232733e+03 ,  4.937156e+03 , -4.796581e+03 ,  1.668838e+03 ,  1.140998e+03 ,  3.482391e+02 ,  8.992672e+02 ,  1.303298e+03 ,  4.570738e+03 ,  3.652415e+03 , -9.467644e+02 ,  1.604752e+02 , -1.004617e+03 , -2.880370e+03 ,  2.170739e+03 , -4.478955e+03 ,  1.966249e+03 ,  3.392299e+03 ,  3.246758e+03 , -5.154853e+02 , -4.727997e+03 , -4.384690e+03 ,  3.670869e+03 ,  3.342968e+03 , -4.485862e+03 ,  2.257520e+02 , -2.939682e+02 , -2.618153e+03 ,  4.447359e+03 , -4.359415e+02 ,  4.742941e+03 ,  3.112230e+02 , -3.344921e+03 ,  4.757554e+03 ,  1.333031e+03 ,  2.515463e+03 ,]
angleInclination_array = [1.570796e+00 , 1.570796e+00 , 1.570796e+00 , 1.570796e+00 , 1.570796e+00 , 1.570796e+00 , 1.570796e+00 , 1.570796e+00 , 1.570796e+00 , 1.570796e+00 , 1.570796e+00 , 1.570796e+00 , 1.570796e+00 , 1.570796e+00 , 1.570796e+00 , 1.570796e+00 , 1.570796e+00 , 1.570796e+00 , 1.570796e+00 , 1.570796e+00 , 1.570796e+00 , 1.570796e+00 , 1.570796e+00 , 1.570796e+00 , 1.570796e+00 , 1.570796e+00 , 1.570796e+00 , 1.570796e+00 , 1.570796e+00 , 1.570796e+00 , 1.570796e+00 , 1.570796e+00 , 1.570796e+00 , 1.570796e+00 , 1.570796e+00 , 1.570796e+00 , 1.570796e+00 , 1.570796e+00 , 1.570796e+00 , 1.570796e+00 , 1.570796e+00 , 1.570796e+00 , 1.570796e+00 , 1.570796e+00 , 1.570796e+00 , 1.570796e+00 , 1.570796e+00 , 1.570796e+00 , 1.570796e+00 , 1.570796e+00 ,]
angleAzimuth_array = [1.745329e+00 , 1.745329e+00 , 1.745329e+00 , 1.745329e+00 , 1.745329e+00 , 1.745329e+00 , 1.745329e+00 , 1.745329e+00 , 1.745329e+00 , 1.745329e+00 , 1.745329e+00 , 1.745329e+00 , 1.745329e+00 , 1.745329e+00 , 1.745329e+00 , 1.745329e+00 , 1.745329e+00 , 1.745329e+00 , 1.745329e+00 , 1.745329e+00 , 1.745329e+00 , 1.745329e+00 , 1.745329e+00 , 1.745329e+00 , 1.745329e+00 , 1.745329e+00 , 1.745329e+00 , 1.745329e+00 , 1.745329e+00 , 1.745329e+00 , 1.745329e+00 , 1.745329e+00 , 1.745329e+00 , 1.745329e+00 , 1.745329e+00 , 1.745329e+00 , 1.745329e+00 , 1.745329e+00 , 1.745329e+00 , 1.745329e+00 , 1.745329e+00 , 1.745329e+00 , 1.745329e+00 , 1.745329e+00 , 1.745329e+00 , 1.745329e+00 , 1.745329e+00 , 1.745329e+00 , 1.745329e+00 , 1.745329e+00 ,]
