% ground truth for sim_inc40_az320.tif
% settings
number_of_spots = 50
pixel_size_nm = 51.200
image_size_nm = 14142.136
image_size_px = 275
wavelength = 500
par.objectiveNA = 2.17
objectiveFocalLength = 770
par.refractiveIndices = [1.310000e+00 , 2.170000e+00 , 2.170000e+00 ,]
par.nDiscretizationBFP = 129
par.backgroundNoise = 0.020
par.nPhotons = 500
positionX_nm_array = [-4.248511e+03 , -1.243643e+03 , -3.468384e+03 ,  4.818266e+03 ,  2.074534e+03 ,  2.039221e+02 ,  1.211178e+03 ,  2.651400e+03 , -3.388580e+03 , -2.148808e+03 , -8.938733e+02 ,  1.786679e+03 ,  4.593112e+03 , -1.356292e+03 ,  2.765131e+03 , -3.946850e+03 , -4.699114e+03 ,  4.944563e+03 ,  4.688526e+03 , -3.641663e+03 , -2.069090e+03 , -8.468624e+02 ,  2.673220e+03 , -1.178904e+03 ,  1.353375e+03 ,  3.530952e+03 ,  1.803751e+02 , -4.151491e+03 , -2.183678e+02 ,  3.763602e+03 , -3.342107e+03 , -6.195528e+02 ,  4.328866e+03 ,  1.314483e+03 ,  1.141738e+03 ,  3.059295e+03 , -4.800036e+03 ,  2.533176e+03 , -4.559929e+03 ,  2.861942e+03 ,  3.448350e+03 ,  6.054124e+02 , -1.094008e+02 ,  4.165649e+03 ,  4.871545e+03 ,  2.597735e+03 , -2.237283e+03 ,  4.092028e+03 , -2.252165e+03 ,  1.031146e+03 ,]
positionY_nm_array = [-4.560813e+02 ,  4.545704e+03 ,  2.332650e+03 ,  4.862014e+03 ,  2.183552e+03 ,  1.069702e+03 , -3.827762e+03 ,  3.511114e+03 , -1.707616e+03 , -3.485274e+02 , -2.341959e+03 , -2.946065e+03 , -1.950345e+03 ,  2.827057e+03 , -3.929366e+03 ,  3.521109e+03 ,  1.122507e+03 , -3.177359e+03 ,  2.758604e+03 , -4.638398e+03 , -4.525693e+03 , -4.169055e+03 ,  1.116296e+03 ,  2.738412e+02 ,  4.734709e+02 ,  1.936840e+03 , -2.785448e+03 , -2.748206e+03 ,  3.163320e+03 , -2.772068e+03 ,  1.087458e+03 ,  1.727453e+03 , -7.781329e+02 ,  3.535091e+03 , -6.864854e+02 , -9.401027e+01 , -3.708427e+03 , -9.989168e+02 , -1.819395e+03 ,  4.564953e+03 , -1.589304e+03 , -4.679157e+03 ,  7.257323e+01 , -4.281622e+03 ,  1.275891e+03 , -2.334294e+03 , -1.496610e+03 ,  3.966041e+03 ,  1.451633e+03 ,  4.859528e+03 ,]
angleInclination_array = [6.981317e-01 , 6.981317e-01 , 6.981317e-01 , 6.981317e-01 , 6.981317e-01 , 6.981317e-01 , 6.981317e-01 , 6.981317e-01 , 6.981317e-01 , 6.981317e-01 , 6.981317e-01 , 6.981317e-01 , 6.981317e-01 , 6.981317e-01 , 6.981317e-01 , 6.981317e-01 , 6.981317e-01 , 6.981317e-01 , 6.981317e-01 , 6.981317e-01 , 6.981317e-01 , 6.981317e-01 , 6.981317e-01 , 6.981317e-01 , 6.981317e-01 , 6.981317e-01 , 6.981317e-01 , 6.981317e-01 , 6.981317e-01 , 6.981317e-01 , 6.981317e-01 , 6.981317e-01 , 6.981317e-01 , 6.981317e-01 , 6.981317e-01 , 6.981317e-01 , 6.981317e-01 , 6.981317e-01 , 6.981317e-01 , 6.981317e-01 , 6.981317e-01 , 6.981317e-01 , 6.981317e-01 , 6.981317e-01 , 6.981317e-01 , 6.981317e-01 , 6.981317e-01 , 6.981317e-01 , 6.981317e-01 , 6.981317e-01 ,]
angleAzimuth_array = [5.585054e+00 , 5.585054e+00 , 5.585054e+00 , 5.585054e+00 , 5.585054e+00 , 5.585054e+00 , 5.585054e+00 , 5.585054e+00 , 5.585054e+00 , 5.585054e+00 , 5.585054e+00 , 5.585054e+00 , 5.585054e+00 , 5.585054e+00 , 5.585054e+00 , 5.585054e+00 , 5.585054e+00 , 5.585054e+00 , 5.585054e+00 , 5.585054e+00 , 5.585054e+00 , 5.585054e+00 , 5.585054e+00 , 5.585054e+00 , 5.585054e+00 , 5.585054e+00 , 5.585054e+00 , 5.585054e+00 , 5.585054e+00 , 5.585054e+00 , 5.585054e+00 , 5.585054e+00 , 5.585054e+00 , 5.585054e+00 , 5.585054e+00 , 5.585054e+00 , 5.585054e+00 , 5.585054e+00 , 5.585054e+00 , 5.585054e+00 , 5.585054e+00 , 5.585054e+00 , 5.585054e+00 , 5.585054e+00 , 5.585054e+00 , 5.585054e+00 , 5.585054e+00 , 5.585054e+00 , 5.585054e+00 , 5.585054e+00 ,]
