% ground truth for sim_inc20_az320.tif
% settings
number_of_spots = 50
pixel_size_nm = 51.200
image_size_nm = 14142.136
image_size_px = 275
wavelength = 500
par.objectiveNA = 2.17
objectiveFocalLength = 770
par.refractiveIndices = [1.310000e+00 , 2.170000e+00 , 2.170000e+00 ,]
par.nDiscretizationBFP = 129
par.backgroundNoise = 0.020
par.nPhotons = 500
positionX_nm_array = [3.241501e+03 ,  3.592695e+03 ,  2.486195e+03 , -2.135306e+03 ,  3.364797e+03 , -1.509854e+03 ,  5.348326e+02 , -2.703637e+03 , -3.479618e+03 ,  4.359511e+03 , -2.238713e+02 ,  1.836061e+03 , -2.434250e+03 ,  1.395008e+03 , -4.523429e+03 , -2.204779e+03 , -6.560824e+02 , -4.518782e+03 , -9.930323e+02 , -8.570139e+02 ,  2.139953e+03 ,  1.372759e+03 , -1.906140e+03 ,  2.963128e+03 , -4.387082e+03 ,  2.768005e+03 ,  3.266291e+03 ,  6.359287e+02 ,  4.634310e+03 ,  4.782408e+03 , -3.852065e+03 , -3.528102e+02 , -4.236843e+03 ,  3.773469e+03 ,  1.296699e+03 ,  2.234474e+02 ,  1.178372e+03 ,  4.629081e+03 , -4.265600e+03 , -2.907642e+03 , -3.144800e+03 , -2.647571e+03 , -4.508975e+03 , -5.013083e+02 ,  3.401847e+03 ,  5.252858e+02 ,  4.495990e+02 , -1.467095e+03 ,  2.387726e+03 ,  4.897450e+03 ,]
positionY_nm_array = [-2.759981e+03 ,  2.390087e+03 ,  4.662222e+03 , -1.825491e+03 ,  5.629171e+02 ,  2.058612e+03 , -2.172810e+03 , -4.526299e+03 ,  4.874751e+03 ,  7.769157e+02 ,  1.390997e+03 , -6.573033e+02 ,  5.270096e+02 ,  4.753770e+03 ,  1.267015e+03 ,  3.020849e+03 ,  4.798246e+03 , -1.812949e+03 ,  5.294702e+02 , -4.721000e+03 , -3.438325e+03 , -4.143290e+03 , -3.865368e+03 , -5.944232e+02 , -9.477773e+01 , -4.761980e+03 , -1.708496e+03 , -3.241030e+03 , -1.077082e+03 ,  4.573006e+03 ,  3.740501e+03 , -3.736918e+03 ,  2.333882e+03 ,  4.712180e+03 ,  3.675930e+03 , -4.860300e+03 ,  1.931993e+03 , -3.436405e+03 , -4.395424e+03 , -7.769829e+02 ,  2.672731e+03 , -3.056674e+03 , -2.924953e+03 ,  2.956282e+03 ,  3.407672e+03 , -9.515918e+02 ,  7.362129e+01 , -2.588852e+03 ,  1.222641e+03 , -2.311598e+03 ,]
angleInclination_array = [3.490659e-01 , 3.490659e-01 , 3.490659e-01 , 3.490659e-01 , 3.490659e-01 , 3.490659e-01 , 3.490659e-01 , 3.490659e-01 , 3.490659e-01 , 3.490659e-01 , 3.490659e-01 , 3.490659e-01 , 3.490659e-01 , 3.490659e-01 , 3.490659e-01 , 3.490659e-01 , 3.490659e-01 , 3.490659e-01 , 3.490659e-01 , 3.490659e-01 , 3.490659e-01 , 3.490659e-01 , 3.490659e-01 , 3.490659e-01 , 3.490659e-01 , 3.490659e-01 , 3.490659e-01 , 3.490659e-01 , 3.490659e-01 , 3.490659e-01 , 3.490659e-01 , 3.490659e-01 , 3.490659e-01 , 3.490659e-01 , 3.490659e-01 , 3.490659e-01 , 3.490659e-01 , 3.490659e-01 , 3.490659e-01 , 3.490659e-01 , 3.490659e-01 , 3.490659e-01 , 3.490659e-01 , 3.490659e-01 , 3.490659e-01 , 3.490659e-01 , 3.490659e-01 , 3.490659e-01 , 3.490659e-01 , 3.490659e-01 ,]
angleAzimuth_array = [5.585054e+00 , 5.585054e+00 , 5.585054e+00 , 5.585054e+00 , 5.585054e+00 , 5.585054e+00 , 5.585054e+00 , 5.585054e+00 , 5.585054e+00 , 5.585054e+00 , 5.585054e+00 , 5.585054e+00 , 5.585054e+00 , 5.585054e+00 , 5.585054e+00 , 5.585054e+00 , 5.585054e+00 , 5.585054e+00 , 5.585054e+00 , 5.585054e+00 , 5.585054e+00 , 5.585054e+00 , 5.585054e+00 , 5.585054e+00 , 5.585054e+00 , 5.585054e+00 , 5.585054e+00 , 5.585054e+00 , 5.585054e+00 , 5.585054e+00 , 5.585054e+00 , 5.585054e+00 , 5.585054e+00 , 5.585054e+00 , 5.585054e+00 , 5.585054e+00 , 5.585054e+00 , 5.585054e+00 , 5.585054e+00 , 5.585054e+00 , 5.585054e+00 , 5.585054e+00 , 5.585054e+00 , 5.585054e+00 , 5.585054e+00 , 5.585054e+00 , 5.585054e+00 , 5.585054e+00 , 5.585054e+00 , 5.585054e+00 ,]
