% ground truth for sim_inc50_az180.tif
% settings
number_of_spots = 50
pixel_size_nm = 51.200
image_size_nm = 14142.136
image_size_px = 275
wavelength = 500
par.objectiveNA = 2.17
objectiveFocalLength = 770
par.refractiveIndices = [1.310000e+00 , 2.170000e+00 , 2.170000e+00 ,]
par.nDiscretizationBFP = 129
par.backgroundNoise = 0.020
par.nPhotons = 500
positionX_nm_array = [-1.164241e+03 ,  4.817035e+03 , -4.005189e+03 , -2.849004e+03 ,  3.243924e+03 ,  1.533884e+03 , -3.914337e+01 ,  3.252288e+03 ,  1.863714e+03 , -1.754098e+03 ,  9.604139e+02 ,  6.334728e+02 ,  4.781431e+02 ,  1.343482e+03 , -7.075560e+02 , -4.746852e+03 , -3.562303e+03 ,  6.766585e+02 ,  5.771574e+02 , -3.480107e+03 , -1.398903e+03 ,  2.735624e+03 ,  4.735651e+03 , -6.970468e+02 ,  2.180963e+03 , -3.052160e+03 ,  3.710896e+03 , -3.454997e+03 , -4.843285e+03 , -9.225455e+01 ,  2.053327e+03 ,  4.315300e+03 ,  4.387034e+03 , -1.292604e+03 , -1.652687e+03 ,  1.713774e+03 ,  3.537735e+03 , -9.124940e+02 ,  2.849755e+03 , -4.332653e+03 , -2.761823e+03 , -4.631631e+03 ,  1.625271e+03 , -2.621869e+03 , -2.400747e+03 , -4.221863e+03 ,  4.036624e+03 ,  3.806853e+03 , -1.664444e+03 , -2.853093e+03 ,]
positionY_nm_array = [4.240160e+03 , -3.024218e+03 ,  1.809396e+03 ,  1.061299e+03 ,  3.467644e+03 ,  4.938730e+03 ,  1.948336e+03 , -4.495921e+03 ,  3.824417e+03 , -8.226121e+01 ,  1.042249e+03 ,  2.961964e+03 , -2.091025e+03 , -4.024181e+03 ,  5.827015e+02 ,  7.166283e+02 , -3.372660e+03 , -3.221925e+03 , -6.516133e+02 ,  4.828812e+03 , -3.016247e+03 , -2.380178e+03 ,  1.542511e+03 , -8.782160e+02 ,  1.481566e+02 , -1.591424e+03 , -4.216381e+01 ,  2.694248e+03 , -1.984589e+03 , -4.174951e+03 , -1.573932e+03 , -4.600449e+03 ,  3.128152e+03 , -4.654981e+03 ,  1.073582e+03 ,  2.601692e+03 , -1.180601e+03 ,  3.255448e+03 ,  1.684588e+03 , -4.372967e+03 ,  3.903805e+03 , -5.151976e+02 , -2.660981e+03 , -3.839463e+03 ,  4.839688e+03 ,  3.725500e+03 , -2.073828e+03 ,  2.249348e+03 ,  2.373017e+03 , -4.919809e+03 ,]
angleInclination_array = [8.726646e-01 , 8.726646e-01 , 8.726646e-01 , 8.726646e-01 , 8.726646e-01 , 8.726646e-01 , 8.726646e-01 , 8.726646e-01 , 8.726646e-01 , 8.726646e-01 , 8.726646e-01 , 8.726646e-01 , 8.726646e-01 , 8.726646e-01 , 8.726646e-01 , 8.726646e-01 , 8.726646e-01 , 8.726646e-01 , 8.726646e-01 , 8.726646e-01 , 8.726646e-01 , 8.726646e-01 , 8.726646e-01 , 8.726646e-01 , 8.726646e-01 , 8.726646e-01 , 8.726646e-01 , 8.726646e-01 , 8.726646e-01 , 8.726646e-01 , 8.726646e-01 , 8.726646e-01 , 8.726646e-01 , 8.726646e-01 , 8.726646e-01 , 8.726646e-01 , 8.726646e-01 , 8.726646e-01 , 8.726646e-01 , 8.726646e-01 , 8.726646e-01 , 8.726646e-01 , 8.726646e-01 , 8.726646e-01 , 8.726646e-01 , 8.726646e-01 , 8.726646e-01 , 8.726646e-01 , 8.726646e-01 , 8.726646e-01 ,]
angleAzimuth_array = [3.141593e+00 , 3.141593e+00 , 3.141593e+00 , 3.141593e+00 , 3.141593e+00 , 3.141593e+00 , 3.141593e+00 , 3.141593e+00 , 3.141593e+00 , 3.141593e+00 , 3.141593e+00 , 3.141593e+00 , 3.141593e+00 , 3.141593e+00 , 3.141593e+00 , 3.141593e+00 , 3.141593e+00 , 3.141593e+00 , 3.141593e+00 , 3.141593e+00 , 3.141593e+00 , 3.141593e+00 , 3.141593e+00 , 3.141593e+00 , 3.141593e+00 , 3.141593e+00 , 3.141593e+00 , 3.141593e+00 , 3.141593e+00 , 3.141593e+00 , 3.141593e+00 , 3.141593e+00 , 3.141593e+00 , 3.141593e+00 , 3.141593e+00 , 3.141593e+00 , 3.141593e+00 , 3.141593e+00 , 3.141593e+00 , 3.141593e+00 , 3.141593e+00 , 3.141593e+00 , 3.141593e+00 , 3.141593e+00 , 3.141593e+00 , 3.141593e+00 , 3.141593e+00 , 3.141593e+00 , 3.141593e+00 , 3.141593e+00 ,]
