% ground truth for sim_inc90_az340.tif
% settings
number_of_spots = 50
pixel_size_nm = 51.200
image_size_nm = 14142.136
image_size_px = 275
wavelength = 500
par.objectiveNA = 2.17
objectiveFocalLength = 770
par.refractiveIndices = [1.310000e+00 , 2.170000e+00 , 2.170000e+00 ,]
par.nDiscretizationBFP = 129
par.backgroundNoise = 0.020
par.nPhotons = 500
positionX_nm_array = [1.813281e+03 , -6.693517e+02 , -4.478563e+03 ,  3.209361e+03 , -1.002205e+03 ,  2.202359e+03 , -2.038625e+03 , -2.758423e+03 ,  1.350042e+03 , -5.339824e+02 ,  2.965216e+02 ,  1.990896e+03 , -2.976799e+03 , -2.321974e+03 ,  3.758058e+03 ,  5.452163e+02 , -1.447165e+03 ,  4.816521e+03 , -4.736867e+03 ,  4.284401e+03 , -3.657341e+03 ,  3.833127e+03 ,  3.069831e+03 ,  2.083345e+03 ,  5.715099e+02 ,  3.549903e+03 ,  3.967057e+03 , -4.667283e+03 ,  4.799070e+03 , -4.567489e+03 ,  2.400305e+03 , -1.131726e+03 ,  4.868068e+03 ,  4.466818e+03 ,  3.599942e+01 ,  6.927665e+02 , -4.844236e+03 ,  6.319311e+02 , -1.088335e+03 , -3.069189e+03 , -4.471819e+02 , -2.916132e+03 ,  1.420027e+03 , -3.586668e+03 , -3.163241e+02 ,  2.450793e+03 ,  1.786174e+03 ,  3.164042e+03 , -3.022859e+03 ,  3.026904e+03 ,]
positionY_nm_array = [1.040082e+03 ,  2.037470e+03 , -4.221151e+03 ,  1.393106e+03 , -2.335618e+03 , -2.184192e+03 , -3.286114e+03 , -1.680399e+03 , -3.027236e+03 , -7.035842e+02 ,  3.538021e+03 ,  4.159111e+03 , -2.714164e+01 ,  2.628492e+03 , -3.980867e+03 , -2.218240e+03 ,  5.468380e+02 ,  2.284278e+03 ,  1.365718e+03 , -1.561103e+03 ,  2.946618e+03 ,  2.487781e+03 ,  4.940831e+03 ,  2.021361e+03 , -1.013862e+03 ,  2.894912e+02 ,  4.000244e+03 , -2.402271e+03 , -4.327264e+03 , -2.903150e+02 , -3.720174e+03 ,  3.061924e+03 ,  9.409155e+01 ,  1.224806e+03 ,  4.731037e+03 , -3.846552e+03 ,  2.570114e+03 ,  9.551949e+02 , -3.705769e+03 , -3.640285e+03 ,  5.645690e+02 ,  1.343363e+03 ,  3.253739e+03 , -2.374471e+03 , -4.621974e+03 , -6.211931e+01 , -8.419752e+02 ,  3.359337e+03 ,  4.370864e+03 , -8.854965e+02 ,]
angleInclination_array = [1.570796e+00 , 1.570796e+00 , 1.570796e+00 , 1.570796e+00 , 1.570796e+00 , 1.570796e+00 , 1.570796e+00 , 1.570796e+00 , 1.570796e+00 , 1.570796e+00 , 1.570796e+00 , 1.570796e+00 , 1.570796e+00 , 1.570796e+00 , 1.570796e+00 , 1.570796e+00 , 1.570796e+00 , 1.570796e+00 , 1.570796e+00 , 1.570796e+00 , 1.570796e+00 , 1.570796e+00 , 1.570796e+00 , 1.570796e+00 , 1.570796e+00 , 1.570796e+00 , 1.570796e+00 , 1.570796e+00 , 1.570796e+00 , 1.570796e+00 , 1.570796e+00 , 1.570796e+00 , 1.570796e+00 , 1.570796e+00 , 1.570796e+00 , 1.570796e+00 , 1.570796e+00 , 1.570796e+00 , 1.570796e+00 , 1.570796e+00 , 1.570796e+00 , 1.570796e+00 , 1.570796e+00 , 1.570796e+00 , 1.570796e+00 , 1.570796e+00 , 1.570796e+00 , 1.570796e+00 , 1.570796e+00 , 1.570796e+00 ,]
angleAzimuth_array = [5.934119e+00 , 5.934119e+00 , 5.934119e+00 , 5.934119e+00 , 5.934119e+00 , 5.934119e+00 , 5.934119e+00 , 5.934119e+00 , 5.934119e+00 , 5.934119e+00 , 5.934119e+00 , 5.934119e+00 , 5.934119e+00 , 5.934119e+00 , 5.934119e+00 , 5.934119e+00 , 5.934119e+00 , 5.934119e+00 , 5.934119e+00 , 5.934119e+00 , 5.934119e+00 , 5.934119e+00 , 5.934119e+00 , 5.934119e+00 , 5.934119e+00 , 5.934119e+00 , 5.934119e+00 , 5.934119e+00 , 5.934119e+00 , 5.934119e+00 , 5.934119e+00 , 5.934119e+00 , 5.934119e+00 , 5.934119e+00 , 5.934119e+00 , 5.934119e+00 , 5.934119e+00 , 5.934119e+00 , 5.934119e+00 , 5.934119e+00 , 5.934119e+00 , 5.934119e+00 , 5.934119e+00 , 5.934119e+00 , 5.934119e+00 , 5.934119e+00 , 5.934119e+00 , 5.934119e+00 , 5.934119e+00 , 5.934119e+00 ,]
