% ground truth for sim_inc130_az340.tif
% settings
number_of_spots = 50
pixel_size_nm = 51.200
image_size_nm = 14142.136
image_size_px = 275
wavelength = 500
par.objectiveNA = 2.17
objectiveFocalLength = 770
par.refractiveIndices = [1.310000e+00 , 2.170000e+00 , 2.170000e+00 ,]
par.nDiscretizationBFP = 129
par.backgroundNoise = 0.020
par.nPhotons = 500
positionX_nm_array = [-4.373098e+03 ,  3.859128e+03 , -3.750375e+02 ,  3.050730e+03 ,  2.596193e+03 , -3.652380e+03 , -2.664174e+03 , -7.097097e+02 , -3.018787e+03 , -4.576551e+03 ,  2.788258e+03 , -3.884615e+03 ,  2.222205e+03 ,  1.489411e+03 ,  2.365906e+03 , -1.133584e+03 ,  3.542717e+03 ,  4.589095e+02 , -1.654118e+03 , -1.576344e+03 , -4.087414e+02 ,  4.690753e+03 , -1.395626e+03 ,  2.887619e+03 ,  8.833079e+02 ,  4.841224e+03 ,  4.833240e+03 , -4.596852e+03 , -3.780755e+03 ,  1.941751e+03 ,  3.037973e+02 ,  1.175732e+03 , -4.608652e+03 , -2.296609e+03 ,  1.342425e+03 ,  4.316007e+03 , -3.755868e+03 ,  4.754454e+03 ,  7.106028e+02 , -4.012333e+03 ,  9.229560e+02 , -2.821948e+03 , -6.721474e+02 , -1.420608e+03 ,  3.364076e+03 ,  3.661010e+03 , -1.284545e+03 , -4.654401e+03 , -1.291635e+03 ,  4.714287e+03 ,]
positionY_nm_array = [4.929801e+03 , -3.857135e+02 , -4.113264e+02 , -1.185137e+03 ,  2.330271e+03 ,  6.143188e-01 , -4.498594e+03 , -3.674591e+03 , -1.131101e+03 , -2.486074e+03 , -2.196173e+03 , -3.265915e+03 , -4.511309e+03 , -3.269293e+03 ,  3.933090e+03 ,  3.289243e+03 ,  1.804806e+03 ,  1.744776e+03 , -3.086426e+03 ,  1.254396e+03 ,  1.115377e+03 , -2.339750e+03 , -1.497159e+03 ,  3.495060e+02 ,  2.777272e+03 ,  4.441084e+03 ,  1.191532e+02 , -4.658160e+03 ,  3.573322e+03 , -7.553423e+02 ,  4.532916e+03 ,  8.761344e+02 ,  2.045205e+03 , -7.911055e+01 ,  4.303877e+03 , -4.705912e+03 ,  1.106831e+03 ,  2.077340e+03 , -1.957800e+03 , -1.282104e+03 , -4.875294e+03 , -2.511248e+03 ,  2.310087e+03 , -4.596820e+03 , -3.613997e+03 ,  3.354189e+03 ,  1.327600e+02 , -3.743350e+02 ,  4.355754e+03 ,  3.104824e+03 ,]
angleInclination_array = [2.268928e+00 , 2.268928e+00 , 2.268928e+00 , 2.268928e+00 , 2.268928e+00 , 2.268928e+00 , 2.268928e+00 , 2.268928e+00 , 2.268928e+00 , 2.268928e+00 , 2.268928e+00 , 2.268928e+00 , 2.268928e+00 , 2.268928e+00 , 2.268928e+00 , 2.268928e+00 , 2.268928e+00 , 2.268928e+00 , 2.268928e+00 , 2.268928e+00 , 2.268928e+00 , 2.268928e+00 , 2.268928e+00 , 2.268928e+00 , 2.268928e+00 , 2.268928e+00 , 2.268928e+00 , 2.268928e+00 , 2.268928e+00 , 2.268928e+00 , 2.268928e+00 , 2.268928e+00 , 2.268928e+00 , 2.268928e+00 , 2.268928e+00 , 2.268928e+00 , 2.268928e+00 , 2.268928e+00 , 2.268928e+00 , 2.268928e+00 , 2.268928e+00 , 2.268928e+00 , 2.268928e+00 , 2.268928e+00 , 2.268928e+00 , 2.268928e+00 , 2.268928e+00 , 2.268928e+00 , 2.268928e+00 , 2.268928e+00 ,]
angleAzimuth_array = [5.934119e+00 , 5.934119e+00 , 5.934119e+00 , 5.934119e+00 , 5.934119e+00 , 5.934119e+00 , 5.934119e+00 , 5.934119e+00 , 5.934119e+00 , 5.934119e+00 , 5.934119e+00 , 5.934119e+00 , 5.934119e+00 , 5.934119e+00 , 5.934119e+00 , 5.934119e+00 , 5.934119e+00 , 5.934119e+00 , 5.934119e+00 , 5.934119e+00 , 5.934119e+00 , 5.934119e+00 , 5.934119e+00 , 5.934119e+00 , 5.934119e+00 , 5.934119e+00 , 5.934119e+00 , 5.934119e+00 , 5.934119e+00 , 5.934119e+00 , 5.934119e+00 , 5.934119e+00 , 5.934119e+00 , 5.934119e+00 , 5.934119e+00 , 5.934119e+00 , 5.934119e+00 , 5.934119e+00 , 5.934119e+00 , 5.934119e+00 , 5.934119e+00 , 5.934119e+00 , 5.934119e+00 , 5.934119e+00 , 5.934119e+00 , 5.934119e+00 , 5.934119e+00 , 5.934119e+00 , 5.934119e+00 , 5.934119e+00 ,]
