% ground truth for sim_inc170_az80.tif
% settings
number_of_spots = 50
pixel_size_nm = 51.200
image_size_nm = 14142.136
image_size_px = 275
wavelength = 500
par.objectiveNA = 2.17
objectiveFocalLength = 770
par.refractiveIndices = [1.310000e+00 , 2.170000e+00 , 2.170000e+00 ,]
par.nDiscretizationBFP = 129
par.backgroundNoise = 0.020
par.nPhotons = 500
positionX_nm_array = [4.709057e+03 , -4.285298e+02 ,  4.152055e+03 , -3.845825e+03 , -3.364084e+03 , -9.949713e+02 , -2.708399e+03 ,  6.766047e+01 ,  2.064689e+03 , -2.596651e+03 , -4.899864e+03 , -8.020534e+02 ,  2.260461e+03 ,  4.908801e+03 ,  1.813298e+03 , -2.775915e+03 , -5.880471e+02 ,  7.237788e+02 ,  4.785148e+03 , -3.441492e+03 ,  1.125281e+03 ,  8.782423e+02 ,  2.031505e+03 ,  4.552950e+03 , -9.803780e+02 , -1.526169e+03 , -1.907898e+03 ,  2.810617e+03 , -1.878791e+03 ,  6.510764e+02 ,  3.426446e+03 ,  3.724040e+03 ,  3.236258e+03 ,  5.675656e+02 , -3.881105e+03 , -4.642794e+03 , -4.827778e+03 ,  4.889956e+03 , -4.703763e+03 ,  2.424587e+03 ,  4.807667e+03 , -8.885455e+02 , -1.435203e+03 ,  5.513710e+02 ,  1.419917e+03 , -3.611414e+03 ,  3.494953e+03 ,  2.274045e+03 , -2.116458e+03 , -1.947136e+03 ,]
positionY_nm_array = [8.311130e+02 ,  1.092930e+03 , -3.543384e+03 , -1.590618e+03 ,  7.727445e+02 , -3.260609e+03 , -4.694743e+03 , -1.148960e+03 , -1.182805e+03 ,  1.873325e+03 ,  2.528499e+03 , -4.744084e+03 , -4.548156e+03 ,  3.280086e+03 ,  2.202432e+03 , -2.707843e+03 ,  2.519507e+03 , -2.661546e+03 , -1.818132e+03 ,  3.782839e+03 , -3.376898e+02 , -4.340106e+03 ,  7.481298e+02 ,  2.232591e+03 , -1.686690e+03 ,  4.713179e+03 ,  2.689552e+03 ,  3.149257e+03 , -1.587953e+02 ,  3.380548e+03 , -2.526875e+03 , -4.665635e+02 ,  2.211210e+03 ,  1.927373e+03 , -4.254575e+03 ,  3.716844e+03 ,  1.433408e+03 , -7.395204e+02 ,  4.833146e+03 ,  4.251007e+03 , -4.451174e+03 , -5.387752e+02 ,  1.038892e+03 ,  5.931782e+02 ,  4.272213e+03 ,  2.615571e+03 , -4.693959e+03 , -2.651671e+03 , -1.587284e+03 , -3.614646e+03 ,]
angleInclination_array = [2.967060e+00 , 2.967060e+00 , 2.967060e+00 , 2.967060e+00 , 2.967060e+00 , 2.967060e+00 , 2.967060e+00 , 2.967060e+00 , 2.967060e+00 , 2.967060e+00 , 2.967060e+00 , 2.967060e+00 , 2.967060e+00 , 2.967060e+00 , 2.967060e+00 , 2.967060e+00 , 2.967060e+00 , 2.967060e+00 , 2.967060e+00 , 2.967060e+00 , 2.967060e+00 , 2.967060e+00 , 2.967060e+00 , 2.967060e+00 , 2.967060e+00 , 2.967060e+00 , 2.967060e+00 , 2.967060e+00 , 2.967060e+00 , 2.967060e+00 , 2.967060e+00 , 2.967060e+00 , 2.967060e+00 , 2.967060e+00 , 2.967060e+00 , 2.967060e+00 , 2.967060e+00 , 2.967060e+00 , 2.967060e+00 , 2.967060e+00 , 2.967060e+00 , 2.967060e+00 , 2.967060e+00 , 2.967060e+00 , 2.967060e+00 , 2.967060e+00 , 2.967060e+00 , 2.967060e+00 , 2.967060e+00 , 2.967060e+00 ,]
angleAzimuth_array = [1.396263e+00 , 1.396263e+00 , 1.396263e+00 , 1.396263e+00 , 1.396263e+00 , 1.396263e+00 , 1.396263e+00 , 1.396263e+00 , 1.396263e+00 , 1.396263e+00 , 1.396263e+00 , 1.396263e+00 , 1.396263e+00 , 1.396263e+00 , 1.396263e+00 , 1.396263e+00 , 1.396263e+00 , 1.396263e+00 , 1.396263e+00 , 1.396263e+00 , 1.396263e+00 , 1.396263e+00 , 1.396263e+00 , 1.396263e+00 , 1.396263e+00 , 1.396263e+00 , 1.396263e+00 , 1.396263e+00 , 1.396263e+00 , 1.396263e+00 , 1.396263e+00 , 1.396263e+00 , 1.396263e+00 , 1.396263e+00 , 1.396263e+00 , 1.396263e+00 , 1.396263e+00 , 1.396263e+00 , 1.396263e+00 , 1.396263e+00 , 1.396263e+00 , 1.396263e+00 , 1.396263e+00 , 1.396263e+00 , 1.396263e+00 , 1.396263e+00 , 1.396263e+00 , 1.396263e+00 , 1.396263e+00 , 1.396263e+00 ,]
