% ground truth for sim_inc60_az140.tif
% settings
number_of_spots = 50
pixel_size_nm = 51.200
image_size_nm = 14142.136
image_size_px = 275
wavelength = 500
par.objectiveNA = 2.17
objectiveFocalLength = 770
par.refractiveIndices = [1.310000e+00 , 2.170000e+00 , 2.170000e+00 ,]
par.nDiscretizationBFP = 129
par.backgroundNoise = 0.020
par.nPhotons = 500
positionX_nm_array = [-4.451669e+03 ,  3.623901e+03 , -7.592366e+01 , -4.358166e+03 ,  1.964684e+03 ,  4.400912e+03 , -1.030400e+03 ,  2.327516e+03 ,  1.259930e+03 ,  2.809960e+03 ,  4.622060e+03 ,  1.414073e+03 , -3.859285e+02 , -1.868662e+02 , -1.405126e+03 , -5.126465e+02 ,  2.272719e+02 ,  1.819987e+03 ,  3.813848e+02 ,  4.227713e+03 , -4.810017e+03 ,  7.398902e+02 , -2.029681e+03 , -2.682388e+03 , -4.736453e+03 , -3.279878e+03 ,  3.696389e+03 ,  3.259605e+03 ,  1.521678e+03 ,  1.143001e+03 ,  2.951762e+03 , -2.218191e+03 ,  4.587035e+03 , -1.662075e+03 , -4.810046e+03 ,  8.891500e+02 , -4.249605e+03 , -1.954248e+03 ,  7.631465e+02 ,  3.682840e+03 , -3.305083e+03 , -8.314167e+02 , -8.251792e+02 , -1.833384e+03 , -2.600088e+03 , -2.426445e+03 , -4.656715e+03 , -3.265701e+03 , -3.486560e+03 ,  4.453332e+03 ,]
positionY_nm_array = [-1.518424e+03 ,  1.571242e+03 , -4.661636e+03 ,  4.372907e+03 , -1.886771e+03 , -5.541966e+02 , -2.530457e+03 , -3.358261e+03 ,  2.511503e+03 ,  2.478157e+03 ,  3.338047e+03 , -5.508590e+02 ,  5.127607e+01 ,  1.719134e+03 , -3.585555e+03 ,  4.717542e+03 , -1.556638e+03 ,  3.735686e+03 , -3.548122e+03 ,  4.982233e+02 , -3.867575e+03 ,  3.690241e+03 , -1.844862e+03 ,  1.575104e+02 , -3.969084e+01 , -2.302485e+03 , -3.988766e+03 ,  3.843422e+03 , -4.646224e+03 , -2.512519e+03 , -8.942567e+02 ,  1.837674e+03 ,  2.080620e+03 , -4.777216e+03 ,  1.174810e+03 ,  4.727093e+03 , -2.751923e+03 ,  4.453192e+03 ,  4.556877e+02 , -1.632515e+03 ,  1.811199e+03 , -1.539554e+03 ,  3.131963e+03 ,  8.982387e+02 , -3.072970e+03 ,  2.874778e+03 ,  3.129345e+03 , -4.172435e+03 ,  3.709000e+03 , -2.892984e+03 ,]
angleInclination_array = [1.047198e+00 , 1.047198e+00 , 1.047198e+00 , 1.047198e+00 , 1.047198e+00 , 1.047198e+00 , 1.047198e+00 , 1.047198e+00 , 1.047198e+00 , 1.047198e+00 , 1.047198e+00 , 1.047198e+00 , 1.047198e+00 , 1.047198e+00 , 1.047198e+00 , 1.047198e+00 , 1.047198e+00 , 1.047198e+00 , 1.047198e+00 , 1.047198e+00 , 1.047198e+00 , 1.047198e+00 , 1.047198e+00 , 1.047198e+00 , 1.047198e+00 , 1.047198e+00 , 1.047198e+00 , 1.047198e+00 , 1.047198e+00 , 1.047198e+00 , 1.047198e+00 , 1.047198e+00 , 1.047198e+00 , 1.047198e+00 , 1.047198e+00 , 1.047198e+00 , 1.047198e+00 , 1.047198e+00 , 1.047198e+00 , 1.047198e+00 , 1.047198e+00 , 1.047198e+00 , 1.047198e+00 , 1.047198e+00 , 1.047198e+00 , 1.047198e+00 , 1.047198e+00 , 1.047198e+00 , 1.047198e+00 , 1.047198e+00 ,]
angleAzimuth_array = [2.443461e+00 , 2.443461e+00 , 2.443461e+00 , 2.443461e+00 , 2.443461e+00 , 2.443461e+00 , 2.443461e+00 , 2.443461e+00 , 2.443461e+00 , 2.443461e+00 , 2.443461e+00 , 2.443461e+00 , 2.443461e+00 , 2.443461e+00 , 2.443461e+00 , 2.443461e+00 , 2.443461e+00 , 2.443461e+00 , 2.443461e+00 , 2.443461e+00 , 2.443461e+00 , 2.443461e+00 , 2.443461e+00 , 2.443461e+00 , 2.443461e+00 , 2.443461e+00 , 2.443461e+00 , 2.443461e+00 , 2.443461e+00 , 2.443461e+00 , 2.443461e+00 , 2.443461e+00 , 2.443461e+00 , 2.443461e+00 , 2.443461e+00 , 2.443461e+00 , 2.443461e+00 , 2.443461e+00 , 2.443461e+00 , 2.443461e+00 , 2.443461e+00 , 2.443461e+00 , 2.443461e+00 , 2.443461e+00 , 2.443461e+00 , 2.443461e+00 , 2.443461e+00 , 2.443461e+00 , 2.443461e+00 , 2.443461e+00 ,]
