% ground truth for sim_inc90_az0.tif
% settings
number_of_spots = 50
pixel_size_nm = 51.200
image_size_nm = 14142.136
image_size_px = 275
wavelength = 500
par.objectiveNA = 2.17
objectiveFocalLength = 770
par.refractiveIndices = [1.310000e+00 , 2.170000e+00 , 2.170000e+00 ,]
par.nDiscretizationBFP = 129
par.backgroundNoise = 0.020
par.nPhotons = 500
positionX_nm_array = [-2.365612e+03 , -2.731489e+03 ,  4.448913e+03 ,  2.405608e+03 , -6.713476e+02 ,  1.403780e+03 ,  4.381827e+03 , -6.707623e+02 ,  9.401334e+02 , -4.610163e+03 , -8.624134e+02 ,  1.874780e+03 , -1.839707e+03 ,  3.300287e+03 ,  1.926778e+03 ,  1.686776e+02 ,  2.391756e+03 ,  4.527269e+03 , -3.177267e+03 , -2.128982e+03 ,  3.423964e+03 , -4.854241e+03 , -1.634851e+03 , -3.199975e+02 ,  4.021246e+03 ,  6.747455e+02 , -1.591515e+03 , -4.301884e+03 ,  8.429250e+02 ,  2.700257e+03 ,  1.631245e+02 , -2.926591e+03 ,  3.435726e+03 ,  3.255808e+03 ,  4.811965e+01 , -3.323464e+03 , -3.665967e+01 , -4.413011e+03 ,  1.248581e+03 ,  3.599118e+03 ,  1.543789e+03 ,  4.785776e+03 , -8.884602e+02 , -4.919181e+03 , -9.549272e+02 , -3.092636e+03 , -2.534287e+03 ,  4.694564e+03 , -7.244044e+02 ,  3.732770e+03 ,]
positionY_nm_array = [-2.761871e+03 ,  1.635523e+03 , -2.498939e+03 , -1.339184e+03 , -4.082736e+03 , -2.895440e+02 , -4.283688e+03 ,  3.456225e+03 ,  3.599544e+03 ,  9.927798e+02 ,  1.439697e+03 ,  2.144732e+03 ,  3.346341e+03 ,  4.533031e+03 ,  3.319716e+03 , -5.540514e+02 , -3.188799e+03 ,  3.872561e+03 , -1.628099e+03 , -5.813870e+01 ,  2.574723e+03 , -3.418762e+03 , -1.690133e+03 ,  4.759463e+02 , -4.191678e+02 ,  4.876617e+03 ,  4.377354e+03 ,  3.099408e+03 ,  1.666833e+03 ,  5.325907e+02 , -2.868379e+03 ,  3.767797e+03 , -4.936352e+03 , -1.927264e+03 ,  2.333724e+03 ,  1.468925e+02 , -1.629097e+03 , -9.559220e+02 , -1.581101e+03 , -3.266228e+03 , -4.202625e+03 ,  1.435069e+03 , -8.840323e+02 ,  4.755996e+03 , -2.619472e+03 , -3.876931e+03 , -4.756518e+03 , -1.189780e+03 ,  4.933240e+03 ,  1.109117e+03 ,]
angleInclination_array = [1.570796e+00 , 1.570796e+00 , 1.570796e+00 , 1.570796e+00 , 1.570796e+00 , 1.570796e+00 , 1.570796e+00 , 1.570796e+00 , 1.570796e+00 , 1.570796e+00 , 1.570796e+00 , 1.570796e+00 , 1.570796e+00 , 1.570796e+00 , 1.570796e+00 , 1.570796e+00 , 1.570796e+00 , 1.570796e+00 , 1.570796e+00 , 1.570796e+00 , 1.570796e+00 , 1.570796e+00 , 1.570796e+00 , 1.570796e+00 , 1.570796e+00 , 1.570796e+00 , 1.570796e+00 , 1.570796e+00 , 1.570796e+00 , 1.570796e+00 , 1.570796e+00 , 1.570796e+00 , 1.570796e+00 , 1.570796e+00 , 1.570796e+00 , 1.570796e+00 , 1.570796e+00 , 1.570796e+00 , 1.570796e+00 , 1.570796e+00 , 1.570796e+00 , 1.570796e+00 , 1.570796e+00 , 1.570796e+00 , 1.570796e+00 , 1.570796e+00 , 1.570796e+00 , 1.570796e+00 , 1.570796e+00 , 1.570796e+00 ,]
angleAzimuth_array = [0 , 0 , 0 , 0 , 0 , 0 , 0 , 0 , 0 , 0 , 0 , 0 , 0 , 0 , 0 , 0 , 0 , 0 , 0 , 0 , 0 , 0 , 0 , 0 , 0 , 0 , 0 , 0 , 0 , 0 , 0 , 0 , 0 , 0 , 0 , 0 , 0 , 0 , 0 , 0 , 0 , 0 , 0 , 0 , 0 , 0 , 0 , 0 , 0 , 0 ,]
