% ground truth for sim_inc30_az260.tif
% settings
number_of_spots = 50
pixel_size_nm = 51.200
image_size_nm = 14142.136
image_size_px = 275
wavelength = 500
par.objectiveNA = 2.17
objectiveFocalLength = 770
par.refractiveIndices = [1.310000e+00 , 2.170000e+00 , 2.170000e+00 ,]
par.nDiscretizationBFP = 129
par.backgroundNoise = 0.020
par.nPhotons = 500
positionX_nm_array = [2.588446e+03 ,  1.598679e+03 , -8.049067e+02 ,  3.247717e+02 ,  1.179499e+03 , -1.389891e+03 ,  4.431817e+03 ,  6.719995e+01 , -8.653753e+02 , -4.845351e+03 , -2.715264e+03 , -2.928544e+03 ,  3.774960e+03 , -4.317528e+02 , -3.998795e+03 ,  1.637546e+03 , -7.698693e+02 , -1.606640e+03 ,  4.293411e+03 , -3.548717e+02 , -2.585015e+03 ,  4.259808e+03 , -4.810512e+03 ,  6.133425e+02 , -4.012479e+03 , -2.366301e+02 ,  2.969945e+02 ,  1.503752e+03 ,  2.579262e+03 ,  2.311938e+03 , -4.019613e+03 ,  2.917459e+03 ,  2.603821e+03 , -1.530878e+03 , -2.346012e+03 ,  4.734985e+03 , -3.371083e+03 ,  3.541070e+03 , -4.339677e+03 ,  1.565557e+03 ,  3.689776e+03 , -3.933512e+03 ,  4.468865e+03 , -2.372796e+03 , -3.358484e+03 ,  2.943853e+03 , -1.951144e+03 ,  4.241046e+03 , -4.273806e+03 ,  3.432156e+03 ,]
positionY_nm_array = [8.626729e+02 , -2.394368e+02 ,  4.628855e+03 , -3.926480e+03 , -3.280809e+03 , -9.394062e+02 ,  2.126360e+03 ,  4.093464e+03 ,  1.951783e+03 , -3.898009e+03 ,  1.090547e+02 , -3.659934e+03 , -3.293002e+03 ,  6.104954e+02 ,  1.001494e+03 ,  1.843996e+03 , -2.928918e+03 , -2.274395e+03 , -6.157705e+02 , -4.917229e+03 ,  2.944064e+03 , -4.851106e+03 ,  2.551046e+03 ,  2.749145e+03 ,  4.666965e+03 , -4.460433e+02 , -2.115000e+03 ,  8.450457e+02 ,  4.480663e+03 , -1.769833e+03 , -1.829446e+03 ,  2.248168e+03 , -3.602513e+03 ,  2.757375e+03 ,  1.876993e+03 , -1.872296e+03 , -6.582316e+02 , -2.139560e+03 , -2.115252e+02 , -4.414598e+03 ,  6.143456e+02 , -2.996219e+03 ,  3.143028e+03 , -1.137088e+03 ,  2.307997e+03 , -9.914031e+02 , -3.345047e+03 ,  4.670915e+03 ,  3.511421e+03 ,  3.586435e+03 ,]
angleInclination_array = [5.235988e-01 , 5.235988e-01 , 5.235988e-01 , 5.235988e-01 , 5.235988e-01 , 5.235988e-01 , 5.235988e-01 , 5.235988e-01 , 5.235988e-01 , 5.235988e-01 , 5.235988e-01 , 5.235988e-01 , 5.235988e-01 , 5.235988e-01 , 5.235988e-01 , 5.235988e-01 , 5.235988e-01 , 5.235988e-01 , 5.235988e-01 , 5.235988e-01 , 5.235988e-01 , 5.235988e-01 , 5.235988e-01 , 5.235988e-01 , 5.235988e-01 , 5.235988e-01 , 5.235988e-01 , 5.235988e-01 , 5.235988e-01 , 5.235988e-01 , 5.235988e-01 , 5.235988e-01 , 5.235988e-01 , 5.235988e-01 , 5.235988e-01 , 5.235988e-01 , 5.235988e-01 , 5.235988e-01 , 5.235988e-01 , 5.235988e-01 , 5.235988e-01 , 5.235988e-01 , 5.235988e-01 , 5.235988e-01 , 5.235988e-01 , 5.235988e-01 , 5.235988e-01 , 5.235988e-01 , 5.235988e-01 , 5.235988e-01 ,]
angleAzimuth_array = [4.537856e+00 , 4.537856e+00 , 4.537856e+00 , 4.537856e+00 , 4.537856e+00 , 4.537856e+00 , 4.537856e+00 , 4.537856e+00 , 4.537856e+00 , 4.537856e+00 , 4.537856e+00 , 4.537856e+00 , 4.537856e+00 , 4.537856e+00 , 4.537856e+00 , 4.537856e+00 , 4.537856e+00 , 4.537856e+00 , 4.537856e+00 , 4.537856e+00 , 4.537856e+00 , 4.537856e+00 , 4.537856e+00 , 4.537856e+00 , 4.537856e+00 , 4.537856e+00 , 4.537856e+00 , 4.537856e+00 , 4.537856e+00 , 4.537856e+00 , 4.537856e+00 , 4.537856e+00 , 4.537856e+00 , 4.537856e+00 , 4.537856e+00 , 4.537856e+00 , 4.537856e+00 , 4.537856e+00 , 4.537856e+00 , 4.537856e+00 , 4.537856e+00 , 4.537856e+00 , 4.537856e+00 , 4.537856e+00 , 4.537856e+00 , 4.537856e+00 , 4.537856e+00 , 4.537856e+00 , 4.537856e+00 , 4.537856e+00 ,]
