% ground truth for sim_inc60_az0.tif
% settings
number_of_spots = 50
pixel_size_nm = 51.200
image_size_nm = 14142.136
image_size_px = 275
wavelength = 500
par.objectiveNA = 2.17
objectiveFocalLength = 770
par.refractiveIndices = [1.310000e+00 , 2.170000e+00 , 2.170000e+00 ,]
par.nDiscretizationBFP = 129
par.backgroundNoise = 0.020
par.nPhotons = 500
positionX_nm_array = [-3.839990e+03 , -2.336287e+03 ,  4.882839e+03 , -6.940695e+01 ,  2.620757e+03 , -2.772605e+02 , -2.122066e+03 , -1.135907e+02 ,  4.008250e+03 , -2.644857e+03 ,  1.123697e+03 , -1.048014e+03 ,  1.202865e+03 ,  1.372105e+03 ,  1.958834e+02 ,  2.184482e+02 ,  2.104229e+03 ,  3.344695e+03 , -4.524637e+03 ,  4.311976e+03 ,  6.243347e+02 , -4.920902e+03 , -4.503107e+03 ,  2.862426e+03 , -4.561630e+03 ,  4.143249e+03 , -3.529775e+03 ,  2.323280e+03 ,  9.633931e+02 ,  4.914432e+03 , -2.758263e+03 ,  1.191435e+03 ,  1.507534e+03 , -4.466708e+03 , -7.864340e+02 , -1.403218e+03 ,  3.654814e+03 , -1.285670e+03 ,  1.614926e+03 ,  4.782764e+03 , -3.855365e+03 ,  3.241493e+03 ,  2.356019e+03 , -1.888343e+03 , -2.267035e+03 , -3.407492e+03 , -3.062973e+01 , -1.777451e+03 ,  3.597742e+03 , -1.481907e+03 ,]
positionY_nm_array = [2.971713e+03 ,  4.121385e+03 , -2.214609e+03 ,  2.303250e+03 , -1.357473e+03 , -4.931673e+03 , -8.608402e+02 ,  4.478352e+03 , -3.533384e+03 , -2.239302e+03 , -4.806424e+02 , -4.165104e+03 ,  3.469576e+03 ,  7.410011e+02 , -1.509653e+03 ,  1.278434e+03 , -4.219066e+03 , -4.364695e+03 ,  4.438213e+03 ,  3.472008e+03 , -3.995847e+03 , -3.829638e+03 , -3.016031e+02 ,  3.225364e+03 ,  2.066633e+03 , -5.397971e+02 ,  4.925439e+03 ,  4.040643e+01 ,  1.985872e+03 ,  9.820251e+02 ,  9.886857e+01 , -2.665670e+03 , -1.444041e+03 , -2.615671e+03 ,  3.559660e+03 , -3.470927e+01 ,  1.762442e+03 , -1.435423e+03 ,  4.833524e+03 ,  2.243259e+03 ,  1.322159e+03 ,  4.349367e+03 ,  1.061116e+03 , -2.985315e+03 ,  2.170134e+03 , -4.406593e+03 , -4.731876e+01 ,  1.259957e+03 ,  6.671070e+02 ,  4.778952e+03 ,]
angleInclination_array = [1.047198e+00 , 1.047198e+00 , 1.047198e+00 , 1.047198e+00 , 1.047198e+00 , 1.047198e+00 , 1.047198e+00 , 1.047198e+00 , 1.047198e+00 , 1.047198e+00 , 1.047198e+00 , 1.047198e+00 , 1.047198e+00 , 1.047198e+00 , 1.047198e+00 , 1.047198e+00 , 1.047198e+00 , 1.047198e+00 , 1.047198e+00 , 1.047198e+00 , 1.047198e+00 , 1.047198e+00 , 1.047198e+00 , 1.047198e+00 , 1.047198e+00 , 1.047198e+00 , 1.047198e+00 , 1.047198e+00 , 1.047198e+00 , 1.047198e+00 , 1.047198e+00 , 1.047198e+00 , 1.047198e+00 , 1.047198e+00 , 1.047198e+00 , 1.047198e+00 , 1.047198e+00 , 1.047198e+00 , 1.047198e+00 , 1.047198e+00 , 1.047198e+00 , 1.047198e+00 , 1.047198e+00 , 1.047198e+00 , 1.047198e+00 , 1.047198e+00 , 1.047198e+00 , 1.047198e+00 , 1.047198e+00 , 1.047198e+00 ,]
angleAzimuth_array = [0 , 0 , 0 , 0 , 0 , 0 , 0 , 0 , 0 , 0 , 0 , 0 , 0 , 0 , 0 , 0 , 0 , 0 , 0 , 0 , 0 , 0 , 0 , 0 , 0 , 0 , 0 , 0 , 0 , 0 , 0 , 0 , 0 , 0 , 0 , 0 , 0 , 0 , 0 , 0 , 0 , 0 , 0 , 0 , 0 , 0 , 0 , 0 , 0 , 0 ,]
