% ground truth for sim_inc150_az240.tif
% settings
number_of_spots = 50
pixel_size_nm = 51.200
image_size_nm = 14142.136
image_size_px = 275
wavelength = 500
par.objectiveNA = 2.17
objectiveFocalLength = 770
par.refractiveIndices = [1.310000e+00 , 2.170000e+00 , 2.170000e+00 ,]
par.nDiscretizationBFP = 129
par.backgroundNoise = 0.020
par.nPhotons = 500
positionX_nm_array = [2.533789e+03 ,  4.692343e+03 , -7.527090e+02 , -4.771843e+03 ,  4.481582e+03 ,  1.483406e+03 , -1.799520e+03 , -3.533235e+03 , -3.095877e+03 , -3.173151e+03 , -4.201468e+02 ,  4.714001e+02 ,  3.476923e+03 , -8.020543e+02 , -5.006662e+02 , -3.483591e+03 ,  1.085177e+03 , -2.310986e+03 , -4.592358e+03 , -1.610140e+03 ,  1.440585e+03 , -2.145692e+03 ,  1.050419e+03 , -8.420670e+02 ,  2.186268e+03 ,  4.681353e+03 , -4.535543e+03 ,  2.814782e+03 , -2.104058e+03 , -4.398168e+03 ,  2.122032e+03 ,  3.296106e+02 ,  4.742961e+02 ,  3.713140e+03 , -1.624957e+03 , -2.198326e+03 ,  2.748571e+03 ,  3.962096e+03 , -2.545966e+03 ,  1.656359e+03 ,  4.160331e+03 , -4.719508e+03 , -2.899332e+03 ,  4.510275e+03 , -1.735197e+03 ,  3.581718e+03 ,  4.541569e+02 , -3.151378e+03 , -4.909449e+03 ,  2.181139e+03 ,]
positionY_nm_array = [1.676402e+03 , -1.508793e+03 ,  1.346179e+03 , -2.416621e+03 ,  3.018834e+03 , -4.414840e+03 , -2.738596e+02 ,  4.059431e+03 ,  2.085378e+03 , -4.435008e+03 , -4.683568e+03 ,  2.951312e+03 ,  2.691729e+03 ,  3.161832e+03 , -1.602757e+03 , -9.704216e+02 ,  1.434714e+03 , -3.691433e+03 ,  2.107235e+03 , -4.474677e+03 , -2.061800e+03 , -1.390828e+03 ,  4.694746e+03 , -3.032284e+03 , -3.699402e+03 ,  9.013814e+02 ,  1.847608e+02 ,  4.239363e+03 , -2.594479e+03 , -3.554699e+03 ,  4.061962e+02 , -5.541717e+01 , -1.355962e+03 , -3.308843e+02 ,  2.447607e+03 ,  4.786029e+03 , -1.559880e+03 ,  1.684304e+03 ,  3.276377e+03 , -7.256104e+02 , -2.894336e+03 , -4.865152e+03 ,  6.086979e+01 ,  4.880088e+03 ,  9.412011e+02 , -4.799851e+03 , -2.746819e+03 , -2.494392e+03 , -1.097172e+03 ,  3.345890e+03 ,]
angleInclination_array = [2.617994e+00 , 2.617994e+00 , 2.617994e+00 , 2.617994e+00 , 2.617994e+00 , 2.617994e+00 , 2.617994e+00 , 2.617994e+00 , 2.617994e+00 , 2.617994e+00 , 2.617994e+00 , 2.617994e+00 , 2.617994e+00 , 2.617994e+00 , 2.617994e+00 , 2.617994e+00 , 2.617994e+00 , 2.617994e+00 , 2.617994e+00 , 2.617994e+00 , 2.617994e+00 , 2.617994e+00 , 2.617994e+00 , 2.617994e+00 , 2.617994e+00 , 2.617994e+00 , 2.617994e+00 , 2.617994e+00 , 2.617994e+00 , 2.617994e+00 , 2.617994e+00 , 2.617994e+00 , 2.617994e+00 , 2.617994e+00 , 2.617994e+00 , 2.617994e+00 , 2.617994e+00 , 2.617994e+00 , 2.617994e+00 , 2.617994e+00 , 2.617994e+00 , 2.617994e+00 , 2.617994e+00 , 2.617994e+00 , 2.617994e+00 , 2.617994e+00 , 2.617994e+00 , 2.617994e+00 , 2.617994e+00 , 2.617994e+00 ,]
angleAzimuth_array = [4.188790e+00 , 4.188790e+00 , 4.188790e+00 , 4.188790e+00 , 4.188790e+00 , 4.188790e+00 , 4.188790e+00 , 4.188790e+00 , 4.188790e+00 , 4.188790e+00 , 4.188790e+00 , 4.188790e+00 , 4.188790e+00 , 4.188790e+00 , 4.188790e+00 , 4.188790e+00 , 4.188790e+00 , 4.188790e+00 , 4.188790e+00 , 4.188790e+00 , 4.188790e+00 , 4.188790e+00 , 4.188790e+00 , 4.188790e+00 , 4.188790e+00 , 4.188790e+00 , 4.188790e+00 , 4.188790e+00 , 4.188790e+00 , 4.188790e+00 , 4.188790e+00 , 4.188790e+00 , 4.188790e+00 , 4.188790e+00 , 4.188790e+00 , 4.188790e+00 , 4.188790e+00 , 4.188790e+00 , 4.188790e+00 , 4.188790e+00 , 4.188790e+00 , 4.188790e+00 , 4.188790e+00 , 4.188790e+00 , 4.188790e+00 , 4.188790e+00 , 4.188790e+00 , 4.188790e+00 , 4.188790e+00 , 4.188790e+00 ,]
