% ground truth for sim_inc120_az220.tif
% settings
number_of_spots = 50
pixel_size_nm = 51.200
image_size_nm = 14142.136
image_size_px = 275
wavelength = 500
par.objectiveNA = 2.17
objectiveFocalLength = 770
par.refractiveIndices = [1.310000e+00 , 2.170000e+00 , 2.170000e+00 ,]
par.nDiscretizationBFP = 129
par.backgroundNoise = 0.020
par.nPhotons = 500
positionX_nm_array = [4.770753e+03 ,  1.264358e+02 ,  2.733728e+02 , -1.280222e+03 , -1.621494e+02 ,  2.543992e+03 , -2.354720e+03 ,  1.315262e+03 , -1.510015e+03 ,  4.389035e+03 ,  2.713414e+03 ,  3.509334e+03 ,  1.964310e+03 ,  4.769094e+03 ,  4.131247e+03 , -4.526207e+03 ,  1.813264e+03 ,  2.211179e+03 ,  8.211163e+02 , -4.460640e+03 , -1.132242e+03 , -1.851913e+03 , -2.211844e+03 ,  3.748626e+03 , -2.181334e+03 , -2.929452e+03 , -5.611028e+01 , -3.853079e+03 ,  2.782724e+03 , -4.160190e+02 ,  3.656839e+03 ,  3.748594e+03 , -3.228684e+03 , -3.380327e+03 ,  1.587591e+03 ,  1.656336e+03 , -8.993846e+02 , -4.720893e+03 , -4.700973e+03 ,  2.963932e+03 , -3.965863e+03 , -2.826954e+03 , -2.046169e+01 ,  4.433747e+02 , -3.420368e+03 , -2.781127e+03 , -4.870828e+03 ,  2.340191e+03 ,  4.757415e+03 , -4.948065e+03 ,]
positionY_nm_array = [2.210273e+03 , -1.039321e+03 ,  2.432259e+03 , -4.210331e+03 , -2.959295e+03 , -4.532914e+02 , -4.617964e+02 ,  4.144997e+03 ,  1.766305e+03 , -2.792607e+01 ,  1.333972e+03 , -2.593082e+03 , -3.530988e+03 , -1.174739e+03 , -4.198569e+03 , -2.338832e+03 ,  3.085385e+03 , -2.056251e+03 , -2.397674e+03 ,  1.641392e+03 , -2.388545e+03 , -3.362248e+03 ,  2.620270e+03 ,  1.863182e+03 ,  3.722174e+03 , -1.489423e+03 ,  3.438014e+03 , -4.379276e+03 ,  4.854577e+03 ,  4.673982e+02 , -7.199128e+02 ,  3.690334e+03 ,  5.683102e+02 ,  2.632532e+03 ,  1.949955e+02 , -1.007151e+03 ,  4.118649e+03 ,  4.145049e+02 ,  4.106247e+03 , -4.041891e+03 , -2.765113e+02 , -2.994676e+03 ,  4.947285e+03 ,  1.342020e+03 ,  4.149090e+03 , -4.916242e+03 ,  2.673102e+03 , -4.831116e+03 ,  3.506366e+03 , -3.619985e+03 ,]
angleInclination_array = [2.094395e+00 , 2.094395e+00 , 2.094395e+00 , 2.094395e+00 , 2.094395e+00 , 2.094395e+00 , 2.094395e+00 , 2.094395e+00 , 2.094395e+00 , 2.094395e+00 , 2.094395e+00 , 2.094395e+00 , 2.094395e+00 , 2.094395e+00 , 2.094395e+00 , 2.094395e+00 , 2.094395e+00 , 2.094395e+00 , 2.094395e+00 , 2.094395e+00 , 2.094395e+00 , 2.094395e+00 , 2.094395e+00 , 2.094395e+00 , 2.094395e+00 , 2.094395e+00 , 2.094395e+00 , 2.094395e+00 , 2.094395e+00 , 2.094395e+00 , 2.094395e+00 , 2.094395e+00 , 2.094395e+00 , 2.094395e+00 , 2.094395e+00 , 2.094395e+00 , 2.094395e+00 , 2.094395e+00 , 2.094395e+00 , 2.094395e+00 , 2.094395e+00 , 2.094395e+00 , 2.094395e+00 , 2.094395e+00 , 2.094395e+00 , 2.094395e+00 , 2.094395e+00 , 2.094395e+00 , 2.094395e+00 , 2.094395e+00 ,]
angleAzimuth_array = [3.839724e+00 , 3.839724e+00 , 3.839724e+00 , 3.839724e+00 , 3.839724e+00 , 3.839724e+00 , 3.839724e+00 , 3.839724e+00 , 3.839724e+00 , 3.839724e+00 , 3.839724e+00 , 3.839724e+00 , 3.839724e+00 , 3.839724e+00 , 3.839724e+00 , 3.839724e+00 , 3.839724e+00 , 3.839724e+00 , 3.839724e+00 , 3.839724e+00 , 3.839724e+00 , 3.839724e+00 , 3.839724e+00 , 3.839724e+00 , 3.839724e+00 , 3.839724e+00 , 3.839724e+00 , 3.839724e+00 , 3.839724e+00 , 3.839724e+00 , 3.839724e+00 , 3.839724e+00 , 3.839724e+00 , 3.839724e+00 , 3.839724e+00 , 3.839724e+00 , 3.839724e+00 , 3.839724e+00 , 3.839724e+00 , 3.839724e+00 , 3.839724e+00 , 3.839724e+00 , 3.839724e+00 , 3.839724e+00 , 3.839724e+00 , 3.839724e+00 , 3.839724e+00 , 3.839724e+00 , 3.839724e+00 , 3.839724e+00 ,]
