% ground truth for sim_inc160_az200.tif
% settings
number_of_spots = 50
pixel_size_nm = 51.200
image_size_nm = 14142.136
image_size_px = 275
wavelength = 500
par.objectiveNA = 2.17
objectiveFocalLength = 770
par.refractiveIndices = [1.310000e+00 , 2.170000e+00 , 2.170000e+00 ,]
par.nDiscretizationBFP = 129
par.backgroundNoise = 0.020
par.nPhotons = 500
positionX_nm_array = [-4.037097e+03 , -4.913649e+03 ,  1.959347e+03 ,  2.833034e+03 , -1.260833e+03 , -2.132672e+02 ,  4.823711e+03 ,  4.854151e+03 , -1.076792e+03 ,  1.134380e+03 ,  8.109004e+02 , -1.463321e+03 ,  2.054823e+03 , -1.531783e+03 ,  2.010044e+03 ,  3.574995e+03 , -2.287921e+03 , -3.952599e+03 ,  1.728802e+02 ,  1.531001e+02 , -2.816807e+03 , -2.885968e+03 , -3.006432e+02 ,  4.811566e+03 ,  4.177431e+03 , -1.759865e+03 ,  1.151837e+02 , -3.020728e+03 ,  3.273581e+03 , -3.966912e+03 ,  8.799559e+02 , -2.828613e+03 ,  1.321892e+03 , -2.292956e+03 ,  4.553265e+03 , -4.847406e+03 , -4.933381e+03 , -3.510532e+03 ,  4.201552e+03 , -2.191727e+03 , -1.222475e+03 ,  1.979100e+03 , -3.879234e+02 ,  3.051655e+03 ,  1.771756e+03 ,  3.820834e+03 ,  1.191599e+03 , -1.804292e+03 , -4.569309e+03 ,  3.135150e+03 ,]
positionY_nm_array = [9.898602e+02 , -1.276896e+03 ,  4.028939e+03 , -4.806048e+03 ,  3.057911e+03 , -3.792213e+03 ,  4.576191e+03 ,  2.127946e+03 , -1.242312e+03 ,  9.876702e+01 , -1.885020e+03 , -3.520801e+03 ,  2.335232e+03 ,  1.258985e+03 , -7.497165e+02 ,  1.189293e+03 , -2.697680e+03 ,  3.471438e+03 ,  9.020598e+02 ,  4.753258e+03 , -4.758401e+02 ,  3.319887e+03 , -1.131552e+02 , -1.465238e+03 , -3.313711e+03 , -4.551354e+03 ,  3.280366e+03 ,  4.753254e+03 , -1.646704e+03 , -1.656684e+03 , -2.892360e+03 ,  1.399550e+03 , -4.624097e+03 , -1.592953e+03 ,  9.528693e+02 ,  4.378011e+03 , -3.902779e+03 , -3.428277e+03 , -4.894707e+03 ,  2.527481e+03 ,  4.627898e+03 , -3.765576e+03 ,  2.393454e+03 ,  2.491710e+03 , -2.393371e+03 ,  4.074002e+03 ,  1.653838e+03 ,  2.963351e+01 ,  2.641903e+03 ,  4.915353e+03 ,]
angleInclination_array = [2.792527e+00 , 2.792527e+00 , 2.792527e+00 , 2.792527e+00 , 2.792527e+00 , 2.792527e+00 , 2.792527e+00 , 2.792527e+00 , 2.792527e+00 , 2.792527e+00 , 2.792527e+00 , 2.792527e+00 , 2.792527e+00 , 2.792527e+00 , 2.792527e+00 , 2.792527e+00 , 2.792527e+00 , 2.792527e+00 , 2.792527e+00 , 2.792527e+00 , 2.792527e+00 , 2.792527e+00 , 2.792527e+00 , 2.792527e+00 , 2.792527e+00 , 2.792527e+00 , 2.792527e+00 , 2.792527e+00 , 2.792527e+00 , 2.792527e+00 , 2.792527e+00 , 2.792527e+00 , 2.792527e+00 , 2.792527e+00 , 2.792527e+00 , 2.792527e+00 , 2.792527e+00 , 2.792527e+00 , 2.792527e+00 , 2.792527e+00 , 2.792527e+00 , 2.792527e+00 , 2.792527e+00 , 2.792527e+00 , 2.792527e+00 , 2.792527e+00 , 2.792527e+00 , 2.792527e+00 , 2.792527e+00 , 2.792527e+00 ,]
angleAzimuth_array = [3.490659e+00 , 3.490659e+00 , 3.490659e+00 , 3.490659e+00 , 3.490659e+00 , 3.490659e+00 , 3.490659e+00 , 3.490659e+00 , 3.490659e+00 , 3.490659e+00 , 3.490659e+00 , 3.490659e+00 , 3.490659e+00 , 3.490659e+00 , 3.490659e+00 , 3.490659e+00 , 3.490659e+00 , 3.490659e+00 , 3.490659e+00 , 3.490659e+00 , 3.490659e+00 , 3.490659e+00 , 3.490659e+00 , 3.490659e+00 , 3.490659e+00 , 3.490659e+00 , 3.490659e+00 , 3.490659e+00 , 3.490659e+00 , 3.490659e+00 , 3.490659e+00 , 3.490659e+00 , 3.490659e+00 , 3.490659e+00 , 3.490659e+00 , 3.490659e+00 , 3.490659e+00 , 3.490659e+00 , 3.490659e+00 , 3.490659e+00 , 3.490659e+00 , 3.490659e+00 , 3.490659e+00 , 3.490659e+00 , 3.490659e+00 , 3.490659e+00 , 3.490659e+00 , 3.490659e+00 , 3.490659e+00 , 3.490659e+00 ,]
