% ground truth for sim_inc20_az80.tif
% settings
number_of_spots = 50
pixel_size_nm = 51.200
image_size_nm = 14142.136
image_size_px = 275
wavelength = 500
par.objectiveNA = 2.17
objectiveFocalLength = 770
par.refractiveIndices = [1.310000e+00 , 2.170000e+00 , 2.170000e+00 ,]
par.nDiscretizationBFP = 129
par.backgroundNoise = 0.020
par.nPhotons = 500
positionX_nm_array = [-9.459270e+02 , -1.913900e+03 , -4.056561e+03 , -3.569486e+02 ,  2.468048e+03 , -2.978318e+03 ,  2.725704e+03 ,  1.635380e+03 , -4.816151e+03 ,  1.383156e+03 ,  4.617283e+03 ,  8.452340e+02 ,  3.168497e+03 ,  4.927034e+03 , -3.900153e+03 , -4.171125e+03 ,  5.145924e+02 ,  2.500358e+03 ,  4.941343e+03 ,  1.997396e+03 , -2.595994e+03 , -8.664635e+02 , -3.089345e+03 , -4.600464e+03 ,  4.135197e+03 , -1.869489e+03 , -1.519701e+02 , -4.299052e+03 ,  7.159893e+02 ,  2.894133e+03 , -2.289161e+02 , -8.757883e+02 , -2.590385e+03 ,  7.185482e+01 ,  3.356530e+03 , -3.382986e+03 , -2.272413e+03 ,  1.050855e+03 ,  3.556933e+03 , -1.512203e+03 ,  3.290859e+02 , -4.586914e+03 ,  4.636482e+03 , -4.124463e+03 ,  1.587803e+03 ,  3.437279e+03 ,  3.765491e+03 , -4.529603e+03 , -1.550562e+03 , -1.524654e+03 ,]
positionY_nm_array = [-3.471482e+03 ,  3.675301e+03 , -9.619907e+02 , -2.246736e+03 , -1.167471e+03 , -3.772489e+03 , -4.081353e+03 ,  1.641925e+03 ,  2.727359e+03 , -3.763582e+03 , -1.429130e+03 ,  2.522797e+03 ,  3.788490e+03 ,  1.074062e+03 ,  3.269841e+03 , -2.699261e+03 , -7.054636e+02 ,  4.754709e+03 ,  2.824531e+03 , -2.295386e+03 ,  2.352897e+03 ,  4.646651e+02 ,  4.015946e+03 , -4.921412e+03 , -4.732789e+03 , -8.272554e+02 ,  2.947877e+03 ,  4.826320e+03 ,  4.419807e+03 ,  2.780264e+03 , -4.228904e+03 , -1.281188e+03 ,  8.201076e+02 , -3.151397e+03 , -9.438775e+01 , -1.067036e+02 , -4.800850e+03 , -1.911662e+03 ,  1.894325e+03 ,  2.741750e+03 ,  1.340557e+03 ,  1.628836e+03 ,  3.977818e+03 ,  6.584331e+02 ,  4.438813e+02 , -2.664334e+03 ,  4.655914e+03 , -3.874808e+03 ,  1.502572e+03 ,  4.814544e+03 ,]
angleInclination_array = [3.490659e-01 , 3.490659e-01 , 3.490659e-01 , 3.490659e-01 , 3.490659e-01 , 3.490659e-01 , 3.490659e-01 , 3.490659e-01 , 3.490659e-01 , 3.490659e-01 , 3.490659e-01 , 3.490659e-01 , 3.490659e-01 , 3.490659e-01 , 3.490659e-01 , 3.490659e-01 , 3.490659e-01 , 3.490659e-01 , 3.490659e-01 , 3.490659e-01 , 3.490659e-01 , 3.490659e-01 , 3.490659e-01 , 3.490659e-01 , 3.490659e-01 , 3.490659e-01 , 3.490659e-01 , 3.490659e-01 , 3.490659e-01 , 3.490659e-01 , 3.490659e-01 , 3.490659e-01 , 3.490659e-01 , 3.490659e-01 , 3.490659e-01 , 3.490659e-01 , 3.490659e-01 , 3.490659e-01 , 3.490659e-01 , 3.490659e-01 , 3.490659e-01 , 3.490659e-01 , 3.490659e-01 , 3.490659e-01 , 3.490659e-01 , 3.490659e-01 , 3.490659e-01 , 3.490659e-01 , 3.490659e-01 , 3.490659e-01 ,]
angleAzimuth_array = [1.396263e+00 , 1.396263e+00 , 1.396263e+00 , 1.396263e+00 , 1.396263e+00 , 1.396263e+00 , 1.396263e+00 , 1.396263e+00 , 1.396263e+00 , 1.396263e+00 , 1.396263e+00 , 1.396263e+00 , 1.396263e+00 , 1.396263e+00 , 1.396263e+00 , 1.396263e+00 , 1.396263e+00 , 1.396263e+00 , 1.396263e+00 , 1.396263e+00 , 1.396263e+00 , 1.396263e+00 , 1.396263e+00 , 1.396263e+00 , 1.396263e+00 , 1.396263e+00 , 1.396263e+00 , 1.396263e+00 , 1.396263e+00 , 1.396263e+00 , 1.396263e+00 , 1.396263e+00 , 1.396263e+00 , 1.396263e+00 , 1.396263e+00 , 1.396263e+00 , 1.396263e+00 , 1.396263e+00 , 1.396263e+00 , 1.396263e+00 , 1.396263e+00 , 1.396263e+00 , 1.396263e+00 , 1.396263e+00 , 1.396263e+00 , 1.396263e+00 , 1.396263e+00 , 1.396263e+00 , 1.396263e+00 , 1.396263e+00 ,]
