% ground truth for sim_inc10_az100.tif
% settings
number_of_spots = 50
pixel_size_nm = 51.200
image_size_nm = 14142.136
image_size_px = 275
wavelength = 500
par.objectiveNA = 2.17
objectiveFocalLength = 770
par.refractiveIndices = [1.310000e+00 , 2.170000e+00 , 2.170000e+00 ,]
par.nDiscretizationBFP = 129
par.backgroundNoise = 0.020
par.nPhotons = 500
positionX_nm_array = [-3.324765e+03 ,  3.056095e+03 ,  3.211158e+03 ,  6.043718e+02 ,  4.524850e+03 , -4.693606e+01 , -3.737259e+03 , -4.353664e+03 , -2.830162e+03 ,  3.927037e+03 , -1.515241e+03 ,  2.005371e+03 ,  1.450339e+03 , -1.306445e+03 ,  5.847446e+02 , -2.469740e+03 ,  2.375941e+03 ,  4.065557e+03 , -3.711029e+03 ,  4.830057e+03 , -2.786853e+02 , -1.177765e+03 , -4.127097e+02 ,  1.056720e+03 ,  1.919816e+03 ,  1.906946e+03 ,  2.675372e+03 , -4.875400e+03 ,  3.089083e+03 , -1.607803e+03 , -2.326368e+03 ,  5.026031e+01 , -1.624385e+02 , -2.344582e+03 , -1.165128e+03 , -4.622622e+02 ,  1.079708e+03 ,  1.686351e+02 , -4.060700e+03 , -2.414890e+03 ,  4.438061e+03 , -4.848697e+03 ,  4.139267e+03 , -4.898445e+03 ,  4.736426e+03 ,  4.158561e+03 , -3.507281e+03 ,  1.212341e+03 , -2.749190e+03 , -2.809728e+03 ,]
positionY_nm_array = [-2.688233e+03 ,  6.441079e+02 , -3.090464e+03 ,  1.200432e+03 ,  4.604011e+03 , -1.796675e+03 ,  1.657134e+03 , -7.708404e+01 , -1.793166e+03 , -3.852111e+03 , -3.201252e+03 ,  3.512297e+03 ,  1.377009e+02 , -2.206002e+02 , -3.509567e+03 , -3.766128e+03 , -4.902308e+03 , -8.145412e+02 , -4.402423e+03 ,  1.201003e+03 , -2.905323e+03 ,  2.170263e+03 ,  3.807513e+03 , -1.061168e+03 ,  2.021053e+03 , -3.460945e+03 , -1.773402e+03 , -1.269152e+03 ,  3.720786e+03 ,  3.636013e+03 ,  2.455804e+03 , -4.770060e+03 , -3.438244e+02 , -6.043608e+02 , -4.523213e+03 ,  1.425662e+03 ,  2.906763e+03 ,  4.807990e+03 ,  4.489551e+03 ,  4.347496e+03 , -1.887867e+03 ,  1.150948e+03 ,  3.265525e+03 ,  3.816076e+03 , -2.870557e+03 ,  2.540529e+02 ,  2.882402e+03 , -4.506375e+03 , -4.855858e+03 ,  4.197923e+02 ,]
angleInclination_array = [1.745329e-01 , 1.745329e-01 , 1.745329e-01 , 1.745329e-01 , 1.745329e-01 , 1.745329e-01 , 1.745329e-01 , 1.745329e-01 , 1.745329e-01 , 1.745329e-01 , 1.745329e-01 , 1.745329e-01 , 1.745329e-01 , 1.745329e-01 , 1.745329e-01 , 1.745329e-01 , 1.745329e-01 , 1.745329e-01 , 1.745329e-01 , 1.745329e-01 , 1.745329e-01 , 1.745329e-01 , 1.745329e-01 , 1.745329e-01 , 1.745329e-01 , 1.745329e-01 , 1.745329e-01 , 1.745329e-01 , 1.745329e-01 , 1.745329e-01 , 1.745329e-01 , 1.745329e-01 , 1.745329e-01 , 1.745329e-01 , 1.745329e-01 , 1.745329e-01 , 1.745329e-01 , 1.745329e-01 , 1.745329e-01 , 1.745329e-01 , 1.745329e-01 , 1.745329e-01 , 1.745329e-01 , 1.745329e-01 , 1.745329e-01 , 1.745329e-01 , 1.745329e-01 , 1.745329e-01 , 1.745329e-01 , 1.745329e-01 ,]
angleAzimuth_array = [1.745329e+00 , 1.745329e+00 , 1.745329e+00 , 1.745329e+00 , 1.745329e+00 , 1.745329e+00 , 1.745329e+00 , 1.745329e+00 , 1.745329e+00 , 1.745329e+00 , 1.745329e+00 , 1.745329e+00 , 1.745329e+00 , 1.745329e+00 , 1.745329e+00 , 1.745329e+00 , 1.745329e+00 , 1.745329e+00 , 1.745329e+00 , 1.745329e+00 , 1.745329e+00 , 1.745329e+00 , 1.745329e+00 , 1.745329e+00 , 1.745329e+00 , 1.745329e+00 , 1.745329e+00 , 1.745329e+00 , 1.745329e+00 , 1.745329e+00 , 1.745329e+00 , 1.745329e+00 , 1.745329e+00 , 1.745329e+00 , 1.745329e+00 , 1.745329e+00 , 1.745329e+00 , 1.745329e+00 , 1.745329e+00 , 1.745329e+00 , 1.745329e+00 , 1.745329e+00 , 1.745329e+00 , 1.745329e+00 , 1.745329e+00 , 1.745329e+00 , 1.745329e+00 , 1.745329e+00 , 1.745329e+00 , 1.745329e+00 ,]
