% ground truth for sim_inc100_az260.tif
% settings
number_of_spots = 50
pixel_size_nm = 51.200
image_size_nm = 14142.136
image_size_px = 275
wavelength = 500
par.objectiveNA = 2.17
objectiveFocalLength = 770
par.refractiveIndices = [1.310000e+00 , 2.170000e+00 , 2.170000e+00 ,]
par.nDiscretizationBFP = 129
par.backgroundNoise = 0.020
par.nPhotons = 500
positionX_nm_array = [-1.440628e+02 ,  4.770400e+03 , -3.734386e+03 ,  3.664693e+03 ,  4.554476e+03 ,  2.788705e+02 , -3.309289e+03 , -2.368478e+03 , -4.795220e+03 , -1.376829e+03 ,  3.775269e+03 ,  1.860897e+02 ,  2.192123e+03 , -3.093653e+03 , -4.119599e+03 , -3.946841e+03 ,  1.204919e+03 , -3.576959e+03 , -2.188432e+03 , -1.954065e+03 ,  2.052769e+03 ,  4.882818e+03 , -1.566321e+03 , -4.743832e+03 , -2.419408e+03 ,  2.883851e+03 , -4.524548e+03 ,  6.216697e+02 ,  3.476270e+03 ,  8.333170e+02 ,  1.325212e+03 ,  2.574654e+03 ,  1.776317e+03 , -1.125487e+03 ,  2.816489e+03 ,  1.649879e+03 ,  3.254460e+03 ,  4.704928e+03 ,  4.014352e+03 ,  4.667011e+03 , -1.360375e+03 ,  5.331920e+02 , -3.242919e+03 ,  3.713738e+03 , -1.273091e+03 ,  7.747978e+00 , -7.972190e+02 , -3.462079e+03 , -1.033698e+03 , -3.127187e+03 ,]
positionY_nm_array = [-4.457487e+03 ,  4.828475e+02 ,  5.282063e+02 , -7.091247e+02 , -1.762896e+03 ,  4.649401e+03 ,  3.931601e+03 ,  4.562815e+03 , -2.694827e+02 , -1.664762e+03 , -3.445438e+03 , -5.109480e+02 ,  2.798647e+03 ,  1.535521e+03 ,  2.662228e+03 , -2.097075e+03 ,  3.019981e+03 , -4.228697e+03 , -3.683368e+03 ,  4.362193e+02 , -1.755878e+03 ,  4.801031e+03 ,  2.564897e+03 , -2.932626e+03 , -1.212262e+03 ,  4.601956e+03 ,  4.400946e+03 , -2.149067e+03 , -2.002409e+03 ,  2.023955e+03 , -5.557413e+02 , -3.450601e+03 ,  1.040331e+03 ,  1.197928e+03 , -4.938719e+03 , -2.761441e+03 ,  1.944939e+03 ,  3.456715e+03 , -4.637288e+03 ,  1.923383e+03 ,  4.868334e+03 , -3.168247e+03 , -6.006711e+02 ,  5.251581e+02 , -4.896011e+03 ,  3.145371e+03 ,  2.109419e+02 , -3.187181e+03 ,  3.922735e+03 ,  2.916326e+03 ,]
angleInclination_array = [1.745329e+00 , 1.745329e+00 , 1.745329e+00 , 1.745329e+00 , 1.745329e+00 , 1.745329e+00 , 1.745329e+00 , 1.745329e+00 , 1.745329e+00 , 1.745329e+00 , 1.745329e+00 , 1.745329e+00 , 1.745329e+00 , 1.745329e+00 , 1.745329e+00 , 1.745329e+00 , 1.745329e+00 , 1.745329e+00 , 1.745329e+00 , 1.745329e+00 , 1.745329e+00 , 1.745329e+00 , 1.745329e+00 , 1.745329e+00 , 1.745329e+00 , 1.745329e+00 , 1.745329e+00 , 1.745329e+00 , 1.745329e+00 , 1.745329e+00 , 1.745329e+00 , 1.745329e+00 , 1.745329e+00 , 1.745329e+00 , 1.745329e+00 , 1.745329e+00 , 1.745329e+00 , 1.745329e+00 , 1.745329e+00 , 1.745329e+00 , 1.745329e+00 , 1.745329e+00 , 1.745329e+00 , 1.745329e+00 , 1.745329e+00 , 1.745329e+00 , 1.745329e+00 , 1.745329e+00 , 1.745329e+00 , 1.745329e+00 ,]
angleAzimuth_array = [4.537856e+00 , 4.537856e+00 , 4.537856e+00 , 4.537856e+00 , 4.537856e+00 , 4.537856e+00 , 4.537856e+00 , 4.537856e+00 , 4.537856e+00 , 4.537856e+00 , 4.537856e+00 , 4.537856e+00 , 4.537856e+00 , 4.537856e+00 , 4.537856e+00 , 4.537856e+00 , 4.537856e+00 , 4.537856e+00 , 4.537856e+00 , 4.537856e+00 , 4.537856e+00 , 4.537856e+00 , 4.537856e+00 , 4.537856e+00 , 4.537856e+00 , 4.537856e+00 , 4.537856e+00 , 4.537856e+00 , 4.537856e+00 , 4.537856e+00 , 4.537856e+00 , 4.537856e+00 , 4.537856e+00 , 4.537856e+00 , 4.537856e+00 , 4.537856e+00 , 4.537856e+00 , 4.537856e+00 , 4.537856e+00 , 4.537856e+00 , 4.537856e+00 , 4.537856e+00 , 4.537856e+00 , 4.537856e+00 , 4.537856e+00 , 4.537856e+00 , 4.537856e+00 , 4.537856e+00 , 4.537856e+00 , 4.537856e+00 ,]
