% ground truth for sim_inc130_az240.tif
% settings
number_of_spots = 50
pixel_size_nm = 51.200
image_size_nm = 14142.136
image_size_px = 275
wavelength = 500
par.objectiveNA = 2.17
objectiveFocalLength = 770
par.refractiveIndices = [1.310000e+00 , 2.170000e+00 , 2.170000e+00 ,]
par.nDiscretizationBFP = 129
par.backgroundNoise = 0.020
par.nPhotons = 500
positionX_nm_array = [-4.180254e+03 , -7.554628e+02 ,  3.073121e+02 ,  4.494306e+03 , -2.612702e+03 , -2.893919e+03 , -2.920931e+03 ,  4.573135e+03 ,  3.538032e+01 ,  4.349856e+03 ,  3.234488e+02 ,  3.028810e+03 ,  2.216382e+03 ,  3.589176e+03 ,  1.658520e+03 , -3.997406e+03 , -4.610910e+03 ,  4.253402e+03 , -2.320731e+03 , -2.382731e+02 ,  3.836912e+03 ,  2.362836e+03 ,  3.291145e+02 ,  2.850500e+03 , -4.592173e+03 , -1.648125e+03 ,  1.259623e+03 , -2.776805e+03 , -5.949854e+02 , -1.355763e+03 ,  4.535377e+03 , -1.517413e+03 ,  4.164899e+02 , -1.831364e+03 , -7.305158e+02 ,  2.537259e+03 ,  1.069218e+03 ,  4.436743e+03 , -3.575122e+03 ,  1.294797e+03 ,  3.579603e+03 , -4.236454e+03 ,  9.027250e+02 , -2.657075e+03 , -1.452767e+03 , -1.073138e+03 ,  1.400880e+03 ,  7.613070e+02 , -4.852099e+03 , -3.458056e+03 ,]
positionY_nm_array = [-4.700665e+03 ,  4.054158e+03 ,  4.406576e+02 ,  4.074745e+03 ,  1.454650e+03 , -2.556211e+03 ,  4.566694e+03 ,  2.749630e+03 ,  4.667568e+03 ,  6.014538e+01 ,  3.344028e+03 , -2.120288e+03 , -4.228645e+03 , -3.304204e+03 ,  1.518147e+03 , -2.483399e+03 ,  2.115061e+02 , -4.557591e+03 ,  2.792206e+03 , -4.158330e+03 ,  1.902748e+03 ,  3.297406e+03 , -2.025638e+03 ,  6.378541e+02 ,  2.853721e+03 , -1.385656e+03 , -3.002171e+03 , -4.573419e+03 , -1.207955e+03 ,  1.567052e+03 , -2.916297e+03 , -2.559435e+03 ,  1.445892e+03 , -3.937794e+03 ,  4.965502e+02 , -1.105980e+03 , -3.887539e+02 , -9.900176e+02 , -6.512181e+02 ,  4.503144e+03 ,  3.479755e+03 , -1.511524e+03 , -3.945878e+03 ,  3.927250e+02 ,  4.809748e+03 ,  3.037346e+03 , -1.412833e+03 ,  2.424412e+03 ,  1.290051e+03 , -3.587487e+03 ,]
angleInclination_array = [2.268928e+00 , 2.268928e+00 , 2.268928e+00 , 2.268928e+00 , 2.268928e+00 , 2.268928e+00 , 2.268928e+00 , 2.268928e+00 , 2.268928e+00 , 2.268928e+00 , 2.268928e+00 , 2.268928e+00 , 2.268928e+00 , 2.268928e+00 , 2.268928e+00 , 2.268928e+00 , 2.268928e+00 , 2.268928e+00 , 2.268928e+00 , 2.268928e+00 , 2.268928e+00 , 2.268928e+00 , 2.268928e+00 , 2.268928e+00 , 2.268928e+00 , 2.268928e+00 , 2.268928e+00 , 2.268928e+00 , 2.268928e+00 , 2.268928e+00 , 2.268928e+00 , 2.268928e+00 , 2.268928e+00 , 2.268928e+00 , 2.268928e+00 , 2.268928e+00 , 2.268928e+00 , 2.268928e+00 , 2.268928e+00 , 2.268928e+00 , 2.268928e+00 , 2.268928e+00 , 2.268928e+00 , 2.268928e+00 , 2.268928e+00 , 2.268928e+00 , 2.268928e+00 , 2.268928e+00 , 2.268928e+00 , 2.268928e+00 ,]
angleAzimuth_array = [4.188790e+00 , 4.188790e+00 , 4.188790e+00 , 4.188790e+00 , 4.188790e+00 , 4.188790e+00 , 4.188790e+00 , 4.188790e+00 , 4.188790e+00 , 4.188790e+00 , 4.188790e+00 , 4.188790e+00 , 4.188790e+00 , 4.188790e+00 , 4.188790e+00 , 4.188790e+00 , 4.188790e+00 , 4.188790e+00 , 4.188790e+00 , 4.188790e+00 , 4.188790e+00 , 4.188790e+00 , 4.188790e+00 , 4.188790e+00 , 4.188790e+00 , 4.188790e+00 , 4.188790e+00 , 4.188790e+00 , 4.188790e+00 , 4.188790e+00 , 4.188790e+00 , 4.188790e+00 , 4.188790e+00 , 4.188790e+00 , 4.188790e+00 , 4.188790e+00 , 4.188790e+00 , 4.188790e+00 , 4.188790e+00 , 4.188790e+00 , 4.188790e+00 , 4.188790e+00 , 4.188790e+00 , 4.188790e+00 , 4.188790e+00 , 4.188790e+00 , 4.188790e+00 , 4.188790e+00 , 4.188790e+00 , 4.188790e+00 ,]
