% ground truth for sim_inc50_az300.tif
% settings
number_of_spots = 50
pixel_size_nm = 51.200
image_size_nm = 14142.136
image_size_px = 275
wavelength = 500
par.objectiveNA = 2.17
objectiveFocalLength = 770
par.refractiveIndices = [1.310000e+00 , 2.170000e+00 , 2.170000e+00 ,]
par.nDiscretizationBFP = 129
par.backgroundNoise = 0.020
par.nPhotons = 500
positionX_nm_array = [3.520375e+03 ,  1.670717e+03 , -2.883345e+03 , -3.867597e+03 ,  4.338408e+03 , -1.550548e+03 , -1.444604e+03 ,  6.272280e+02 , -3.803592e+03 , -2.671036e+03 ,  3.513761e+03 ,  4.639282e+03 , -3.548119e+02 , -2.862714e+03 , -1.921420e+03 ,  3.562194e+03 ,  6.828892e+02 , -1.928110e+03 ,  4.139084e+03 ,  4.588669e+03 ,  3.045076e+03 , -2.307068e+03 ,  3.449982e+02 , -4.395549e+03 ,  1.676307e+03 , -4.778375e+03 , -2.373129e+03 , -6.711115e+02 ,  2.065004e+03 ,  4.658728e+03 ,  2.790989e+03 , -4.531686e+03 , -4.039818e+02 ,  3.052692e+03 ,  4.885845e+03 , -3.952235e+02 ,  2.033911e+03 , -3.470323e+03 ,  2.669098e+03 ,  8.358474e+02 , -7.002952e+01 ,  1.721371e+03 ,  1.977650e+03 ,  3.256319e+03 , -1.415343e+03 ,  4.327520e+03 , -4.873302e+03 , -3.732682e+03 ,  6.707171e+02 ,  6.658914e+02 ,]
positionY_nm_array = [-1.565951e+03 , -3.084152e+03 ,  1.098147e+03 , -1.389304e+02 , -8.838700e+02 ,  1.341269e+03 , -2.026566e+03 ,  4.447007e+03 , -3.949442e+03 , -2.806739e+03 ,  4.187445e+03 , -4.445219e+03 ,  2.599537e+03 , -1.511057e+03 , -4.842585e+02 ,  7.931643e+02 ,  1.264916e+03 , -4.575022e+03 , -2.700617e+03 ,  1.583423e+03 , -2.693239e+03 ,  4.666055e+03 , -3.880621e+02 ,  3.722746e+03 , -4.805852e+03 , -1.619181e+03 ,  2.357776e+03 , -9.906193e+02 , -8.131300e+02 ,  2.706755e+03 , -4.945513e+03 ,  1.482515e+03 ,  4.110356e+03 ,  2.264595e+03 ,  3.880261e+03 ,  3.882584e+02 ,  4.552203e+03 ,  2.359213e+03 , -3.644093e+03 , -1.695575e+03 , -2.303169e+03 ,  2.283511e+03 ,  1.094128e+03 , -4.420376e+02 ,  2.785839e+03 ,  4.897382e+03 , -4.804293e+03 ,  4.812915e+03 , -3.807306e+03 ,  3.017680e+03 ,]
angleInclination_array = [8.726646e-01 , 8.726646e-01 , 8.726646e-01 , 8.726646e-01 , 8.726646e-01 , 8.726646e-01 , 8.726646e-01 , 8.726646e-01 , 8.726646e-01 , 8.726646e-01 , 8.726646e-01 , 8.726646e-01 , 8.726646e-01 , 8.726646e-01 , 8.726646e-01 , 8.726646e-01 , 8.726646e-01 , 8.726646e-01 , 8.726646e-01 , 8.726646e-01 , 8.726646e-01 , 8.726646e-01 , 8.726646e-01 , 8.726646e-01 , 8.726646e-01 , 8.726646e-01 , 8.726646e-01 , 8.726646e-01 , 8.726646e-01 , 8.726646e-01 , 8.726646e-01 , 8.726646e-01 , 8.726646e-01 , 8.726646e-01 , 8.726646e-01 , 8.726646e-01 , 8.726646e-01 , 8.726646e-01 , 8.726646e-01 , 8.726646e-01 , 8.726646e-01 , 8.726646e-01 , 8.726646e-01 , 8.726646e-01 , 8.726646e-01 , 8.726646e-01 , 8.726646e-01 , 8.726646e-01 , 8.726646e-01 , 8.726646e-01 ,]
angleAzimuth_array = [5.235988e+00 , 5.235988e+00 , 5.235988e+00 , 5.235988e+00 , 5.235988e+00 , 5.235988e+00 , 5.235988e+00 , 5.235988e+00 , 5.235988e+00 , 5.235988e+00 , 5.235988e+00 , 5.235988e+00 , 5.235988e+00 , 5.235988e+00 , 5.235988e+00 , 5.235988e+00 , 5.235988e+00 , 5.235988e+00 , 5.235988e+00 , 5.235988e+00 , 5.235988e+00 , 5.235988e+00 , 5.235988e+00 , 5.235988e+00 , 5.235988e+00 , 5.235988e+00 , 5.235988e+00 , 5.235988e+00 , 5.235988e+00 , 5.235988e+00 , 5.235988e+00 , 5.235988e+00 , 5.235988e+00 , 5.235988e+00 , 5.235988e+00 , 5.235988e+00 , 5.235988e+00 , 5.235988e+00 , 5.235988e+00 , 5.235988e+00 , 5.235988e+00 , 5.235988e+00 , 5.235988e+00 , 5.235988e+00 , 5.235988e+00 , 5.235988e+00 , 5.235988e+00 , 5.235988e+00 , 5.235988e+00 , 5.235988e+00 ,]
