% ground truth for sim_inc130_az300.tif
% settings
number_of_spots = 50
pixel_size_nm = 51.200
image_size_nm = 14142.136
image_size_px = 275
wavelength = 500
par.objectiveNA = 2.17
objectiveFocalLength = 770
par.refractiveIndices = [1.310000e+00 , 2.170000e+00 , 2.170000e+00 ,]
par.nDiscretizationBFP = 129
par.backgroundNoise = 0.020
par.nPhotons = 500
positionX_nm_array = [3.223072e+03 ,  4.000597e+02 ,  4.264324e+03 , -1.039271e+03 , -4.143253e+03 , -2.965717e+03 , -4.487603e+03 , -1.421849e+03 ,  4.888649e+03 ,  6.550646e+02 ,  3.634428e+03 ,  3.109581e+03 , -1.494370e+02 , -1.044382e+03 ,  1.819492e+03 ,  1.839779e+03 , -2.145199e+03 ,  3.679678e+03 , -4.747605e+03 ,  3.397846e+03 , -8.150399e+02 ,  3.260008e+03 ,  1.547940e+03 , -2.004489e+02 ,  3.529772e+02 , -1.767547e+03 , -2.996081e+03 ,  3.206881e+02 ,  1.585164e+03 ,  2.229786e+03 , -4.647336e+03 , -4.468998e+03 ,  4.798969e+03 , -3.978992e+03 ,  4.023830e+03 , -2.759646e+03 , -2.061303e+03 ,  4.180952e+03 , -4.389734e+03 , -4.925878e+01 , -2.522173e+03 , -5.092285e+02 ,  1.067823e+03 ,  2.060808e+03 ,  3.026737e+03 , -3.867360e+03 ,  4.630997e+03 , -8.597096e+02 , -2.631287e+03 , -1.694073e+03 ,]
positionY_nm_array = [-4.870070e+02 ,  2.178261e+03 , -4.927125e+03 , -1.250702e+03 , -2.441528e+03 , -2.136465e+03 ,  2.193810e+02 ,  3.411722e+03 ,  4.936584e+03 ,  4.644476e+03 ,  4.567510e+03 , -4.823280e+03 ,  3.782585e+03 , -2.279795e+03 , -5.562922e+02 ,  6.904379e+02 , -3.596980e+03 ,  1.374825e+03 ,  2.383211e+03 , -1.518241e+03 ,  4.517377e+02 , -3.642336e+03 ,  1.946142e+03 , -3.223015e+03 , -1.612401e+03 , -2.543093e+02 , -4.199878e+03 ,  4.189239e+01 , -4.893507e+03 ,  4.467496e+03 , -1.379516e+03 , -4.852500e+03 ,  1.078944e+03 ,  3.495709e+03 , -2.936729e+03 ,  4.446300e+03 , -4.790495e+03 ,  3.204998e+03 , -3.691970e+03 ,  1.195425e+03 ,  2.046106e+03 ,  4.825697e+03 , -2.846049e+03 , -1.863638e+03 , -2.533155e+03 ,  1.637241e+03 , -4.966082e+02 , -4.035467e+03 ,  3.645073e+02 ,  1.091526e+03 ,]
angleInclination_array = [2.268928e+00 , 2.268928e+00 , 2.268928e+00 , 2.268928e+00 , 2.268928e+00 , 2.268928e+00 , 2.268928e+00 , 2.268928e+00 , 2.268928e+00 , 2.268928e+00 , 2.268928e+00 , 2.268928e+00 , 2.268928e+00 , 2.268928e+00 , 2.268928e+00 , 2.268928e+00 , 2.268928e+00 , 2.268928e+00 , 2.268928e+00 , 2.268928e+00 , 2.268928e+00 , 2.268928e+00 , 2.268928e+00 , 2.268928e+00 , 2.268928e+00 , 2.268928e+00 , 2.268928e+00 , 2.268928e+00 , 2.268928e+00 , 2.268928e+00 , 2.268928e+00 , 2.268928e+00 , 2.268928e+00 , 2.268928e+00 , 2.268928e+00 , 2.268928e+00 , 2.268928e+00 , 2.268928e+00 , 2.268928e+00 , 2.268928e+00 , 2.268928e+00 , 2.268928e+00 , 2.268928e+00 , 2.268928e+00 , 2.268928e+00 , 2.268928e+00 , 2.268928e+00 , 2.268928e+00 , 2.268928e+00 , 2.268928e+00 ,]
angleAzimuth_array = [5.235988e+00 , 5.235988e+00 , 5.235988e+00 , 5.235988e+00 , 5.235988e+00 , 5.235988e+00 , 5.235988e+00 , 5.235988e+00 , 5.235988e+00 , 5.235988e+00 , 5.235988e+00 , 5.235988e+00 , 5.235988e+00 , 5.235988e+00 , 5.235988e+00 , 5.235988e+00 , 5.235988e+00 , 5.235988e+00 , 5.235988e+00 , 5.235988e+00 , 5.235988e+00 , 5.235988e+00 , 5.235988e+00 , 5.235988e+00 , 5.235988e+00 , 5.235988e+00 , 5.235988e+00 , 5.235988e+00 , 5.235988e+00 , 5.235988e+00 , 5.235988e+00 , 5.235988e+00 , 5.235988e+00 , 5.235988e+00 , 5.235988e+00 , 5.235988e+00 , 5.235988e+00 , 5.235988e+00 , 5.235988e+00 , 5.235988e+00 , 5.235988e+00 , 5.235988e+00 , 5.235988e+00 , 5.235988e+00 , 5.235988e+00 , 5.235988e+00 , 5.235988e+00 , 5.235988e+00 , 5.235988e+00 , 5.235988e+00 ,]
