% ground truth for sim_inc60_az40.tif
% settings
number_of_spots = 50
pixel_size_nm = 51.200
image_size_nm = 14142.136
image_size_px = 275
wavelength = 500
par.objectiveNA = 2.17
objectiveFocalLength = 770
par.refractiveIndices = [1.310000e+00 , 2.170000e+00 , 2.170000e+00 ,]
par.nDiscretizationBFP = 129
par.backgroundNoise = 0.020
par.nPhotons = 500
positionX_nm_array = [3.000749e+03 ,  1.392829e+03 , -4.907527e+03 ,  8.392311e+02 ,  4.940997e+03 ,  3.851750e+03 ,  3.044739e+03 , -2.502915e+03 , -2.430488e+03 ,  2.156321e+03 , -2.230796e+02 ,  2.338539e+03 , -3.415099e+03 ,  4.457354e+03 , -6.468361e+02 ,  1.879909e+03 , -8.553483e+02 , -4.908907e+03 , -9.936450e+02 , -4.735350e+03 , -4.749659e+03 , -4.079681e+03 ,  2.442255e+03 , -4.900224e+03 , -3.358463e+03 ,  3.787911e+03 , -2.115222e+03 , -2.018316e+03 ,  1.886804e+02 ,  4.406611e+03 , -4.076889e+03 , -4.088665e+03 ,  2.790497e+03 , -3.213586e+03 ,  7.391187e+02 , -3.289260e+02 ,  3.421954e+03 , -2.716379e+03 , -3.249188e+03 , -1.994181e+03 ,  3.609120e+03 ,  4.772495e+03 , -2.444780e+03 ,  1.328460e+03 ,  6.195927e+02 ,  1.770234e+03 , -1.262254e+03 , -7.354291e+02 ,  1.553867e+03 ,  4.656094e+03 ,]
positionY_nm_array = [-2.507659e+02 ,  1.743418e+03 , -3.671070e+03 ,  5.783510e+02 , -1.842979e+03 , -4.543992e+03 ,  3.910639e+03 ,  4.594524e+02 ,  3.181677e+03 ,  2.762844e+03 , -5.638521e+02 , -4.441520e+03 ,  9.973380e+02 ,  2.628475e+03 , -4.282146e+03 , -2.040451e+03 ,  1.206676e+03 ,  1.000551e+03 ,  3.376105e+03 , -1.479261e+03 , -4.840426e+03 , -2.567614e+03 ,  1.752737e+03 ,  2.316513e+03 , -3.286242e+03 , -2.613328e+03 , -2.983806e+03 ,  1.937116e+03 , -3.079207e+03 ,  7.089561e+02 ,  4.536526e+03 ,  2.104434e+02 , -2.759494e+03 ,  3.850208e+03 ,  3.183240e+03 ,  4.164225e+03 , -1.546286e+03 , -7.466198e+02 ,  2.231600e+03 ,  4.326109e+03 ,  1.400126e+03 ,  4.661350e+03 , -1.836669e+03 , -8.391764e+02 , -1.548302e+03 , -3.134628e+03 , -3.924943e+01 , -1.645290e+03 ,  4.022885e+03 , -3.568817e+03 ,]
angleInclination_array = [1.047198e+00 , 1.047198e+00 , 1.047198e+00 , 1.047198e+00 , 1.047198e+00 , 1.047198e+00 , 1.047198e+00 , 1.047198e+00 , 1.047198e+00 , 1.047198e+00 , 1.047198e+00 , 1.047198e+00 , 1.047198e+00 , 1.047198e+00 , 1.047198e+00 , 1.047198e+00 , 1.047198e+00 , 1.047198e+00 , 1.047198e+00 , 1.047198e+00 , 1.047198e+00 , 1.047198e+00 , 1.047198e+00 , 1.047198e+00 , 1.047198e+00 , 1.047198e+00 , 1.047198e+00 , 1.047198e+00 , 1.047198e+00 , 1.047198e+00 , 1.047198e+00 , 1.047198e+00 , 1.047198e+00 , 1.047198e+00 , 1.047198e+00 , 1.047198e+00 , 1.047198e+00 , 1.047198e+00 , 1.047198e+00 , 1.047198e+00 , 1.047198e+00 , 1.047198e+00 , 1.047198e+00 , 1.047198e+00 , 1.047198e+00 , 1.047198e+00 , 1.047198e+00 , 1.047198e+00 , 1.047198e+00 , 1.047198e+00 ,]
angleAzimuth_array = [6.981317e-01 , 6.981317e-01 , 6.981317e-01 , 6.981317e-01 , 6.981317e-01 , 6.981317e-01 , 6.981317e-01 , 6.981317e-01 , 6.981317e-01 , 6.981317e-01 , 6.981317e-01 , 6.981317e-01 , 6.981317e-01 , 6.981317e-01 , 6.981317e-01 , 6.981317e-01 , 6.981317e-01 , 6.981317e-01 , 6.981317e-01 , 6.981317e-01 , 6.981317e-01 , 6.981317e-01 , 6.981317e-01 , 6.981317e-01 , 6.981317e-01 , 6.981317e-01 , 6.981317e-01 , 6.981317e-01 , 6.981317e-01 , 6.981317e-01 , 6.981317e-01 , 6.981317e-01 , 6.981317e-01 , 6.981317e-01 , 6.981317e-01 , 6.981317e-01 , 6.981317e-01 , 6.981317e-01 , 6.981317e-01 , 6.981317e-01 , 6.981317e-01 , 6.981317e-01 , 6.981317e-01 , 6.981317e-01 , 6.981317e-01 , 6.981317e-01 , 6.981317e-01 , 6.981317e-01 , 6.981317e-01 , 6.981317e-01 ,]
