% ground truth for sim_inc110_az20.tif
% settings
number_of_spots = 50
pixel_size_nm = 51.200
image_size_nm = 14142.136
image_size_px = 275
wavelength = 500
par.objectiveNA = 2.17
objectiveFocalLength = 770
par.refractiveIndices = [1.310000e+00 , 2.170000e+00 , 2.170000e+00 ,]
par.nDiscretizationBFP = 129
par.backgroundNoise = 0.020
par.nPhotons = 500
positionX_nm_array = [4.794932e+03 ,  3.318871e+03 ,  2.438349e+03 , -2.107609e+03 ,  3.804065e+03 , -1.291907e+03 , -2.661475e+03 , -3.981032e+02 , -4.072232e+03 ,  2.499221e+03 , -3.187274e+02 ,  1.691866e+02 , -3.446435e+03 ,  8.856940e+02 , -2.942671e+03 ,  8.931634e+02 ,  2.005799e+03 , -3.720153e+03 ,  3.729628e+03 , -5.083227e+02 ,  1.399919e+03 ,  4.512024e+02 ,  1.713478e+03 ,  2.535335e+03 , -1.088316e+03 , -4.066984e+03 , -3.764778e+03 , -1.938953e+03 , -4.210388e+03 ,  4.883743e+03 ,  3.934592e+03 ,  1.108463e+03 ,  7.726212e+02 , -3.190804e+03 , -9.524615e+02 , -2.251837e+02 , -2.943052e+03 ,  2.557670e+03 , -1.396603e+02 , -2.528050e+03 , -1.647966e+03 , -4.094746e+03 , -1.409221e+03 ,  2.988624e+03 ,  3.880898e+03 ,  3.368860e+03 , -2.025439e+03 , -7.988619e+02 ,  6.308500e+02 , -4.195974e+03 ,]
positionY_nm_array = [4.361677e+03 , -4.322744e+03 ,  2.747498e+03 , -3.438787e+03 ,  1.904914e+03 , -2.409362e+03 , -9.671127e+02 ,  3.783183e+03 , -1.641421e+03 , -3.588294e+03 ,  9.485454e+02 , -5.187285e+02 ,  1.857936e+03 ,  1.609257e+03 ,  3.164600e+03 , -3.495200e+03 ,  4.406863e+03 ,  4.731627e+03 ,  7.120866e+02 , -3.104356e+03 ,  3.457102e+03 , -4.460161e+03 , -6.134894e+02 , -1.750868e+03 , -7.483902e+02 ,  9.199702e+02 , -3.126916e+03 ,  4.771268e+03 ,  3.478130e+03 ,  1.319680e+03 , -3.209315e+03 , -2.087222e+03 ,  4.946220e+03 ,  3.306593e+02 ,  2.762685e+03 , -1.462064e+03 , -2.232081e+03 ,  1.062010e+03 ,  2.106395e+03 ,  1.379760e+03 ,  3.642787e+03 , -4.693702e+02 ,  3.650907e+02 ,  3.613320e+03 , -7.058431e+02 ,  4.754181e+03 , -4.440743e+03 , -4.493275e+03 ,  5.183881e+02 , -4.624968e+03 ,]
angleInclination_array = [1.919862e+00 , 1.919862e+00 , 1.919862e+00 , 1.919862e+00 , 1.919862e+00 , 1.919862e+00 , 1.919862e+00 , 1.919862e+00 , 1.919862e+00 , 1.919862e+00 , 1.919862e+00 , 1.919862e+00 , 1.919862e+00 , 1.919862e+00 , 1.919862e+00 , 1.919862e+00 , 1.919862e+00 , 1.919862e+00 , 1.919862e+00 , 1.919862e+00 , 1.919862e+00 , 1.919862e+00 , 1.919862e+00 , 1.919862e+00 , 1.919862e+00 , 1.919862e+00 , 1.919862e+00 , 1.919862e+00 , 1.919862e+00 , 1.919862e+00 , 1.919862e+00 , 1.919862e+00 , 1.919862e+00 , 1.919862e+00 , 1.919862e+00 , 1.919862e+00 , 1.919862e+00 , 1.919862e+00 , 1.919862e+00 , 1.919862e+00 , 1.919862e+00 , 1.919862e+00 , 1.919862e+00 , 1.919862e+00 , 1.919862e+00 , 1.919862e+00 , 1.919862e+00 , 1.919862e+00 , 1.919862e+00 , 1.919862e+00 ,]
angleAzimuth_array = [3.490659e-01 , 3.490659e-01 , 3.490659e-01 , 3.490659e-01 , 3.490659e-01 , 3.490659e-01 , 3.490659e-01 , 3.490659e-01 , 3.490659e-01 , 3.490659e-01 , 3.490659e-01 , 3.490659e-01 , 3.490659e-01 , 3.490659e-01 , 3.490659e-01 , 3.490659e-01 , 3.490659e-01 , 3.490659e-01 , 3.490659e-01 , 3.490659e-01 , 3.490659e-01 , 3.490659e-01 , 3.490659e-01 , 3.490659e-01 , 3.490659e-01 , 3.490659e-01 , 3.490659e-01 , 3.490659e-01 , 3.490659e-01 , 3.490659e-01 , 3.490659e-01 , 3.490659e-01 , 3.490659e-01 , 3.490659e-01 , 3.490659e-01 , 3.490659e-01 , 3.490659e-01 , 3.490659e-01 , 3.490659e-01 , 3.490659e-01 , 3.490659e-01 , 3.490659e-01 , 3.490659e-01 , 3.490659e-01 , 3.490659e-01 , 3.490659e-01 , 3.490659e-01 , 3.490659e-01 , 3.490659e-01 , 3.490659e-01 ,]
