% ground truth for sim_inc100_az200.tif
% settings
number_of_spots = 50
pixel_size_nm = 51.200
image_size_nm = 14142.136
image_size_px = 275
wavelength = 500
par.objectiveNA = 2.17
objectiveFocalLength = 770
par.refractiveIndices = [1.310000e+00 , 2.170000e+00 , 2.170000e+00 ,]
par.nDiscretizationBFP = 129
par.backgroundNoise = 0.020
par.nPhotons = 500
positionX_nm_array = [-2.292292e+03 ,  3.120820e+03 ,  3.894225e+03 ,  2.844655e+03 ,  3.390626e+02 ,  9.558782e+02 , -1.398899e+03 ,  4.009564e+02 , -3.237598e+03 ,  1.758700e+03 ,  2.080343e+03 ,  2.518560e+03 ,  4.113320e+03 , -4.587027e+03 , -4.544559e+02 , -7.611196e+02 , -4.510660e+03 ,  5.421394e+02 , -2.942742e+03 , -2.305366e+03 ,  3.541666e+02 ,  1.284235e+03 , -2.256850e+03 ,  1.450088e+03 , -4.511366e+03 ,  3.383029e+03 , -3.266618e+03 , -1.268207e+03 , -1.210969e+03 , -3.725551e+02 ,  3.981962e+03 ,  2.540154e+03 , -3.870113e+02 , -3.075847e+03 ,  2.700074e+03 ,  2.074005e+03 , -2.555495e+03 ,  4.903936e+03 ,  4.145810e+03 , -3.772541e+03 ,  4.180353e+03 ,  2.385302e+03 ,  2.264879e+02 , -6.887658e+02 , -1.797981e+03 , -2.063586e+03 , -4.738080e+03 , -3.355472e+03 , -1.411193e+03 , -4.509564e+03 ,]
positionY_nm_array = [3.191171e+03 , -2.294345e+03 , -1.394318e+03 , -3.597987e+03 ,  3.740478e+03 , -2.362153e+03 , -2.552020e+03 , -1.066567e+03 ,  2.337671e+03 , -3.290776e+03 ,  3.067276e+03 , -4.777916e+02 , -2.956086e+03 , -4.688415e+02 , -2.934604e+03 ,  2.351624e+03 , -3.060955e+03 ,  2.521890e+03 , -3.447043e+03 ,  1.223340e+03 , -4.914912e+03 ,  1.481487e+03 , -4.290595e+03 ,  2.412297e+02 ,  3.743897e+03 ,  1.433890e+03 , -4.638729e+03 , -6.423114e+02 , -3.863901e+03 ,  5.648982e+01 ,  4.920924e+03 ,  4.140041e+03 ,  4.446197e+03 ,  4.674088e+03 ,  2.219867e+03 , -4.415245e+03 , -2.255399e+03 , -1.080863e+03 , -4.142965e+03 ,  1.236242e+03 ,  3.102189e+03 ,  1.097942e+03 , -3.674496e+03 , -4.842004e+03 ,  2.616529e+02 , -1.350443e+03 , -1.875011e+03 , -2.615078e+02 ,  4.847060e+03 ,  2.078784e+03 ,]
angleInclination_array = [1.745329e+00 , 1.745329e+00 , 1.745329e+00 , 1.745329e+00 , 1.745329e+00 , 1.745329e+00 , 1.745329e+00 , 1.745329e+00 , 1.745329e+00 , 1.745329e+00 , 1.745329e+00 , 1.745329e+00 , 1.745329e+00 , 1.745329e+00 , 1.745329e+00 , 1.745329e+00 , 1.745329e+00 , 1.745329e+00 , 1.745329e+00 , 1.745329e+00 , 1.745329e+00 , 1.745329e+00 , 1.745329e+00 , 1.745329e+00 , 1.745329e+00 , 1.745329e+00 , 1.745329e+00 , 1.745329e+00 , 1.745329e+00 , 1.745329e+00 , 1.745329e+00 , 1.745329e+00 , 1.745329e+00 , 1.745329e+00 , 1.745329e+00 , 1.745329e+00 , 1.745329e+00 , 1.745329e+00 , 1.745329e+00 , 1.745329e+00 , 1.745329e+00 , 1.745329e+00 , 1.745329e+00 , 1.745329e+00 , 1.745329e+00 , 1.745329e+00 , 1.745329e+00 , 1.745329e+00 , 1.745329e+00 , 1.745329e+00 ,]
angleAzimuth_array = [3.490659e+00 , 3.490659e+00 , 3.490659e+00 , 3.490659e+00 , 3.490659e+00 , 3.490659e+00 , 3.490659e+00 , 3.490659e+00 , 3.490659e+00 , 3.490659e+00 , 3.490659e+00 , 3.490659e+00 , 3.490659e+00 , 3.490659e+00 , 3.490659e+00 , 3.490659e+00 , 3.490659e+00 , 3.490659e+00 , 3.490659e+00 , 3.490659e+00 , 3.490659e+00 , 3.490659e+00 , 3.490659e+00 , 3.490659e+00 , 3.490659e+00 , 3.490659e+00 , 3.490659e+00 , 3.490659e+00 , 3.490659e+00 , 3.490659e+00 , 3.490659e+00 , 3.490659e+00 , 3.490659e+00 , 3.490659e+00 , 3.490659e+00 , 3.490659e+00 , 3.490659e+00 , 3.490659e+00 , 3.490659e+00 , 3.490659e+00 , 3.490659e+00 , 3.490659e+00 , 3.490659e+00 , 3.490659e+00 , 3.490659e+00 , 3.490659e+00 , 3.490659e+00 , 3.490659e+00 , 3.490659e+00 , 3.490659e+00 ,]
