% ground truth for sim_inc170_az300.tif
% settings
number_of_spots = 50
pixel_size_nm = 51.200
image_size_nm = 14142.136
image_size_px = 275
wavelength = 500
par.objectiveNA = 2.17
objectiveFocalLength = 770
par.refractiveIndices = [1.310000e+00 , 2.170000e+00 , 2.170000e+00 ,]
par.nDiscretizationBFP = 129
par.backgroundNoise = 0.020
par.nPhotons = 500
positionX_nm_array = [4.350397e+03 ,  2.594779e+03 ,  3.198471e+03 , -2.775516e+03 ,  2.765842e+03 , -1.596452e+03 , -4.096832e+03 ,  1.523876e+03 ,  1.904296e+03 ,  1.590398e+03 , -3.248955e+03 ,  3.015061e+03 , -4.914849e+03 ,  4.610059e+03 ,  1.556494e+03 , -2.560655e+02 , -2.408953e+03 ,  4.263659e+03 , -1.291882e+03 , -9.822964e+02 , -5.602529e+02 , -3.704334e+03 ,  6.494064e+01 , -3.171991e+03 , -2.232234e+03 , -4.021390e+03 , -4.379167e+03 ,  1.212985e+03 , -3.612263e+02 ,  6.440018e+02 ,  1.163045e+03 , -4.515295e+03 , -3.128488e+03 ,  4.263028e+03 ,  4.204654e+03 ,  2.966831e+03 , -4.365399e+03 , -1.556588e+03 ,  4.531849e+03 ,  2.916158e+02 ,  1.229230e+03 , -4.053971e+03 , -2.781925e+02 ,  4.925399e+03 , -1.717016e+03 ,  4.715264e+03 , -1.840226e+03 , -1.882399e+03 ,  3.701236e+03 , -3.411203e+03 ,]
positionY_nm_array = [2.107641e+03 ,  1.668421e+03 , -3.520538e+03 ,  3.090222e+02 , -4.689392e+02 , -2.039478e+03 , -9.068049e+02 ,  4.918392e+03 , -1.726771e+03 ,  3.441955e+03 ,  4.214364e+03 ,  2.823505e+03 , -3.319244e+03 , -2.043736e+03 , -4.546613e+03 ,  1.741178e+03 , -8.061734e+02 ,  5.354154e+02 , -1.305845e+02 ,  3.465918e+03 , -4.638442e+03 ,  1.262299e+03 , -1.186554e+03 , -3.613137e+03 ,  1.498732e+03 , -4.186751e+03 ,  3.990154e+03 ,  4.960520e+02 ,  4.443666e+03 , -3.692351e+02 , -2.565692e+03 ,  2.449357e+03 , -2.078834e+03 , -4.527575e+03 ,  4.211607e+03 ,  4.398574e+03 , -2.115901e+03 , -3.273816e+03 ,  3.169965e+03 ,  3.353610e+03 ,  1.541297e+03 ,  2.480920e+02 ,  1.611131e+02 , -3.080780e+03 , -4.481361e+03 , -1.023137e+03 ,  2.775289e+03 ,  3.923081e+03 , -2.603245e+03 ,  2.768392e+03 ,]
angleInclination_array = [2.967060e+00 , 2.967060e+00 , 2.967060e+00 , 2.967060e+00 , 2.967060e+00 , 2.967060e+00 , 2.967060e+00 , 2.967060e+00 , 2.967060e+00 , 2.967060e+00 , 2.967060e+00 , 2.967060e+00 , 2.967060e+00 , 2.967060e+00 , 2.967060e+00 , 2.967060e+00 , 2.967060e+00 , 2.967060e+00 , 2.967060e+00 , 2.967060e+00 , 2.967060e+00 , 2.967060e+00 , 2.967060e+00 , 2.967060e+00 , 2.967060e+00 , 2.967060e+00 , 2.967060e+00 , 2.967060e+00 , 2.967060e+00 , 2.967060e+00 , 2.967060e+00 , 2.967060e+00 , 2.967060e+00 , 2.967060e+00 , 2.967060e+00 , 2.967060e+00 , 2.967060e+00 , 2.967060e+00 , 2.967060e+00 , 2.967060e+00 , 2.967060e+00 , 2.967060e+00 , 2.967060e+00 , 2.967060e+00 , 2.967060e+00 , 2.967060e+00 , 2.967060e+00 , 2.967060e+00 , 2.967060e+00 , 2.967060e+00 ,]
angleAzimuth_array = [5.235988e+00 , 5.235988e+00 , 5.235988e+00 , 5.235988e+00 , 5.235988e+00 , 5.235988e+00 , 5.235988e+00 , 5.235988e+00 , 5.235988e+00 , 5.235988e+00 , 5.235988e+00 , 5.235988e+00 , 5.235988e+00 , 5.235988e+00 , 5.235988e+00 , 5.235988e+00 , 5.235988e+00 , 5.235988e+00 , 5.235988e+00 , 5.235988e+00 , 5.235988e+00 , 5.235988e+00 , 5.235988e+00 , 5.235988e+00 , 5.235988e+00 , 5.235988e+00 , 5.235988e+00 , 5.235988e+00 , 5.235988e+00 , 5.235988e+00 , 5.235988e+00 , 5.235988e+00 , 5.235988e+00 , 5.235988e+00 , 5.235988e+00 , 5.235988e+00 , 5.235988e+00 , 5.235988e+00 , 5.235988e+00 , 5.235988e+00 , 5.235988e+00 , 5.235988e+00 , 5.235988e+00 , 5.235988e+00 , 5.235988e+00 , 5.235988e+00 , 5.235988e+00 , 5.235988e+00 , 5.235988e+00 , 5.235988e+00 ,]
