% ground truth for sim_inc60_az240.tif
% settings
number_of_spots = 50
pixel_size_nm = 51.200
image_size_nm = 14142.136
image_size_px = 275
wavelength = 500
par.objectiveNA = 2.17
objectiveFocalLength = 770
par.refractiveIndices = [1.310000e+00 , 2.170000e+00 , 2.170000e+00 ,]
par.nDiscretizationBFP = 129
par.backgroundNoise = 0.020
par.nPhotons = 500
positionX_nm_array = [-4.278405e+03 ,  5.617435e+02 ,  1.386470e+03 ,  4.237320e+02 ,  3.003505e+03 ,  4.493442e+03 ,  4.675649e+03 , -2.297445e+03 , -1.353836e+03 , -4.841416e+03 , -4.090357e+03 , -3.405139e+03 ,  1.508491e+03 , -5.795028e+02 ,  4.134522e+02 , -2.742223e+02 , -3.932381e+03 , -2.401120e+02 , -1.769997e+03 ,  3.137008e+03 , -2.272859e+03 ,  3.079671e+03 ,  3.566666e+03 ,  4.559577e+03 ,  4.822422e+03 ,  1.364946e+03 , -8.961604e+02 , -1.063438e+02 ,  2.540441e+03 , -2.804651e+03 ,  3.315542e+03 ,  4.863066e+03 , -4.928126e+03 ,  9.169980e+02 ,  3.061019e+03 , -3.275322e+03 , -1.711018e+03 , -1.700754e+03 ,  1.542046e+03 ,  4.143436e+03 ,  1.527761e+03 ,  6.745644e+01 , -1.615870e+03 , -4.531470e+03 , -4.037586e+03 ,  4.326926e+03 ,  1.483913e+03 , -7.256502e+02 ,  1.591283e+03 , -3.906252e+03 ,]
positionY_nm_array = [-4.793642e+03 ,  4.559807e+03 ,  2.805244e+03 ,  3.292248e+03 ,  2.976629e+03 ,  3.194014e+03 ,  4.652049e+03 , -3.576471e+03 , -4.685677e+03 , -3.886433e+03 , -7.917639e+02 ,  9.948297e+02 , -4.173144e+03 ,  1.084471e+03 , -1.783560e+03 , -4.525985e+03 , -2.935038e+03 , -2.591102e+03 , -1.419466e+03 , -2.994132e+03 ,  4.530965e+03 ,  1.916356e+03 ,  3.957137e+03 ,  2.523038e+02 , -4.807582e+03 , -6.328529e+02 ,  3.631054e+03 , -2.129415e+02 , -1.545851e+03 , -2.259133e+03 ,  1.406029e+02 , -2.960528e+03 ,  4.765570e+03 , -3.322397e+03 , -4.073446e+03 ,  3.244471e+03 ,  2.725311e+03 ,  1.207413e+03 ,  1.772427e+03 , -1.563987e+03 , -2.132509e+03 ,  2.275573e+03 ,  8.509547e+01 ,  1.024596e+03 ,  1.962090e+03 ,  2.098098e+03 ,  4.015068e+03 , -3.616137e+03 ,  4.230956e+02 ,  4.487843e+03 ,]
angleInclination_array = [1.047198e+00 , 1.047198e+00 , 1.047198e+00 , 1.047198e+00 , 1.047198e+00 , 1.047198e+00 , 1.047198e+00 , 1.047198e+00 , 1.047198e+00 , 1.047198e+00 , 1.047198e+00 , 1.047198e+00 , 1.047198e+00 , 1.047198e+00 , 1.047198e+00 , 1.047198e+00 , 1.047198e+00 , 1.047198e+00 , 1.047198e+00 , 1.047198e+00 , 1.047198e+00 , 1.047198e+00 , 1.047198e+00 , 1.047198e+00 , 1.047198e+00 , 1.047198e+00 , 1.047198e+00 , 1.047198e+00 , 1.047198e+00 , 1.047198e+00 , 1.047198e+00 , 1.047198e+00 , 1.047198e+00 , 1.047198e+00 , 1.047198e+00 , 1.047198e+00 , 1.047198e+00 , 1.047198e+00 , 1.047198e+00 , 1.047198e+00 , 1.047198e+00 , 1.047198e+00 , 1.047198e+00 , 1.047198e+00 , 1.047198e+00 , 1.047198e+00 , 1.047198e+00 , 1.047198e+00 , 1.047198e+00 , 1.047198e+00 ,]
angleAzimuth_array = [4.188790e+00 , 4.188790e+00 , 4.188790e+00 , 4.188790e+00 , 4.188790e+00 , 4.188790e+00 , 4.188790e+00 , 4.188790e+00 , 4.188790e+00 , 4.188790e+00 , 4.188790e+00 , 4.188790e+00 , 4.188790e+00 , 4.188790e+00 , 4.188790e+00 , 4.188790e+00 , 4.188790e+00 , 4.188790e+00 , 4.188790e+00 , 4.188790e+00 , 4.188790e+00 , 4.188790e+00 , 4.188790e+00 , 4.188790e+00 , 4.188790e+00 , 4.188790e+00 , 4.188790e+00 , 4.188790e+00 , 4.188790e+00 , 4.188790e+00 , 4.188790e+00 , 4.188790e+00 , 4.188790e+00 , 4.188790e+00 , 4.188790e+00 , 4.188790e+00 , 4.188790e+00 , 4.188790e+00 , 4.188790e+00 , 4.188790e+00 , 4.188790e+00 , 4.188790e+00 , 4.188790e+00 , 4.188790e+00 , 4.188790e+00 , 4.188790e+00 , 4.188790e+00 , 4.188790e+00 , 4.188790e+00 , 4.188790e+00 ,]
