% ground truth for sim_inc180_az200.tif
% settings
number_of_spots = 50
pixel_size_nm = 51.200
image_size_nm = 14142.136
image_size_px = 275
wavelength = 500
par.objectiveNA = 2.17
objectiveFocalLength = 770
par.refractiveIndices = [1.310000e+00 , 2.170000e+00 , 2.170000e+00 ,]
par.nDiscretizationBFP = 129
par.backgroundNoise = 0.020
par.nPhotons = 500
positionX_nm_array = [-1.967741e+03 , -2.756659e+02 , -3.396651e+03 ,  4.513609e+03 , -2.043982e+03 ,  3.902647e+03 ,  3.026886e+03 ,  1.958286e+03 , -1.962354e+03 ,  3.233418e+03 , -7.540164e+02 ,  1.922271e+03 ,  1.128268e+03 , -3.923747e+03 , -8.007567e+01 ,  3.524971e+03 ,  2.291340e+02 , -1.028686e+03 ,  1.876220e+03 , -3.916665e+03 , -4.050276e+03 , -1.142717e+03 ,  2.184405e+03 ,  9.057637e+02 ,  1.753195e+02 ,  1.180776e+03 , -3.131349e+03 ,  1.463639e+02 , -4.587666e+03 ,  3.633653e+03 ,  3.990895e+03 ,  4.506250e+03 , -2.740543e+03 ,  3.064953e+03 , -2.213691e+03 , -4.651908e+03 ,  3.931767e+03 , -4.705979e+03 ,  4.566911e+03 ,  1.340053e+03 , -2.144162e+03 , -1.097357e+03 , -3.596943e+03 ,  1.503778e+03 , -9.710254e+02 , -4.764952e+03 , -4.653246e+03 , -3.640303e+03 ,  2.477547e+03 ,  1.026170e+03 ,]
positionY_nm_array = [3.019567e+03 , -2.753980e+03 ,  4.235730e+03 ,  7.036584e+02 , -2.551680e+03 , -2.140990e+03 ,  2.368820e+03 , -2.102384e+03 , -1.222573e+02 , -4.686106e+03 , -3.878297e+02 ,  3.175027e+03 , -2.969368e+03 , -2.984648e+03 ,  4.454682e+03 ,  4.265079e+03 ,  8.862215e+02 , -1.745878e+03 ,  1.589383e+03 ,  1.463953e+03 ,  2.880449e+02 ,  3.861656e+03 , -3.649632e+02 , -1.953652e+03 , -4.270140e+03 , -4.497552e+02 , -1.403018e+03 ,  2.993520e+03 ,  2.802785e+03 , -2.847512e+02 , -4.015098e+03 , -4.919417e+03 ,  2.030094e+03 ,  8.351364e+02 ,  4.427125e+03 , -3.810016e+03 ,  2.828879e+03 , -2.140785e+03 ,  1.790945e+03 , -4.053483e+03 , -4.423454e+03 , -4.057271e+03 , -4.697865e+03 ,  5.425002e+02 ,  1.938408e+03 , -5.614101e+02 ,  4.327697e+03 ,  3.215729e+03 ,  4.333933e+03 ,  3.897535e+03 ,]
angleInclination_array = [3.141593e+00 , 3.141593e+00 , 3.141593e+00 , 3.141593e+00 , 3.141593e+00 , 3.141593e+00 , 3.141593e+00 , 3.141593e+00 , 3.141593e+00 , 3.141593e+00 , 3.141593e+00 , 3.141593e+00 , 3.141593e+00 , 3.141593e+00 , 3.141593e+00 , 3.141593e+00 , 3.141593e+00 , 3.141593e+00 , 3.141593e+00 , 3.141593e+00 , 3.141593e+00 , 3.141593e+00 , 3.141593e+00 , 3.141593e+00 , 3.141593e+00 , 3.141593e+00 , 3.141593e+00 , 3.141593e+00 , 3.141593e+00 , 3.141593e+00 , 3.141593e+00 , 3.141593e+00 , 3.141593e+00 , 3.141593e+00 , 3.141593e+00 , 3.141593e+00 , 3.141593e+00 , 3.141593e+00 , 3.141593e+00 , 3.141593e+00 , 3.141593e+00 , 3.141593e+00 , 3.141593e+00 , 3.141593e+00 , 3.141593e+00 , 3.141593e+00 , 3.141593e+00 , 3.141593e+00 , 3.141593e+00 , 3.141593e+00 ,]
angleAzimuth_array = [3.490659e+00 , 3.490659e+00 , 3.490659e+00 , 3.490659e+00 , 3.490659e+00 , 3.490659e+00 , 3.490659e+00 , 3.490659e+00 , 3.490659e+00 , 3.490659e+00 , 3.490659e+00 , 3.490659e+00 , 3.490659e+00 , 3.490659e+00 , 3.490659e+00 , 3.490659e+00 , 3.490659e+00 , 3.490659e+00 , 3.490659e+00 , 3.490659e+00 , 3.490659e+00 , 3.490659e+00 , 3.490659e+00 , 3.490659e+00 , 3.490659e+00 , 3.490659e+00 , 3.490659e+00 , 3.490659e+00 , 3.490659e+00 , 3.490659e+00 , 3.490659e+00 , 3.490659e+00 , 3.490659e+00 , 3.490659e+00 , 3.490659e+00 , 3.490659e+00 , 3.490659e+00 , 3.490659e+00 , 3.490659e+00 , 3.490659e+00 , 3.490659e+00 , 3.490659e+00 , 3.490659e+00 , 3.490659e+00 , 3.490659e+00 , 3.490659e+00 , 3.490659e+00 , 3.490659e+00 , 3.490659e+00 , 3.490659e+00 ,]
