% ground truth for sim_inc40_az360.tif
% settings
number_of_spots = 50
pixel_size_nm = 51.200
image_size_nm = 14142.136
image_size_px = 275
wavelength = 500
par.objectiveNA = 2.17
objectiveFocalLength = 770
par.refractiveIndices = [1.310000e+00 , 2.170000e+00 , 2.170000e+00 ,]
par.nDiscretizationBFP = 129
par.backgroundNoise = 0.020
par.nPhotons = 500
positionX_nm_array = [2.087533e+03 ,  5.912693e+02 , -3.896648e+03 , -1.889291e+03 ,  2.582199e+03 ,  2.433222e+03 , -2.422518e+03 , -4.095864e+03 , -3.343490e+02 , -1.277939e+03 , -3.267249e+03 , -4.194291e+03 ,  1.700098e+03 ,  2.956977e+03 ,  3.349040e+03 , -4.846762e+03 ,  4.384806e+03 ,  5.201747e+02 , -1.956293e+02 , -1.710060e+03 ,  4.483056e+03 ,  2.584897e+02 , -2.431931e+03 ,  1.252436e+03 , -2.974826e+03 ,  3.190650e+03 , -3.533843e+03 , -2.258537e+03 , -3.305921e+03 ,  1.249606e+03 , -8.751301e+02 ,  4.440055e+03 , -4.873238e+03 ,  3.601344e+03 ,  3.495344e+03 , -4.929180e+03 ,  2.951416e+03 ,  4.856546e+03 ,  2.575803e+03 , -1.778652e+03 , -3.394846e+03 ,  1.052704e+03 ,  4.006147e+03 , -2.804656e+02 ,  1.774759e+02 , -4.867338e+03 ,  4.658162e+03 , -2.225747e+03 , -2.321766e+03 , -1.265815e+03 ,]
positionY_nm_array = [-4.094673e+03 , -3.613781e+03 , -1.905702e+03 , -1.739015e+03 ,  3.139628e+03 , -1.509702e+03 ,  3.544054e+02 ,  9.433597e+02 , -1.212444e+03 , -3.927089e+03 ,  2.685049e+03 , -7.776668e+02 ,  2.199833e+03 ,  7.645955e+02 , -4.505519e+03 ,  3.209997e+03 ,  3.967777e+03 , -4.801761e+03 , -2.585781e+03 ,  1.780413e+03 , -3.153818e+03 ,  1.827675e+03 , -3.556856e+03 ,  3.615353e+03 , -1.215640e+03 ,  4.573767e+03 , -3.859810e+03 , -4.886558e+03 ,  4.512698e+03 , -2.474312e+03 ,  4.093112e+03 , -1.132582e+03 , -3.122220e+03 ,  3.013785e+03 , -7.921202e+02 ,  1.411948e+02 , -2.376637e+03 , -4.665809e+03 , -2.754157e+02 , -5.909903e+02 , -7.796712e+01 ,  2.424106e+02 ,  1.139084e+03 ,  4.297331e+02 ,  3.919381e+03 ,  2.092870e+03 ,  1.948841e+03 ,  2.918531e+03 ,  4.836265e+03 ,  8.180436e+02 ,]
angleInclination_array = [6.981317e-01 , 6.981317e-01 , 6.981317e-01 , 6.981317e-01 , 6.981317e-01 , 6.981317e-01 , 6.981317e-01 , 6.981317e-01 , 6.981317e-01 , 6.981317e-01 , 6.981317e-01 , 6.981317e-01 , 6.981317e-01 , 6.981317e-01 , 6.981317e-01 , 6.981317e-01 , 6.981317e-01 , 6.981317e-01 , 6.981317e-01 , 6.981317e-01 , 6.981317e-01 , 6.981317e-01 , 6.981317e-01 , 6.981317e-01 , 6.981317e-01 , 6.981317e-01 , 6.981317e-01 , 6.981317e-01 , 6.981317e-01 , 6.981317e-01 , 6.981317e-01 , 6.981317e-01 , 6.981317e-01 , 6.981317e-01 , 6.981317e-01 , 6.981317e-01 , 6.981317e-01 , 6.981317e-01 , 6.981317e-01 , 6.981317e-01 , 6.981317e-01 , 6.981317e-01 , 6.981317e-01 , 6.981317e-01 , 6.981317e-01 , 6.981317e-01 , 6.981317e-01 , 6.981317e-01 , 6.981317e-01 , 6.981317e-01 ,]
angleAzimuth_array = [6.283185e+00 , 6.283185e+00 , 6.283185e+00 , 6.283185e+00 , 6.283185e+00 , 6.283185e+00 , 6.283185e+00 , 6.283185e+00 , 6.283185e+00 , 6.283185e+00 , 6.283185e+00 , 6.283185e+00 , 6.283185e+00 , 6.283185e+00 , 6.283185e+00 , 6.283185e+00 , 6.283185e+00 , 6.283185e+00 , 6.283185e+00 , 6.283185e+00 , 6.283185e+00 , 6.283185e+00 , 6.283185e+00 , 6.283185e+00 , 6.283185e+00 , 6.283185e+00 , 6.283185e+00 , 6.283185e+00 , 6.283185e+00 , 6.283185e+00 , 6.283185e+00 , 6.283185e+00 , 6.283185e+00 , 6.283185e+00 , 6.283185e+00 , 6.283185e+00 , 6.283185e+00 , 6.283185e+00 , 6.283185e+00 , 6.283185e+00 , 6.283185e+00 , 6.283185e+00 , 6.283185e+00 , 6.283185e+00 , 6.283185e+00 , 6.283185e+00 , 6.283185e+00 , 6.283185e+00 , 6.283185e+00 , 6.283185e+00 ,]
