% ground truth for sim_inc10_az20.tif
% settings
number_of_spots = 50
pixel_size_nm = 51.200
image_size_nm = 14142.136
image_size_px = 275
wavelength = 500
par.objectiveNA = 2.17
objectiveFocalLength = 770
par.refractiveIndices = [1.310000e+00 , 2.170000e+00 , 2.170000e+00 ,]
par.nDiscretizationBFP = 129
par.backgroundNoise = 0.020
par.nPhotons = 500
positionX_nm_array = [2.640965e+03 , -4.257673e+03 ,  1.891922e+03 ,  4.165717e+03 ,  1.288727e+03 , -7.030941e+02 , -2.474052e+03 ,  2.567596e+03 ,  2.409356e+03 ,  8.421113e+02 ,  9.897528e+02 , -2.111334e+03 ,  2.248310e+03 ,  1.502585e+02 , -1.394401e+03 , -4.046855e+03 , -3.851948e+03 , -1.294188e+03 ,  3.584178e+03 , -1.066185e+03 ,  2.631309e+03 , -3.206391e+03 , -9.654106e+02 ,  4.490769e+03 ,  3.577712e+03 , -1.435921e+03 ,  1.911940e+03 , -4.053356e+03 ,  4.551766e+03 ,  1.462929e+03 ,  8.715153e+01 , -3.748549e+03 , -2.260416e+03 ,  8.775914e+01 ,  3.658925e+03 ,  1.006446e+03 ,  4.576288e+02 ,  4.702877e+03 , -4.161193e+03 ,  3.908039e+03 ,  1.317583e+03 , -4.854070e+03 , -6.298855e+02 ,  3.050709e+03 , -1.820898e+03 , -4.845044e+03 ,  1.163612e+03 , -2.943474e+02 , -3.504843e+03 , -2.346262e+03 ,]
positionY_nm_array = [3.485957e+03 , -2.078543e+03 , -4.941962e+03 , -8.759061e+02 , -3.308593e+03 , -4.312352e+03 , -8.678283e+02 , -3.822579e+02 , -1.587135e+03 ,  1.649390e+02 ,  2.025366e+03 ,  3.062434e+03 , -3.751366e+03 , -1.547685e+03 ,  4.514297e+03 ,  1.428629e+02 ,  3.543961e+03 , -6.290133e+02 , -2.983806e+03 , -2.104568e+03 ,  1.414720e+03 , -3.728075e+03 ,  3.215124e+03 , -2.479079e+03 ,  2.141453e+03 ,  1.561371e+03 ,  2.422267e+03 , -9.880101e+02 ,  6.694619e+02 ,  4.398218e+03 ,  4.502745e+03 ,  4.824330e+03 , -4.165291e+03 ,  2.496520e+03 ,  3.631298e+03 ,  3.349386e+03 , -4.455949e+03 ,  4.217592e+03 , -3.401695e+03 , -4.683014e+03 , -8.609779e+02 ,  2.129842e+03 , -3.136141e+03 ,  4.847564e+03 , -3.197503e+03 ,  9.535797e+02 , -2.103039e+03 ,  1.468550e+03 ,  2.579299e+03 ,  2.213892e+02 ,]
angleInclination_array = [1.745329e-01 , 1.745329e-01 , 1.745329e-01 , 1.745329e-01 , 1.745329e-01 , 1.745329e-01 , 1.745329e-01 , 1.745329e-01 , 1.745329e-01 , 1.745329e-01 , 1.745329e-01 , 1.745329e-01 , 1.745329e-01 , 1.745329e-01 , 1.745329e-01 , 1.745329e-01 , 1.745329e-01 , 1.745329e-01 , 1.745329e-01 , 1.745329e-01 , 1.745329e-01 , 1.745329e-01 , 1.745329e-01 , 1.745329e-01 , 1.745329e-01 , 1.745329e-01 , 1.745329e-01 , 1.745329e-01 , 1.745329e-01 , 1.745329e-01 , 1.745329e-01 , 1.745329e-01 , 1.745329e-01 , 1.745329e-01 , 1.745329e-01 , 1.745329e-01 , 1.745329e-01 , 1.745329e-01 , 1.745329e-01 , 1.745329e-01 , 1.745329e-01 , 1.745329e-01 , 1.745329e-01 , 1.745329e-01 , 1.745329e-01 , 1.745329e-01 , 1.745329e-01 , 1.745329e-01 , 1.745329e-01 , 1.745329e-01 ,]
angleAzimuth_array = [3.490659e-01 , 3.490659e-01 , 3.490659e-01 , 3.490659e-01 , 3.490659e-01 , 3.490659e-01 , 3.490659e-01 , 3.490659e-01 , 3.490659e-01 , 3.490659e-01 , 3.490659e-01 , 3.490659e-01 , 3.490659e-01 , 3.490659e-01 , 3.490659e-01 , 3.490659e-01 , 3.490659e-01 , 3.490659e-01 , 3.490659e-01 , 3.490659e-01 , 3.490659e-01 , 3.490659e-01 , 3.490659e-01 , 3.490659e-01 , 3.490659e-01 , 3.490659e-01 , 3.490659e-01 , 3.490659e-01 , 3.490659e-01 , 3.490659e-01 , 3.490659e-01 , 3.490659e-01 , 3.490659e-01 , 3.490659e-01 , 3.490659e-01 , 3.490659e-01 , 3.490659e-01 , 3.490659e-01 , 3.490659e-01 , 3.490659e-01 , 3.490659e-01 , 3.490659e-01 , 3.490659e-01 , 3.490659e-01 , 3.490659e-01 , 3.490659e-01 , 3.490659e-01 , 3.490659e-01 , 3.490659e-01 , 3.490659e-01 ,]
