% ground truth for sim_inc140_az360.tif
% settings
number_of_spots = 50
pixel_size_nm = 51.200
image_size_nm = 14142.136
image_size_px = 275
wavelength = 500
par.objectiveNA = 2.17
objectiveFocalLength = 770
par.refractiveIndices = [1.310000e+00 , 2.170000e+00 , 2.170000e+00 ,]
par.nDiscretizationBFP = 129
par.backgroundNoise = 0.020
par.nPhotons = 500
positionX_nm_array = [-4.908201e+03 ,  4.823942e+03 , -1.478847e+03 ,  2.102001e+03 , -8.790465e+02 ,  4.937628e+02 ,  3.719519e+03 ,  7.794778e+02 ,  3.904297e+03 , -2.942568e+03 ,  3.178886e+03 ,  4.231122e+03 ,  1.463870e+03 , -3.384512e+03 , -1.624241e+03 ,  9.846677e+02 ,  2.105506e+03 , -4.032182e+03 ,  2.752414e+03 ,  1.598049e+03 , -1.170032e+03 , -4.877025e+03 , -4.542198e+03 , -4.031891e+03 , -2.743631e+03 ,  1.635005e+03 , -2.491576e+03 , -2.780093e+03 ,  1.987757e+03 , -2.313870e+03 , -4.772445e+03 , -7.393548e+02 ,  1.934293e+02 , -1.669300e+03 ,  4.886651e+03 ,  3.560923e+03 , -3.584528e+03 , -2.579679e+03 , -2.335873e+02 , -2.712952e+03 ,  4.733105e+03 ,  4.466727e+03 ,  4.847984e+03 , -6.615801e+02 ,  2.973504e+03 , -1.179844e+03 ,  7.473404e+02 ,  3.257972e+03 , -4.525105e+03 ,  2.579791e+03 ,]
positionY_nm_array = [-8.215045e+02 ,  3.036335e+03 , -3.306431e+03 ,  1.054998e+03 , -4.113520e+02 , -2.118059e+03 ,  7.565593e+02 ,  3.320275e+03 , -3.704888e+03 ,  1.865106e+03 , -2.452640e+03 ,  1.969630e+03 , -7.087623e+02 ,  3.398849e+03 ,  1.764530e+03 ,  1.915633e+02 , -4.849756e+03 ,  7.792433e+02 ,  2.724706e+03 , -3.119329e+03 ,  4.561828e+03 ,  1.352645e+03 ,  2.570176e+03 , -3.394254e+03 ,  7.782908e+02 ,  4.476924e+03 , -9.923677e+02 , -2.284323e+03 , -1.747749e+03 ,  3.017446e+03 ,  3.925246e+03 ,  2.450233e+03 ,  4.836704e+03 , -4.875504e+03 , -1.625943e+03 , -7.187200e+02 , -1.002495e+03 , -3.320707e+03 ,  1.300182e+03 ,  4.420407e+03 , -5.581735e+02 ,  4.509418e+03 , -4.184234e+03 , -3.926507e+03 ,  4.927802e+03 , -2.110425e+03 , -3.869981e+03 ,  3.953331e+03 , -4.462524e+03 , -3.625980e+03 ,]
angleInclination_array = [2.443461e+00 , 2.443461e+00 , 2.443461e+00 , 2.443461e+00 , 2.443461e+00 , 2.443461e+00 , 2.443461e+00 , 2.443461e+00 , 2.443461e+00 , 2.443461e+00 , 2.443461e+00 , 2.443461e+00 , 2.443461e+00 , 2.443461e+00 , 2.443461e+00 , 2.443461e+00 , 2.443461e+00 , 2.443461e+00 , 2.443461e+00 , 2.443461e+00 , 2.443461e+00 , 2.443461e+00 , 2.443461e+00 , 2.443461e+00 , 2.443461e+00 , 2.443461e+00 , 2.443461e+00 , 2.443461e+00 , 2.443461e+00 , 2.443461e+00 , 2.443461e+00 , 2.443461e+00 , 2.443461e+00 , 2.443461e+00 , 2.443461e+00 , 2.443461e+00 , 2.443461e+00 , 2.443461e+00 , 2.443461e+00 , 2.443461e+00 , 2.443461e+00 , 2.443461e+00 , 2.443461e+00 , 2.443461e+00 , 2.443461e+00 , 2.443461e+00 , 2.443461e+00 , 2.443461e+00 , 2.443461e+00 , 2.443461e+00 ,]
angleAzimuth_array = [6.283185e+00 , 6.283185e+00 , 6.283185e+00 , 6.283185e+00 , 6.283185e+00 , 6.283185e+00 , 6.283185e+00 , 6.283185e+00 , 6.283185e+00 , 6.283185e+00 , 6.283185e+00 , 6.283185e+00 , 6.283185e+00 , 6.283185e+00 , 6.283185e+00 , 6.283185e+00 , 6.283185e+00 , 6.283185e+00 , 6.283185e+00 , 6.283185e+00 , 6.283185e+00 , 6.283185e+00 , 6.283185e+00 , 6.283185e+00 , 6.283185e+00 , 6.283185e+00 , 6.283185e+00 , 6.283185e+00 , 6.283185e+00 , 6.283185e+00 , 6.283185e+00 , 6.283185e+00 , 6.283185e+00 , 6.283185e+00 , 6.283185e+00 , 6.283185e+00 , 6.283185e+00 , 6.283185e+00 , 6.283185e+00 , 6.283185e+00 , 6.283185e+00 , 6.283185e+00 , 6.283185e+00 , 6.283185e+00 , 6.283185e+00 , 6.283185e+00 , 6.283185e+00 , 6.283185e+00 , 6.283185e+00 , 6.283185e+00 ,]
