% ground truth for sim_inc50_az360.tif
% settings
number_of_spots = 50
pixel_size_nm = 51.200
image_size_nm = 14142.136
image_size_px = 275
wavelength = 500
par.objectiveNA = 2.17
objectiveFocalLength = 770
par.refractiveIndices = [1.310000e+00 , 2.170000e+00 , 2.170000e+00 ,]
par.nDiscretizationBFP = 129
par.backgroundNoise = 0.020
par.nPhotons = 500
positionX_nm_array = [-1.497457e+03 ,  3.769209e+03 , -1.502300e+03 ,  3.212586e+03 , -3.274856e+03 ,  4.289278e+03 ,  3.510449e+03 , -2.255918e+03 , -3.996162e+03 ,  1.730689e+03 , -1.129738e+03 , -1.405244e+03 , -3.542025e+02 , -1.045658e+03 ,  4.317171e+03 ,  3.956381e+03 ,  4.591989e+03 ,  2.162205e+03 , -1.774055e+03 ,  3.116053e+03 ,  2.730583e+03 , -2.990589e+03 , -2.611476e+03 ,  5.371697e+02 ,  4.626340e+03 , -3.539514e+03 ,  1.818874e+03 ,  1.431156e+02 ,  1.315667e+03 ,  1.225067e+03 , -3.346606e+03 , -4.509284e+03 , -4.008532e+03 ,  2.734139e+03 , -4.921799e+03 ,  3.965466e+03 , -2.390617e+03 , -3.707532e+03 ,  4.157309e+02 , -4.325814e+03 , -2.167448e+03 ,  3.298810e+03 ,  2.592084e+03 ,  9.741405e+02 ,  6.675582e+02 ,  2.556865e+03 ,  1.370608e+03 ,  8.173886e+02 ,  4.419958e+03 , -1.391614e+03 ,]
positionY_nm_array = [-4.250363e+03 ,  4.687880e+03 , -1.658803e+03 ,  3.848883e+02 ,  4.528649e+03 ,  2.960321e+02 , -3.921204e+03 ,  4.277653e+03 ,  1.535878e+03 , -1.294852e+03 ,  4.904024e+03 , -3.239300e+03 ,  1.684618e+03 ,  2.968037e+03 ,  1.551412e+03 , -2.348716e+03 , -4.111235e+03 ,  2.417715e+01 , -5.778131e+02 ,  3.153543e+03 , -2.849208e+03 , -4.175601e+03 ,  2.590222e+03 ,  4.372313e+03 ,  2.539383e+03 , -2.287864e+03 ,  4.811957e+03 , -3.932209e+03 ,  7.811273e+02 ,  3.279065e+03 , -6.816902e+02 ,  4.744411e+03 ,  3.514209e+03 , -1.619457e+03 , -2.884245e+03 , -9.927867e+02 ,  6.227499e+02 ,  2.906059e+02 , -8.651735e+02 , -4.183663e+03 , -2.495714e+03 ,  1.572440e+03 , -4.802402e+03 , -1.985134e+03 , -2.987402e+03 ,  2.300335e+03 , -4.476688e+03 ,  1.815607e+03 ,  3.729268e+03 ,  3.636250e+02 ,]
angleInclination_array = [8.726646e-01 , 8.726646e-01 , 8.726646e-01 , 8.726646e-01 , 8.726646e-01 , 8.726646e-01 , 8.726646e-01 , 8.726646e-01 , 8.726646e-01 , 8.726646e-01 , 8.726646e-01 , 8.726646e-01 , 8.726646e-01 , 8.726646e-01 , 8.726646e-01 , 8.726646e-01 , 8.726646e-01 , 8.726646e-01 , 8.726646e-01 , 8.726646e-01 , 8.726646e-01 , 8.726646e-01 , 8.726646e-01 , 8.726646e-01 , 8.726646e-01 , 8.726646e-01 , 8.726646e-01 , 8.726646e-01 , 8.726646e-01 , 8.726646e-01 , 8.726646e-01 , 8.726646e-01 , 8.726646e-01 , 8.726646e-01 , 8.726646e-01 , 8.726646e-01 , 8.726646e-01 , 8.726646e-01 , 8.726646e-01 , 8.726646e-01 , 8.726646e-01 , 8.726646e-01 , 8.726646e-01 , 8.726646e-01 , 8.726646e-01 , 8.726646e-01 , 8.726646e-01 , 8.726646e-01 , 8.726646e-01 , 8.726646e-01 ,]
angleAzimuth_array = [6.283185e+00 , 6.283185e+00 , 6.283185e+00 , 6.283185e+00 , 6.283185e+00 , 6.283185e+00 , 6.283185e+00 , 6.283185e+00 , 6.283185e+00 , 6.283185e+00 , 6.283185e+00 , 6.283185e+00 , 6.283185e+00 , 6.283185e+00 , 6.283185e+00 , 6.283185e+00 , 6.283185e+00 , 6.283185e+00 , 6.283185e+00 , 6.283185e+00 , 6.283185e+00 , 6.283185e+00 , 6.283185e+00 , 6.283185e+00 , 6.283185e+00 , 6.283185e+00 , 6.283185e+00 , 6.283185e+00 , 6.283185e+00 , 6.283185e+00 , 6.283185e+00 , 6.283185e+00 , 6.283185e+00 , 6.283185e+00 , 6.283185e+00 , 6.283185e+00 , 6.283185e+00 , 6.283185e+00 , 6.283185e+00 , 6.283185e+00 , 6.283185e+00 , 6.283185e+00 , 6.283185e+00 , 6.283185e+00 , 6.283185e+00 , 6.283185e+00 , 6.283185e+00 , 6.283185e+00 , 6.283185e+00 , 6.283185e+00 ,]
