% ground truth for sim_inc60_az100.tif
% settings
number_of_spots = 50
pixel_size_nm = 51.200
image_size_nm = 14142.136
image_size_px = 275
wavelength = 500
par.objectiveNA = 2.17
objectiveFocalLength = 770
par.refractiveIndices = [1.310000e+00 , 2.170000e+00 , 2.170000e+00 ,]
par.nDiscretizationBFP = 129
par.backgroundNoise = 0.020
par.nPhotons = 500
positionX_nm_array = [-5.583978e+02 , -3.896496e+03 ,  4.011068e+03 ,  2.088763e+03 , -3.725976e+03 , -4.420223e+03 ,  4.691969e+03 ,  7.612576e+02 ,  6.940546e+02 ,  7.124993e+02 , -2.091980e+03 ,  4.220666e+03 , -1.682335e+03 ,  1.505224e+03 , -3.653010e+03 , -3.471664e+03 , -4.641836e+03 , -4.484566e+03 , -1.200562e+03 ,  3.898336e+03 ,  5.202895e+02 , -6.668384e+02 , -4.270678e+03 , -9.865197e-01 , -7.538633e+02 ,  2.092051e+03 ,  2.465241e+03 , -2.493350e+03 ,  4.807148e+03 , -2.672703e+03 ,  1.971951e+03 , -3.521682e+02 , -2.826724e+03 ,  2.974321e+03 , -4.097427e+02 ,  2.922994e+03 , -2.214240e+03 , -4.878899e+03 ,  3.964484e+03 ,  3.005953e+03 , -2.816095e+03 , -2.848718e+03 , -6.307229e+02 , -2.261492e+03 ,  9.036440e+02 ,  3.303958e+03 , -4.929581e+03 ,  2.154569e+03 ,  4.820617e+03 , -1.679310e+03 ,]
positionY_nm_array = [9.171235e+02 , -2.509798e+03 , -1.833951e+03 ,  2.599827e+03 ,  2.262153e+03 ,  3.516203e+03 , -1.042299e+03 , -5.013097e+02 ,  2.763575e+03 , -4.254936e+03 ,  2.620853e+03 , -3.868640e+03 , -3.585223e+03 , -2.379043e+03 ,  4.539504e+03 ,  1.139121e+03 ,  4.767317e+03 , -4.673079e+03 , -2.013955e+03 ,  2.380412e+03 ,  4.733934e+03 ,  2.265290e+03 , -3.160238e+02 , -2.348351e+03 , -4.407268e+03 , -3.466561e+03 , -1.150563e+03 ,  1.728453e+02 ,  3.189416e+03 , -1.074514e+03 ,  4.236856e+03 ,  3.301145e+03 ,  3.470251e+03 ,  3.628824e+02 , -4.417423e+02 , -4.888076e+03 ,  1.557163e+03 , -3.646181e+03 ,  5.594133e+02 , -3.042457e+03 , -4.787835e+03 , -3.383665e+03 ,  4.770409e+03 ,  4.524237e+03 ,  7.808378e+02 ,  4.431979e+03 , -2.423862e+03 ,  1.164263e+03 , -2.743006e+03 , -4.828036e+03 ,]
angleInclination_array = [1.047198e+00 , 1.047198e+00 , 1.047198e+00 , 1.047198e+00 , 1.047198e+00 , 1.047198e+00 , 1.047198e+00 , 1.047198e+00 , 1.047198e+00 , 1.047198e+00 , 1.047198e+00 , 1.047198e+00 , 1.047198e+00 , 1.047198e+00 , 1.047198e+00 , 1.047198e+00 , 1.047198e+00 , 1.047198e+00 , 1.047198e+00 , 1.047198e+00 , 1.047198e+00 , 1.047198e+00 , 1.047198e+00 , 1.047198e+00 , 1.047198e+00 , 1.047198e+00 , 1.047198e+00 , 1.047198e+00 , 1.047198e+00 , 1.047198e+00 , 1.047198e+00 , 1.047198e+00 , 1.047198e+00 , 1.047198e+00 , 1.047198e+00 , 1.047198e+00 , 1.047198e+00 , 1.047198e+00 , 1.047198e+00 , 1.047198e+00 , 1.047198e+00 , 1.047198e+00 , 1.047198e+00 , 1.047198e+00 , 1.047198e+00 , 1.047198e+00 , 1.047198e+00 , 1.047198e+00 , 1.047198e+00 , 1.047198e+00 ,]
angleAzimuth_array = [1.745329e+00 , 1.745329e+00 , 1.745329e+00 , 1.745329e+00 , 1.745329e+00 , 1.745329e+00 , 1.745329e+00 , 1.745329e+00 , 1.745329e+00 , 1.745329e+00 , 1.745329e+00 , 1.745329e+00 , 1.745329e+00 , 1.745329e+00 , 1.745329e+00 , 1.745329e+00 , 1.745329e+00 , 1.745329e+00 , 1.745329e+00 , 1.745329e+00 , 1.745329e+00 , 1.745329e+00 , 1.745329e+00 , 1.745329e+00 , 1.745329e+00 , 1.745329e+00 , 1.745329e+00 , 1.745329e+00 , 1.745329e+00 , 1.745329e+00 , 1.745329e+00 , 1.745329e+00 , 1.745329e+00 , 1.745329e+00 , 1.745329e+00 , 1.745329e+00 , 1.745329e+00 , 1.745329e+00 , 1.745329e+00 , 1.745329e+00 , 1.745329e+00 , 1.745329e+00 , 1.745329e+00 , 1.745329e+00 , 1.745329e+00 , 1.745329e+00 , 1.745329e+00 , 1.745329e+00 , 1.745329e+00 , 1.745329e+00 ,]
