% ground truth for sim_inc20_az260.tif
% settings
number_of_spots = 50
pixel_size_nm = 51.200
image_size_nm = 14142.136
image_size_px = 275
wavelength = 500
par.objectiveNA = 2.17
objectiveFocalLength = 770
par.refractiveIndices = [1.310000e+00 , 2.170000e+00 , 2.170000e+00 ,]
par.nDiscretizationBFP = 129
par.backgroundNoise = 0.020
par.nPhotons = 500
positionX_nm_array = [-6.087388e+02 ,  4.323508e+03 ,  1.185849e+03 ,  1.724787e+03 , -2.190524e+03 , -1.420321e+03 ,  3.391381e+03 , -2.521165e+03 ,  4.341743e+03 , -3.687520e+03 , -3.111879e+03 , -3.330394e+03 ,  2.277570e+03 ,  9.609257e+02 , -8.723683e+02 , -4.602411e+03 , -3.949221e+03 , -1.625053e+03 ,  4.725821e+03 ,  1.379074e+03 ,  2.370033e+03 , -3.274149e+03 ,  1.065034e+02 ,  4.578981e+03 , -4.900864e+03 , -4.765142e+03 ,  2.410776e+03 ,  2.473178e+03 ,  1.443717e+03 , -2.106093e+03 ,  2.327329e+03 , -3.513619e+02 ,  2.675421e+03 , -3.195761e+03 , -9.449420e+01 , -3.509097e+03 , -1.077030e+03 ,  4.233992e+03 ,  3.096500e+03 , -4.065766e+03 , -1.387861e+03 , -2.513762e+03 , -2.607567e+01 ,  4.790153e+03 ,  6.813835e+02 , -1.876327e+03 , -1.389807e+03 , -4.296906e+03 ,  4.491440e+03 , -4.116615e+02 ,]
positionY_nm_array = [3.315567e+02 , -1.061735e+03 , -3.125115e+02 ,  2.024527e+03 , -8.857294e+02 , -4.345365e+03 ,  3.470552e+03 , -1.904400e+03 ,  6.667820e+02 , -3.069992e+03 ,  1.864198e+03 ,  3.094931e+03 , -4.324729e+03 , -4.829830e+03 ,  3.177775e+03 , -1.147757e+02 ,  4.281163e+03 ,  4.150961e+03 ,  4.657455e+03 ,  3.125004e+03 , -3.307388e+03 , -4.839595e+03 , -3.711719e+03 , -2.869571e+03 , -1.892432e+03 , -3.949189e+03 ,  8.640214e+02 ,  3.017777e+03 ,  4.635751e+03 ,  3.171147e+03 , -1.783552e+03 , -8.143902e+02 , -6.205272e+02 , -5.309405e+02 , -2.450759e+03 ,  4.387125e+02 ,  2.149475e+03 ,  1.833321e+03 ,  4.497754e+03 , -1.197756e+03 , -2.913839e+03 ,  2.667688e+02 ,  1.337364e+03 , -4.057282e+03 ,  3.954829e+03 ,  1.329561e+03 , -1.878883e+03 ,  1.473622e+03 ,  2.888691e+03 , -4.815954e+03 ,]
angleInclination_array = [3.490659e-01 , 3.490659e-01 , 3.490659e-01 , 3.490659e-01 , 3.490659e-01 , 3.490659e-01 , 3.490659e-01 , 3.490659e-01 , 3.490659e-01 , 3.490659e-01 , 3.490659e-01 , 3.490659e-01 , 3.490659e-01 , 3.490659e-01 , 3.490659e-01 , 3.490659e-01 , 3.490659e-01 , 3.490659e-01 , 3.490659e-01 , 3.490659e-01 , 3.490659e-01 , 3.490659e-01 , 3.490659e-01 , 3.490659e-01 , 3.490659e-01 , 3.490659e-01 , 3.490659e-01 , 3.490659e-01 , 3.490659e-01 , 3.490659e-01 , 3.490659e-01 , 3.490659e-01 , 3.490659e-01 , 3.490659e-01 , 3.490659e-01 , 3.490659e-01 , 3.490659e-01 , 3.490659e-01 , 3.490659e-01 , 3.490659e-01 , 3.490659e-01 , 3.490659e-01 , 3.490659e-01 , 3.490659e-01 , 3.490659e-01 , 3.490659e-01 , 3.490659e-01 , 3.490659e-01 , 3.490659e-01 , 3.490659e-01 ,]
angleAzimuth_array = [4.537856e+00 , 4.537856e+00 , 4.537856e+00 , 4.537856e+00 , 4.537856e+00 , 4.537856e+00 , 4.537856e+00 , 4.537856e+00 , 4.537856e+00 , 4.537856e+00 , 4.537856e+00 , 4.537856e+00 , 4.537856e+00 , 4.537856e+00 , 4.537856e+00 , 4.537856e+00 , 4.537856e+00 , 4.537856e+00 , 4.537856e+00 , 4.537856e+00 , 4.537856e+00 , 4.537856e+00 , 4.537856e+00 , 4.537856e+00 , 4.537856e+00 , 4.537856e+00 , 4.537856e+00 , 4.537856e+00 , 4.537856e+00 , 4.537856e+00 , 4.537856e+00 , 4.537856e+00 , 4.537856e+00 , 4.537856e+00 , 4.537856e+00 , 4.537856e+00 , 4.537856e+00 , 4.537856e+00 , 4.537856e+00 , 4.537856e+00 , 4.537856e+00 , 4.537856e+00 , 4.537856e+00 , 4.537856e+00 , 4.537856e+00 , 4.537856e+00 , 4.537856e+00 , 4.537856e+00 , 4.537856e+00 , 4.537856e+00 ,]
