% ground truth for sim_inc80_az220.tif
% settings
number_of_spots = 50
pixel_size_nm = 51.200
image_size_nm = 14142.136
image_size_px = 275
wavelength = 500
par.objectiveNA = 2.17
objectiveFocalLength = 770
par.refractiveIndices = [1.310000e+00 , 2.170000e+00 , 2.170000e+00 ,]
par.nDiscretizationBFP = 129
par.backgroundNoise = 0.020
par.nPhotons = 500
positionX_nm_array = [-3.858090e+03 , -3.104905e+03 ,  4.423714e+03 ,  1.011070e+03 ,  2.840717e+03 , -1.304196e+03 , -2.415212e+03 , -5.928460e+02 ,  1.142759e+02 , -3.454714e+03 ,  1.693248e+03 , -3.043881e+03 , -1.904495e+03 ,  4.174374e+03 , -4.354299e+03 , -1.025657e+03 ,  2.539770e+03 ,  2.552862e+02 , -1.757125e+03 ,  4.299900e+02 ,  1.913139e+03 , -3.644280e+03 ,  4.493350e+03 ,  1.290465e+03 , -2.471266e+03 , -4.135256e+03 ,  3.119050e+03 ,  3.943035e+03 ,  3.674582e+03 , -4.841160e+03 ,  3.357932e+03 ,  2.163740e+02 ,  3.314020e+03 , -1.572210e+03 ,  3.262979e+03 ,  2.437923e+03 , -2.684607e+02 , -2.175457e+03 ,  1.950628e+03 , -2.305920e+03 , -4.810966e+03 ,  1.135915e+03 ,  4.209416e+03 , -8.702129e+02 ,  4.025652e+03 ,  1.667914e+03 , -2.669804e+03 , -4.259427e+03 ,  4.667892e+03 , -1.384433e+03 ,]
positionY_nm_array = [3.852677e+03 , -2.324513e+03 , -3.666836e+03 ,  1.392395e+03 ,  2.172034e+03 , -2.619862e+03 , -4.534902e+03 ,  3.492376e+03 , -3.272083e+03 ,  1.420362e+03 , -1.494587e+03 ,  2.828382e+03 , -3.657582e+03 ,  4.048050e+03 , -3.685789e+02 ,  1.588823e+03 ,  3.600747e+03 ,  4.464314e+03 ,  6.691242e+02 ,  8.820410e+01 , -3.983364e+03 , -1.305778e+03 , -6.022627e+02 ,  3.961319e+03 ,  4.341898e+03 , -4.543106e+03 , -4.793496e+03 ,  2.527418e+03 , -2.184650e+03 , -2.498455e+03 ,  4.648581e+03 , -1.691531e+03 ,  2.758195e+02 ,  3.289789e+03 , -3.130472e+03 , -2.262514e+03 , -4.545225e+03 , -1.559794e+03 ,  7.773657e+02 ,  1.647335e+03 ,  7.632960e+02 , -4.800983e+03 , -4.754222e+03 , -4.691533e+02 ,  1.346209e+03 ,  2.641244e+03 , -3.509481e+02 ,  2.739053e+03 , -2.412717e+03 , -4.713082e+03 ,]
angleInclination_array = [1.396263e+00 , 1.396263e+00 , 1.396263e+00 , 1.396263e+00 , 1.396263e+00 , 1.396263e+00 , 1.396263e+00 , 1.396263e+00 , 1.396263e+00 , 1.396263e+00 , 1.396263e+00 , 1.396263e+00 , 1.396263e+00 , 1.396263e+00 , 1.396263e+00 , 1.396263e+00 , 1.396263e+00 , 1.396263e+00 , 1.396263e+00 , 1.396263e+00 , 1.396263e+00 , 1.396263e+00 , 1.396263e+00 , 1.396263e+00 , 1.396263e+00 , 1.396263e+00 , 1.396263e+00 , 1.396263e+00 , 1.396263e+00 , 1.396263e+00 , 1.396263e+00 , 1.396263e+00 , 1.396263e+00 , 1.396263e+00 , 1.396263e+00 , 1.396263e+00 , 1.396263e+00 , 1.396263e+00 , 1.396263e+00 , 1.396263e+00 , 1.396263e+00 , 1.396263e+00 , 1.396263e+00 , 1.396263e+00 , 1.396263e+00 , 1.396263e+00 , 1.396263e+00 , 1.396263e+00 , 1.396263e+00 , 1.396263e+00 ,]
angleAzimuth_array = [3.839724e+00 , 3.839724e+00 , 3.839724e+00 , 3.839724e+00 , 3.839724e+00 , 3.839724e+00 , 3.839724e+00 , 3.839724e+00 , 3.839724e+00 , 3.839724e+00 , 3.839724e+00 , 3.839724e+00 , 3.839724e+00 , 3.839724e+00 , 3.839724e+00 , 3.839724e+00 , 3.839724e+00 , 3.839724e+00 , 3.839724e+00 , 3.839724e+00 , 3.839724e+00 , 3.839724e+00 , 3.839724e+00 , 3.839724e+00 , 3.839724e+00 , 3.839724e+00 , 3.839724e+00 , 3.839724e+00 , 3.839724e+00 , 3.839724e+00 , 3.839724e+00 , 3.839724e+00 , 3.839724e+00 , 3.839724e+00 , 3.839724e+00 , 3.839724e+00 , 3.839724e+00 , 3.839724e+00 , 3.839724e+00 , 3.839724e+00 , 3.839724e+00 , 3.839724e+00 , 3.839724e+00 , 3.839724e+00 , 3.839724e+00 , 3.839724e+00 , 3.839724e+00 , 3.839724e+00 , 3.839724e+00 , 3.839724e+00 ,]
