% ground truth for sim_inc130_az20.tif
% settings
number_of_spots = 50
pixel_size_nm = 51.200
image_size_nm = 14142.136
image_size_px = 275
wavelength = 500
par.objectiveNA = 2.17
objectiveFocalLength = 770
par.refractiveIndices = [1.310000e+00 , 2.170000e+00 , 2.170000e+00 ,]
par.nDiscretizationBFP = 129
par.backgroundNoise = 0.020
par.nPhotons = 500
positionX_nm_array = [9.667451e+02 ,  1.873601e+03 ,  3.697428e+02 ,  4.162199e+03 ,  1.626128e+03 ,  3.526907e+03 ,  3.033916e+03 , -4.900044e+03 , -3.171550e+03 ,  1.759973e+03 ,  1.051892e+02 , -4.097633e+03 ,  1.974125e+03 ,  3.349012e+03 ,  3.269978e+02 , -2.397628e+03 , -2.145718e+03 , -3.674423e+03 ,  4.470782e+03 ,  3.513128e+03 ,  1.518510e+03 , -2.424565e+03 , -4.011065e+03 , -1.442622e+03 , -5.367481e+02 , -9.647716e+02 , -1.727070e+03 ,  2.969229e+03 ,  2.510601e+03 ,  5.035507e+02 , -4.203789e+03 , -1.192450e+03 , -3.922746e+03 , -8.977974e+02 , -3.260570e+03 , -2.803813e+03 ,  4.136089e+03 , -7.171955e+02 ,  1.148775e+03 , -4.440539e+03 ,  1.742153e+03 , -1.615172e+02 , -1.472843e+03 ,  4.531963e+03 , -3.485992e+03 ,  4.938111e+03 , -4.569764e+03 ,  2.533507e+03 ,  2.409788e+02 , -1.883440e+03 ,]
positionY_nm_array = [2.256592e+03 , -1.239119e+03 , -2.465421e+03 ,  1.093323e+03 , -2.988511e+03 ,  4.909048e+03 ,  4.990404e+02 ,  4.573722e+03 ,  1.465275e+03 ,  6.147116e+02 ,  3.452484e+02 ,  2.331326e+03 ,  2.429053e+03 , -4.327037e+03 ,  3.570101e+03 , -4.541973e+03 , -5.906525e+02 ,  3.324174e+02 , -3.165636e+03 , -2.220781e+03 , -4.465782e+03 , -3.169765e+03 , -7.350130e+02 ,  1.721867e+03 ,  4.763392e+03 , -4.635748e+03 ,  4.493804e+03 ,  3.204896e+03 , -2.395671e+03 , -7.878781e+02 , -4.101020e+03 , -2.009834e+03 ,  3.849265e+03 , -2.129628e+02 , -1.949693e+03 ,  4.012068e+03 , -6.959928e+02 , -3.007553e+03 ,  4.826266e+03 , -2.312530e+03 ,  3.452248e+03 ,  2.058897e+03 ,  3.337552e+03 , -1.797941e+03 , -3.381636e+03 ,  3.539134e+03 ,  1.377807e+03 ,  4.527064e+03 , -4.461155e+03 ,  4.721319e+02 ,]
angleInclination_array = [2.268928e+00 , 2.268928e+00 , 2.268928e+00 , 2.268928e+00 , 2.268928e+00 , 2.268928e+00 , 2.268928e+00 , 2.268928e+00 , 2.268928e+00 , 2.268928e+00 , 2.268928e+00 , 2.268928e+00 , 2.268928e+00 , 2.268928e+00 , 2.268928e+00 , 2.268928e+00 , 2.268928e+00 , 2.268928e+00 , 2.268928e+00 , 2.268928e+00 , 2.268928e+00 , 2.268928e+00 , 2.268928e+00 , 2.268928e+00 , 2.268928e+00 , 2.268928e+00 , 2.268928e+00 , 2.268928e+00 , 2.268928e+00 , 2.268928e+00 , 2.268928e+00 , 2.268928e+00 , 2.268928e+00 , 2.268928e+00 , 2.268928e+00 , 2.268928e+00 , 2.268928e+00 , 2.268928e+00 , 2.268928e+00 , 2.268928e+00 , 2.268928e+00 , 2.268928e+00 , 2.268928e+00 , 2.268928e+00 , 2.268928e+00 , 2.268928e+00 , 2.268928e+00 , 2.268928e+00 , 2.268928e+00 , 2.268928e+00 ,]
angleAzimuth_array = [3.490659e-01 , 3.490659e-01 , 3.490659e-01 , 3.490659e-01 , 3.490659e-01 , 3.490659e-01 , 3.490659e-01 , 3.490659e-01 , 3.490659e-01 , 3.490659e-01 , 3.490659e-01 , 3.490659e-01 , 3.490659e-01 , 3.490659e-01 , 3.490659e-01 , 3.490659e-01 , 3.490659e-01 , 3.490659e-01 , 3.490659e-01 , 3.490659e-01 , 3.490659e-01 , 3.490659e-01 , 3.490659e-01 , 3.490659e-01 , 3.490659e-01 , 3.490659e-01 , 3.490659e-01 , 3.490659e-01 , 3.490659e-01 , 3.490659e-01 , 3.490659e-01 , 3.490659e-01 , 3.490659e-01 , 3.490659e-01 , 3.490659e-01 , 3.490659e-01 , 3.490659e-01 , 3.490659e-01 , 3.490659e-01 , 3.490659e-01 , 3.490659e-01 , 3.490659e-01 , 3.490659e-01 , 3.490659e-01 , 3.490659e-01 , 3.490659e-01 , 3.490659e-01 , 3.490659e-01 , 3.490659e-01 , 3.490659e-01 ,]
