% ground truth for sim_inc20_az280.tif
% settings
number_of_spots = 50
pixel_size_nm = 51.200
image_size_nm = 14142.136
image_size_px = 275
wavelength = 500
par.objectiveNA = 2.17
objectiveFocalLength = 770
par.refractiveIndices = [1.310000e+00 , 2.170000e+00 , 2.170000e+00 ,]
par.nDiscretizationBFP = 129
par.backgroundNoise = 0.020
par.nPhotons = 500
positionX_nm_array = [-1.397701e+03 ,  1.109850e+03 , -2.658919e+03 ,  7.280862e+02 ,  4.050888e+03 ,  1.394612e+03 ,  1.827958e+03 ,  4.909321e+02 , -4.448858e+03 , -1.975847e+03 , -4.116060e+03 ,  3.115990e+03 , -4.029064e+02 , -2.000170e+03 , -4.151378e+02 , -1.698928e+03 , -1.422027e+03 ,  4.517049e+03 , -2.703214e+03 ,  1.540176e+03 , -4.054505e+03 ,  3.769976e+03 ,  1.850662e+03 ,  4.850289e+03 ,  2.279953e+03 , -3.010381e+03 ,  3.612329e+03 , -2.100583e+02 ,  1.832899e+03 ,  3.467507e+03 , -4.370850e+03 , -2.489376e+03 , -3.524713e+03 , -1.683342e+02 ,  2.321222e+03 , -2.475469e+03 ,  3.466562e+03 ,  4.658341e+03 ,  3.403284e+03 , -3.953023e+03 ,  2.303241e+03 , -3.703764e+02 , -3.208231e+03 , -4.556869e+03 ,  8.541238e+02 , -1.662482e+02 , -2.754310e+02 ,  4.866510e+03 , -1.388689e+03 , -3.001577e+03 ,]
positionY_nm_array = [-8.858777e+02 ,  2.354008e+03 ,  1.720476e+03 ,  6.584004e+02 ,  8.806467e+02 ,  4.079497e+03 ,  1.602262e+03 , -4.265257e+03 , -4.306856e+03 , -3.671682e+03 , -2.144596e+03 ,  3.650042e+03 ,  1.540449e+03 ,  4.234143e+03 , -1.940820e+03 ,  1.048430e+03 ,  2.637411e+03 ,  1.883338e+03 , -2.126486e+03 , -4.867016e+02 , -1.100023e+03 , -9.871784e+02 , -1.815441e+03 , -1.359892e+03 ,  2.587006e+03 ,  2.607637e+02 , -3.451250e+03 ,  3.044997e+03 , -4.350117e+03 ,  2.245995e+03 ,  4.136501e+03 , -8.838417e+02 , -4.944888e+03 , -3.422500e+03 ,  4.488422e+02 , -4.573353e+03 , -4.881621e+03 ,  4.083921e+03 , -2.182189e+03 ,  2.688070e+03 , -3.111820e+03 ,  2.527069e+02 ,  4.801487e+03 ,  1.255054e+03 , -2.284269e+03 ,  4.487997e+03 , -9.210587e+02 , -4.164495e+03 , -2.632025e+03 , -3.583711e+03 ,]
angleInclination_array = [3.490659e-01 , 3.490659e-01 , 3.490659e-01 , 3.490659e-01 , 3.490659e-01 , 3.490659e-01 , 3.490659e-01 , 3.490659e-01 , 3.490659e-01 , 3.490659e-01 , 3.490659e-01 , 3.490659e-01 , 3.490659e-01 , 3.490659e-01 , 3.490659e-01 , 3.490659e-01 , 3.490659e-01 , 3.490659e-01 , 3.490659e-01 , 3.490659e-01 , 3.490659e-01 , 3.490659e-01 , 3.490659e-01 , 3.490659e-01 , 3.490659e-01 , 3.490659e-01 , 3.490659e-01 , 3.490659e-01 , 3.490659e-01 , 3.490659e-01 , 3.490659e-01 , 3.490659e-01 , 3.490659e-01 , 3.490659e-01 , 3.490659e-01 , 3.490659e-01 , 3.490659e-01 , 3.490659e-01 , 3.490659e-01 , 3.490659e-01 , 3.490659e-01 , 3.490659e-01 , 3.490659e-01 , 3.490659e-01 , 3.490659e-01 , 3.490659e-01 , 3.490659e-01 , 3.490659e-01 , 3.490659e-01 , 3.490659e-01 ,]
angleAzimuth_array = [4.886922e+00 , 4.886922e+00 , 4.886922e+00 , 4.886922e+00 , 4.886922e+00 , 4.886922e+00 , 4.886922e+00 , 4.886922e+00 , 4.886922e+00 , 4.886922e+00 , 4.886922e+00 , 4.886922e+00 , 4.886922e+00 , 4.886922e+00 , 4.886922e+00 , 4.886922e+00 , 4.886922e+00 , 4.886922e+00 , 4.886922e+00 , 4.886922e+00 , 4.886922e+00 , 4.886922e+00 , 4.886922e+00 , 4.886922e+00 , 4.886922e+00 , 4.886922e+00 , 4.886922e+00 , 4.886922e+00 , 4.886922e+00 , 4.886922e+00 , 4.886922e+00 , 4.886922e+00 , 4.886922e+00 , 4.886922e+00 , 4.886922e+00 , 4.886922e+00 , 4.886922e+00 , 4.886922e+00 , 4.886922e+00 , 4.886922e+00 , 4.886922e+00 , 4.886922e+00 , 4.886922e+00 , 4.886922e+00 , 4.886922e+00 , 4.886922e+00 , 4.886922e+00 , 4.886922e+00 , 4.886922e+00 , 4.886922e+00 ,]
