% ground truth for sim_inc150_az280.tif
% settings
number_of_spots = 50
pixel_size_nm = 51.200
image_size_nm = 14142.136
image_size_px = 275
wavelength = 500
par.objectiveNA = 2.17
objectiveFocalLength = 770
par.refractiveIndices = [1.310000e+00 , 2.170000e+00 , 2.170000e+00 ,]
par.nDiscretizationBFP = 129
par.backgroundNoise = 0.020
par.nPhotons = 500
positionX_nm_array = [-1.711062e+03 ,  2.134325e+03 , -4.117332e+03 ,  5.208367e+02 , -7.572744e+02 , -2.735333e+03 , -8.163145e+02 ,  3.396989e+03 ,  3.399793e+03 ,  1.334763e+03 ,  1.434535e+03 ,  2.808593e+03 ,  3.431987e+02 ,  1.457212e+03 ,  2.769458e+03 ,  4.663108e+03 , -6.815877e+02 , -1.800704e+03 , -3.849207e+03 , -4.893229e+03 , -3.489620e+03 , -4.614902e+03 , -7.171708e+02 , -7.754752e+01 ,  3.172808e+03 , -2.847069e+03 ,  4.555148e+03 ,  3.945269e+03 ,  3.158493e+03 ,  5.475097e+02 , -2.077312e+03 , -3.061407e+03 , -1.637373e+03 , -4.901600e+03 , -1.140353e+03 , -2.703376e+03 , -3.807586e+03 ,  1.427492e+03 , -2.221392e+03 , -4.887981e+03 ,  4.636649e+03 , -9.694626e+01 ,  3.059535e+03 ,  4.691348e+03 , -2.420958e+03 ,  2.133475e+03 , -4.893754e+03 ,  4.534669e+03 , -1.541997e+03 ,  2.688263e+03 ,]
positionY_nm_array = [-2.567271e+03 ,  3.543244e+03 , -1.046073e+03 , -4.775883e+03 , -3.018676e+03 ,  2.023822e+03 , -4.939270e+03 , -1.585365e+03 ,  3.498645e+03 ,  2.604632e+03 , -2.931633e+03 , -3.658898e+03 ,  4.180688e+03 ,  4.872888e+03 ,  2.144639e+03 , -1.558662e+03 , -9.427548e+02 ,  2.509287e+03 , -4.202827e+03 ,  1.301501e+03 ,  3.325378e+03 , -1.599900e+02 ,  3.585646e+03 ,  2.476413e+03 ,  1.126656e+03 , -2.781910e+03 ,  1.816283e+03 , -6.791035e+02 , -4.604203e+03 , -2.219610e+03 , -4.448697e+03 , -1.576467e+03 ,  1.424531e+03 ,  4.162986e+03 ,  2.396837e+02 ,  4.423724e+03 ,  7.872632e+02 ,  5.224576e+02 , -3.349800e+02 , -2.283506e+03 , -3.303970e+03 ,  6.093475e+02 ,  4.795074e+03 ,  1.968194e+02 ,  6.710888e+02 , -1.604479e+03 , -3.303300e+03 ,  3.366056e+03 ,  4.760285e+03 , -2.540373e+03 ,]
angleInclination_array = [2.617994e+00 , 2.617994e+00 , 2.617994e+00 , 2.617994e+00 , 2.617994e+00 , 2.617994e+00 , 2.617994e+00 , 2.617994e+00 , 2.617994e+00 , 2.617994e+00 , 2.617994e+00 , 2.617994e+00 , 2.617994e+00 , 2.617994e+00 , 2.617994e+00 , 2.617994e+00 , 2.617994e+00 , 2.617994e+00 , 2.617994e+00 , 2.617994e+00 , 2.617994e+00 , 2.617994e+00 , 2.617994e+00 , 2.617994e+00 , 2.617994e+00 , 2.617994e+00 , 2.617994e+00 , 2.617994e+00 , 2.617994e+00 , 2.617994e+00 , 2.617994e+00 , 2.617994e+00 , 2.617994e+00 , 2.617994e+00 , 2.617994e+00 , 2.617994e+00 , 2.617994e+00 , 2.617994e+00 , 2.617994e+00 , 2.617994e+00 , 2.617994e+00 , 2.617994e+00 , 2.617994e+00 , 2.617994e+00 , 2.617994e+00 , 2.617994e+00 , 2.617994e+00 , 2.617994e+00 , 2.617994e+00 , 2.617994e+00 ,]
angleAzimuth_array = [4.886922e+00 , 4.886922e+00 , 4.886922e+00 , 4.886922e+00 , 4.886922e+00 , 4.886922e+00 , 4.886922e+00 , 4.886922e+00 , 4.886922e+00 , 4.886922e+00 , 4.886922e+00 , 4.886922e+00 , 4.886922e+00 , 4.886922e+00 , 4.886922e+00 , 4.886922e+00 , 4.886922e+00 , 4.886922e+00 , 4.886922e+00 , 4.886922e+00 , 4.886922e+00 , 4.886922e+00 , 4.886922e+00 , 4.886922e+00 , 4.886922e+00 , 4.886922e+00 , 4.886922e+00 , 4.886922e+00 , 4.886922e+00 , 4.886922e+00 , 4.886922e+00 , 4.886922e+00 , 4.886922e+00 , 4.886922e+00 , 4.886922e+00 , 4.886922e+00 , 4.886922e+00 , 4.886922e+00 , 4.886922e+00 , 4.886922e+00 , 4.886922e+00 , 4.886922e+00 , 4.886922e+00 , 4.886922e+00 , 4.886922e+00 , 4.886922e+00 , 4.886922e+00 , 4.886922e+00 , 4.886922e+00 , 4.886922e+00 ,]
