% ground truth for sim_inc160_az280.tif
% settings
number_of_spots = 50
pixel_size_nm = 51.200
image_size_nm = 14142.136
image_size_px = 275
wavelength = 500
par.objectiveNA = 2.17
objectiveFocalLength = 770
par.refractiveIndices = [1.310000e+00 , 2.170000e+00 , 2.170000e+00 ,]
par.nDiscretizationBFP = 129
par.backgroundNoise = 0.020
par.nPhotons = 500
positionX_nm_array = [-4.363779e+03 , -4.038883e+03 ,  1.475488e+03 ,  2.512581e+02 , -3.690766e+03 , -1.696756e+03 , -4.925687e+03 , -3.914062e+03 ,  4.312028e+03 ,  3.656316e+03 , -1.144858e+03 ,  1.339329e+03 ,  3.523319e+03 , -4.499423e+03 ,  1.962122e+03 , -2.102756e+03 , -2.303435e+02 , -8.139706e+01 , -2.066802e+03 , -2.594179e+03 ,  4.506051e+03 ,  2.661779e+03 , -2.331381e+03 ,  4.057217e+03 ,  1.476961e+03 , -9.910595e+02 ,  1.286730e+03 ,  3.158703e+01 , -3.740920e+03 , -7.423222e+02 , -7.098744e+02 , -2.311142e+03 , -3.497428e+03 ,  4.079636e+03 , -4.533540e+03 ,  2.130765e+03 ,  9.480668e+02 ,  9.951411e+02 ,  4.704696e+03 , -1.264463e+03 ,  5.316308e+02 ,  2.584423e+03 ,  2.452677e+03 , -2.469606e+03 ,  1.836772e+03 , -3.356900e+03 ,  2.978154e+03 ,  2.995801e+03 , -2.977738e+03 , -3.566157e+03 ,]
positionY_nm_array = [-1.691102e+03 , -2.942036e+03 , -1.623595e+03 , -3.820615e+03 ,  3.249410e+03 ,  1.191635e+03 , -3.971877e+02 , -4.345186e+03 ,  3.255989e+02 , -3.039612e+03 , -8.599982e+02 ,  3.944548e+03 , -4.340624e+03 ,  2.290253e+03 ,  7.028283e+01 ,  3.162559e+03 ,  2.473519e+03 , -2.444585e+03 , -2.399852e+03 ,  2.271568e+03 , -1.420707e+03 ,  2.801698e+03 , -8.690047e+02 ,  3.376944e+03 , -4.764833e+03 ,  4.299631e+03 , -3.148517e+03 ,  3.958363e+03 ,  4.811615e+02 ,  5.801071e+02 , -4.811013e+03 ,  4.227780e+03 ,  4.520095e+03 ,  4.629117e+03 ,  4.067355e+03 ,  4.629911e+03 ,  2.463276e+03 ,  4.088494e+02 ,  1.659146e+03 ,  2.324968e+03 , -8.827494e+02 , -2.058853e+03 , -3.844019e+03 , -4.940811e+03 ,  1.755684e+03 , -9.711318e+02 , -9.980870e+02 ,  1.792179e+03 , -1.974286e+03 ,  1.873717e+03 ,]
angleInclination_array = [2.792527e+00 , 2.792527e+00 , 2.792527e+00 , 2.792527e+00 , 2.792527e+00 , 2.792527e+00 , 2.792527e+00 , 2.792527e+00 , 2.792527e+00 , 2.792527e+00 , 2.792527e+00 , 2.792527e+00 , 2.792527e+00 , 2.792527e+00 , 2.792527e+00 , 2.792527e+00 , 2.792527e+00 , 2.792527e+00 , 2.792527e+00 , 2.792527e+00 , 2.792527e+00 , 2.792527e+00 , 2.792527e+00 , 2.792527e+00 , 2.792527e+00 , 2.792527e+00 , 2.792527e+00 , 2.792527e+00 , 2.792527e+00 , 2.792527e+00 , 2.792527e+00 , 2.792527e+00 , 2.792527e+00 , 2.792527e+00 , 2.792527e+00 , 2.792527e+00 , 2.792527e+00 , 2.792527e+00 , 2.792527e+00 , 2.792527e+00 , 2.792527e+00 , 2.792527e+00 , 2.792527e+00 , 2.792527e+00 , 2.792527e+00 , 2.792527e+00 , 2.792527e+00 , 2.792527e+00 , 2.792527e+00 , 2.792527e+00 ,]
angleAzimuth_array = [4.886922e+00 , 4.886922e+00 , 4.886922e+00 , 4.886922e+00 , 4.886922e+00 , 4.886922e+00 , 4.886922e+00 , 4.886922e+00 , 4.886922e+00 , 4.886922e+00 , 4.886922e+00 , 4.886922e+00 , 4.886922e+00 , 4.886922e+00 , 4.886922e+00 , 4.886922e+00 , 4.886922e+00 , 4.886922e+00 , 4.886922e+00 , 4.886922e+00 , 4.886922e+00 , 4.886922e+00 , 4.886922e+00 , 4.886922e+00 , 4.886922e+00 , 4.886922e+00 , 4.886922e+00 , 4.886922e+00 , 4.886922e+00 , 4.886922e+00 , 4.886922e+00 , 4.886922e+00 , 4.886922e+00 , 4.886922e+00 , 4.886922e+00 , 4.886922e+00 , 4.886922e+00 , 4.886922e+00 , 4.886922e+00 , 4.886922e+00 , 4.886922e+00 , 4.886922e+00 , 4.886922e+00 , 4.886922e+00 , 4.886922e+00 , 4.886922e+00 , 4.886922e+00 , 4.886922e+00 , 4.886922e+00 , 4.886922e+00 ,]
