% ground truth for sim_inc80_az120.tif
% settings
number_of_spots = 50
pixel_size_nm = 51.200
image_size_nm = 14142.136
image_size_px = 275
wavelength = 500
par.objectiveNA = 2.17
objectiveFocalLength = 770
par.refractiveIndices = [1.310000e+00 , 2.170000e+00 , 2.170000e+00 ,]
par.nDiscretizationBFP = 129
par.backgroundNoise = 0.020
par.nPhotons = 500
positionX_nm_array = [-1.868208e+01 ,  2.484035e+03 ,  3.803278e+02 , -3.608541e+02 , -5.968107e+02 , -4.432193e+03 ,  3.296146e+03 ,  1.171804e+03 , -2.044670e+03 ,  2.689215e+03 , -3.886567e+03 , -4.585025e+03 , -3.229649e+03 , -3.630432e+03 ,  2.150181e+03 , -2.072345e+03 , -7.084201e+02 , -1.742112e+03 ,  6.127727e+02 ,  3.757513e+03 ,  9.453521e+02 ,  3.306001e+03 ,  2.140825e+03 ,  3.599896e+03 ,  3.284271e+03 ,  1.079956e+03 ,  4.944148e+03 , -4.925420e+03 ,  4.509328e+03 , -3.680707e+03 , -4.491931e+03 ,  2.396174e+03 ,  4.639549e+03 , -2.174673e+03 ,  4.797971e+03 , -5.584426e+02 , -3.175726e+03 , -1.948849e+03 , -3.141001e+03 ,  2.258889e+03 ,  2.344075e+03 , -2.120698e+03 , -4.819197e+03 , -8.298139e+02 ,  5.663817e+02 ,  4.080379e+03 , -2.967047e+03 , -1.550061e+03 ,  1.226758e+03 ,  1.153608e+03 ,]
positionY_nm_array = [-2.370679e+03 ,  2.654211e+03 , -3.710065e+03 ,  3.700456e+03 ,  1.161675e+03 ,  4.455226e+03 , -4.789697e+03 , -3.097842e+03 , -3.696947e+02 ,  1.221586e+03 , -3.471660e+03 ,  2.412319e+03 ,  4.913083e+03 ,  1.274162e+03 ,  3.870668e+03 , -4.378380e+03 ,  2.631378e+03 , -2.456778e+03 , -1.226876e+02 ,  8.227875e+02 ,  4.487363e+03 , -3.249258e+03 , -5.038836e+02 , -2.257155e+03 ,  4.662736e+03 ,  1.423788e+03 , -4.664697e+03 ,  3.488687e+03 ,  2.130022e+03 , -4.869730e+03 , -1.004048e+03 , -4.012836e+03 , -3.364655e+03 ,  1.760873e+03 ,  1.121478e+03 , -4.202233e+03 , -1.105666e+03 ,  3.295389e+03 ,  2.923045e+03 , -1.689345e+03 , -2.713448e+03 ,  6.321681e+02 , -3.901219e+03 , -1.287317e+03 ,  2.606265e+03 ,  3.068887e+03 , -2.200147e+03 , -3.441866e+03 , -4.609030e+03 , -1.176171e+03 ,]
angleInclination_array = [1.396263e+00 , 1.396263e+00 , 1.396263e+00 , 1.396263e+00 , 1.396263e+00 , 1.396263e+00 , 1.396263e+00 , 1.396263e+00 , 1.396263e+00 , 1.396263e+00 , 1.396263e+00 , 1.396263e+00 , 1.396263e+00 , 1.396263e+00 , 1.396263e+00 , 1.396263e+00 , 1.396263e+00 , 1.396263e+00 , 1.396263e+00 , 1.396263e+00 , 1.396263e+00 , 1.396263e+00 , 1.396263e+00 , 1.396263e+00 , 1.396263e+00 , 1.396263e+00 , 1.396263e+00 , 1.396263e+00 , 1.396263e+00 , 1.396263e+00 , 1.396263e+00 , 1.396263e+00 , 1.396263e+00 , 1.396263e+00 , 1.396263e+00 , 1.396263e+00 , 1.396263e+00 , 1.396263e+00 , 1.396263e+00 , 1.396263e+00 , 1.396263e+00 , 1.396263e+00 , 1.396263e+00 , 1.396263e+00 , 1.396263e+00 , 1.396263e+00 , 1.396263e+00 , 1.396263e+00 , 1.396263e+00 , 1.396263e+00 ,]
angleAzimuth_array = [2.094395e+00 , 2.094395e+00 , 2.094395e+00 , 2.094395e+00 , 2.094395e+00 , 2.094395e+00 , 2.094395e+00 , 2.094395e+00 , 2.094395e+00 , 2.094395e+00 , 2.094395e+00 , 2.094395e+00 , 2.094395e+00 , 2.094395e+00 , 2.094395e+00 , 2.094395e+00 , 2.094395e+00 , 2.094395e+00 , 2.094395e+00 , 2.094395e+00 , 2.094395e+00 , 2.094395e+00 , 2.094395e+00 , 2.094395e+00 , 2.094395e+00 , 2.094395e+00 , 2.094395e+00 , 2.094395e+00 , 2.094395e+00 , 2.094395e+00 , 2.094395e+00 , 2.094395e+00 , 2.094395e+00 , 2.094395e+00 , 2.094395e+00 , 2.094395e+00 , 2.094395e+00 , 2.094395e+00 , 2.094395e+00 , 2.094395e+00 , 2.094395e+00 , 2.094395e+00 , 2.094395e+00 , 2.094395e+00 , 2.094395e+00 , 2.094395e+00 , 2.094395e+00 , 2.094395e+00 , 2.094395e+00 , 2.094395e+00 ,]
