% ground truth for sim_inc160_az220.tif
% settings
number_of_spots = 50
pixel_size_nm = 51.200
image_size_nm = 14142.136
image_size_px = 275
wavelength = 500
par.objectiveNA = 2.17
objectiveFocalLength = 770
par.refractiveIndices = [1.310000e+00 , 2.170000e+00 , 2.170000e+00 ,]
par.nDiscretizationBFP = 129
par.backgroundNoise = 0.020
par.nPhotons = 500
positionX_nm_array = [-6.736528e+02 , -3.754285e+02 , -2.227346e+03 , -2.352145e+02 , -1.947999e+03 ,  3.817273e+03 ,  4.562862e+03 , -3.378682e+03 ,  1.649189e+03 , -5.778598e+01 , -2.658088e+03 , -4.408299e+03 ,  3.066045e+03 , -3.274867e+03 ,  2.350536e+03 ,  1.023207e+03 ,  9.162654e+02 ,  2.390901e+03 , -2.117456e+03 , -9.189111e+02 ,  2.341053e+03 , -3.157222e+03 , -1.371937e+03 ,  1.155001e+03 , -3.268366e+03 ,  3.705613e+03 , -3.788665e+03 ,  4.067520e+03 , -2.434059e+03 , -4.687115e+03 ,  9.516471e+02 ,  3.967167e+03 ,  4.756345e+03 , -4.878336e+03 ,  3.863256e+03 ,  3.469295e+03 , -8.154104e+02 ,  2.002319e+03 ,  2.276410e+03 ,  4.714073e+03 , -2.033467e+03 , -4.319542e+03 , -6.734422e+02 ,  2.653981e+03 , -4.692972e+03 , -8.739035e+02 , -3.708299e+03 ,  4.018487e+03 ,  1.641087e+03 , -4.136035e+03 ,]
positionY_nm_array = [-4.732703e+03 ,  2.552564e+03 , -6.863604e+02 , -1.512688e+03 , -4.362780e+03 , -3.817771e+03 ,  3.337348e+03 , -2.059233e+03 ,  4.218678e+03 ,  3.856012e+03 ,  4.842251e+03 ,  4.022311e+02 , -2.089633e+03 , -8.010417e+02 ,  1.719152e+03 ,  2.398582e+03 , -2.528832e+02 ,  3.405685e+03 ,  3.094361e+03 ,  4.896861e+03 , -4.568656e+03 ,  1.991910e+03 , -2.422292e+03 , -3.643702e+03 ,  6.953929e+02 ,  4.784549e+03 , -3.501498e+03 , -1.496150e+03 , -3.447596e+03 ,  2.390873e+03 ,  8.262842e+02 ,  7.476295e+01 ,  1.500846e+03 , -9.817743e+02 ,  2.321554e+03 ,  1.316959e+03 , -1.790902e+02 , -3.980439e+02 , -3.282843e+03 , -4.779350e+03 ,  1.692218e+03 , -2.486768e+03 , -3.203183e+03 ,  4.697753e+03 ,  3.813839e+03 ,  1.469839e+03 , -4.685327e+03 , -2.639433e+03 , -2.330321e+03 ,  1.400634e+03 ,]
angleInclination_array = [2.792527e+00 , 2.792527e+00 , 2.792527e+00 , 2.792527e+00 , 2.792527e+00 , 2.792527e+00 , 2.792527e+00 , 2.792527e+00 , 2.792527e+00 , 2.792527e+00 , 2.792527e+00 , 2.792527e+00 , 2.792527e+00 , 2.792527e+00 , 2.792527e+00 , 2.792527e+00 , 2.792527e+00 , 2.792527e+00 , 2.792527e+00 , 2.792527e+00 , 2.792527e+00 , 2.792527e+00 , 2.792527e+00 , 2.792527e+00 , 2.792527e+00 , 2.792527e+00 , 2.792527e+00 , 2.792527e+00 , 2.792527e+00 , 2.792527e+00 , 2.792527e+00 , 2.792527e+00 , 2.792527e+00 , 2.792527e+00 , 2.792527e+00 , 2.792527e+00 , 2.792527e+00 , 2.792527e+00 , 2.792527e+00 , 2.792527e+00 , 2.792527e+00 , 2.792527e+00 , 2.792527e+00 , 2.792527e+00 , 2.792527e+00 , 2.792527e+00 , 2.792527e+00 , 2.792527e+00 , 2.792527e+00 , 2.792527e+00 ,]
angleAzimuth_array = [3.839724e+00 , 3.839724e+00 , 3.839724e+00 , 3.839724e+00 , 3.839724e+00 , 3.839724e+00 , 3.839724e+00 , 3.839724e+00 , 3.839724e+00 , 3.839724e+00 , 3.839724e+00 , 3.839724e+00 , 3.839724e+00 , 3.839724e+00 , 3.839724e+00 , 3.839724e+00 , 3.839724e+00 , 3.839724e+00 , 3.839724e+00 , 3.839724e+00 , 3.839724e+00 , 3.839724e+00 , 3.839724e+00 , 3.839724e+00 , 3.839724e+00 , 3.839724e+00 , 3.839724e+00 , 3.839724e+00 , 3.839724e+00 , 3.839724e+00 , 3.839724e+00 , 3.839724e+00 , 3.839724e+00 , 3.839724e+00 , 3.839724e+00 , 3.839724e+00 , 3.839724e+00 , 3.839724e+00 , 3.839724e+00 , 3.839724e+00 , 3.839724e+00 , 3.839724e+00 , 3.839724e+00 , 3.839724e+00 , 3.839724e+00 , 3.839724e+00 , 3.839724e+00 , 3.839724e+00 , 3.839724e+00 , 3.839724e+00 ,]
