% ground truth for sim_inc130_az100.tif
% settings
number_of_spots = 50
pixel_size_nm = 51.200
image_size_nm = 14142.136
image_size_px = 275
wavelength = 500
par.objectiveNA = 2.17
objectiveFocalLength = 770
par.refractiveIndices = [1.310000e+00 , 2.170000e+00 , 2.170000e+00 ,]
par.nDiscretizationBFP = 129
par.backgroundNoise = 0.020
par.nPhotons = 500
positionX_nm_array = [-1.319528e+03 , -9.538918e+02 ,  1.548814e+03 ,  1.254661e+03 ,  3.772016e+03 ,  2.761824e+03 , -4.405626e+03 , -3.909930e+03 ,  1.955153e+03 , -1.660875e+03 ,  4.733288e+03 , -3.646033e+02 , -1.659582e+03 , -1.479089e+03 ,  4.555120e+03 ,  4.355668e+03 ,  2.296236e+03 ,  4.832707e+03 , -3.122472e+03 ,  5.481856e+02 ,  4.355320e+03 ,  4.594769e+02 ,  1.483232e+03 , -6.052262e+02 ,  3.070605e+03 , -1.492638e+03 , -3.507922e+03 , -2.363225e+03 , -4.830045e+03 , -2.233754e+03 ,  4.850411e+03 ,  8.566234e+02 , -2.920137e+03 ,  1.034303e+03 , -4.772875e+03 , -2.451151e+03 , -4.540414e+03 ,  3.396468e+03 ,  2.602057e+03 ,  3.768722e+03 , -3.224638e+03 , -4.766083e+03 ,  1.564438e+03 , -2.621286e+03 , -9.355548e+02 ,  1.972669e+02 , -3.851405e+03 , -3.392560e+03 ,  4.220347e+02 ,  4.856862e+03 ,]
positionY_nm_array = [-4.880278e+03 ,  4.338829e+03 , -4.699447e+03 ,  1.255527e+02 , -9.133820e+02 , -3.225244e+03 , -3.237475e+03 ,  9.248429e+02 , -8.909640e+02 , -1.883127e+03 ,  5.290799e+01 , -3.075133e+03 , -3.639378e+03 ,  4.056984e+02 , -1.597700e+03 ,  4.256982e+03 ,  4.631730e+02 ,  2.481252e+03 , -4.879025e+03 ,  3.717688e+03 , -4.533414e+03 ,  1.116213e+03 ,  4.439096e+03 ,  1.068938e+03 ,  2.983168e+03 , -8.779711e+02 , -1.147726e+03 ,  3.322287e+03 ,  1.238050e+02 ,  2.317371e+03 , -3.062104e+03 , -1.899844e+03 , -2.241376e+03 ,  2.753662e+03 ,  1.557199e+03 ,  4.363270e+03 , -1.137998e+03 , -4.225885e+03 ,  4.454350e+03 ,  5.282279e+02 ,  1.610881e+02 ,  4.599521e+03 , -3.507784e+03 ,  1.293202e+03 ,  2.890572e+03 ,  7.152707e+01 ,  3.626368e+03 , -3.302931e+03 , -3.822968e+03 ,  1.402092e+03 ,]
angleInclination_array = [2.268928e+00 , 2.268928e+00 , 2.268928e+00 , 2.268928e+00 , 2.268928e+00 , 2.268928e+00 , 2.268928e+00 , 2.268928e+00 , 2.268928e+00 , 2.268928e+00 , 2.268928e+00 , 2.268928e+00 , 2.268928e+00 , 2.268928e+00 , 2.268928e+00 , 2.268928e+00 , 2.268928e+00 , 2.268928e+00 , 2.268928e+00 , 2.268928e+00 , 2.268928e+00 , 2.268928e+00 , 2.268928e+00 , 2.268928e+00 , 2.268928e+00 , 2.268928e+00 , 2.268928e+00 , 2.268928e+00 , 2.268928e+00 , 2.268928e+00 , 2.268928e+00 , 2.268928e+00 , 2.268928e+00 , 2.268928e+00 , 2.268928e+00 , 2.268928e+00 , 2.268928e+00 , 2.268928e+00 , 2.268928e+00 , 2.268928e+00 , 2.268928e+00 , 2.268928e+00 , 2.268928e+00 , 2.268928e+00 , 2.268928e+00 , 2.268928e+00 , 2.268928e+00 , 2.268928e+00 , 2.268928e+00 , 2.268928e+00 ,]
angleAzimuth_array = [1.745329e+00 , 1.745329e+00 , 1.745329e+00 , 1.745329e+00 , 1.745329e+00 , 1.745329e+00 , 1.745329e+00 , 1.745329e+00 , 1.745329e+00 , 1.745329e+00 , 1.745329e+00 , 1.745329e+00 , 1.745329e+00 , 1.745329e+00 , 1.745329e+00 , 1.745329e+00 , 1.745329e+00 , 1.745329e+00 , 1.745329e+00 , 1.745329e+00 , 1.745329e+00 , 1.745329e+00 , 1.745329e+00 , 1.745329e+00 , 1.745329e+00 , 1.745329e+00 , 1.745329e+00 , 1.745329e+00 , 1.745329e+00 , 1.745329e+00 , 1.745329e+00 , 1.745329e+00 , 1.745329e+00 , 1.745329e+00 , 1.745329e+00 , 1.745329e+00 , 1.745329e+00 , 1.745329e+00 , 1.745329e+00 , 1.745329e+00 , 1.745329e+00 , 1.745329e+00 , 1.745329e+00 , 1.745329e+00 , 1.745329e+00 , 1.745329e+00 , 1.745329e+00 , 1.745329e+00 , 1.745329e+00 , 1.745329e+00 ,]
