% ground truth for sim_inc40_az40.tif
% settings
number_of_spots = 50
pixel_size_nm = 51.200
image_size_nm = 14142.136
image_size_px = 275
wavelength = 500
par.objectiveNA = 2.17
objectiveFocalLength = 770
par.refractiveIndices = [1.310000e+00 , 2.170000e+00 , 2.170000e+00 ,]
par.nDiscretizationBFP = 129
par.backgroundNoise = 0.020
par.nPhotons = 500
positionX_nm_array = [-4.124936e+03 ,  6.619266e+02 ,  2.429288e+03 ,  3.998277e+03 ,  4.020449e+03 , -2.788719e+03 ,  2.713044e+03 ,  3.563322e+03 ,  6.368716e+02 , -2.474076e+03 , -4.659504e+03 ,  2.458022e+03 , -4.700005e+03 , -1.249319e+03 ,  4.744778e+03 , -4.948811e+03 ,  1.842378e+03 , -2.426621e+03 , -2.301683e+03 ,  3.889286e+03 ,  1.790677e+03 ,  2.310110e+03 ,  4.444364e+03 , -8.710151e+02 , -3.306857e+03 , -4.619322e+03 , -9.956390e+02 ,  1.682398e+03 , -4.900949e+02 ,  4.751238e+03 , -3.607958e+03 , -5.665104e+02 ,  3.433585e+03 , -3.288988e+03 , -2.180383e+03 ,  1.717078e+03 ,  4.623966e+03 ,  1.150961e+03 ,  1.101058e+03 ,  2.896119e+03 , -2.662378e+03 , -9.402873e+02 ,  2.182782e+03 , -1.617259e+03 , -4.751104e+03 ,  2.293456e+03 ,  1.776209e+02 ,  4.468794e+03 , -3.640430e+03 , -4.309120e+03 ,]
positionY_nm_array = [-1.667014e+02 ,  1.287925e+03 ,  3.024319e+03 ,  4.453098e+03 , -8.367109e+02 ,  2.692104e+03 , -6.647230e+02 ,  1.192519e+03 , -5.011772e+02 ,  5.298549e+02 ,  1.318139e+03 , -4.247596e+03 , -2.564446e+03 , -9.005672e+02 , -2.052343e+03 , -1.394035e+03 , -3.449208e+03 ,  1.581879e+03 ,  4.048171e+03 , -4.244848e+03 ,  3.924851e+03 ,  4.936613e+03 ,  4.592726e+02 ,  3.615651e+03 ,  4.236410e+03 ,  4.889463e+03 , -3.203457e+03 ,  1.576336e+03 , -3.435632e+01 , -3.380110e+03 , -4.862087e+03 ,  1.322842e+03 ,  2.493639e+03 , -1.255987e+03 , -4.439426e+03 , -1.012925e+03 ,  3.522265e+03 , -4.271970e+03 , -2.497072e+03 , -2.906445e+03 , -2.205065e+03 , -4.758162e+03 , -2.093193e+03 ,  2.477243e+03 , -4.535702e+03 ,  3.696711e+02 ,  4.678899e+03 ,  1.951099e+03 , -2.615700e+03 ,  3.419085e+03 ,]
angleInclination_array = [6.981317e-01 , 6.981317e-01 , 6.981317e-01 , 6.981317e-01 , 6.981317e-01 , 6.981317e-01 , 6.981317e-01 , 6.981317e-01 , 6.981317e-01 , 6.981317e-01 , 6.981317e-01 , 6.981317e-01 , 6.981317e-01 , 6.981317e-01 , 6.981317e-01 , 6.981317e-01 , 6.981317e-01 , 6.981317e-01 , 6.981317e-01 , 6.981317e-01 , 6.981317e-01 , 6.981317e-01 , 6.981317e-01 , 6.981317e-01 , 6.981317e-01 , 6.981317e-01 , 6.981317e-01 , 6.981317e-01 , 6.981317e-01 , 6.981317e-01 , 6.981317e-01 , 6.981317e-01 , 6.981317e-01 , 6.981317e-01 , 6.981317e-01 , 6.981317e-01 , 6.981317e-01 , 6.981317e-01 , 6.981317e-01 , 6.981317e-01 , 6.981317e-01 , 6.981317e-01 , 6.981317e-01 , 6.981317e-01 , 6.981317e-01 , 6.981317e-01 , 6.981317e-01 , 6.981317e-01 , 6.981317e-01 , 6.981317e-01 ,]
angleAzimuth_array = [6.981317e-01 , 6.981317e-01 , 6.981317e-01 , 6.981317e-01 , 6.981317e-01 , 6.981317e-01 , 6.981317e-01 , 6.981317e-01 , 6.981317e-01 , 6.981317e-01 , 6.981317e-01 , 6.981317e-01 , 6.981317e-01 , 6.981317e-01 , 6.981317e-01 , 6.981317e-01 , 6.981317e-01 , 6.981317e-01 , 6.981317e-01 , 6.981317e-01 , 6.981317e-01 , 6.981317e-01 , 6.981317e-01 , 6.981317e-01 , 6.981317e-01 , 6.981317e-01 , 6.981317e-01 , 6.981317e-01 , 6.981317e-01 , 6.981317e-01 , 6.981317e-01 , 6.981317e-01 , 6.981317e-01 , 6.981317e-01 , 6.981317e-01 , 6.981317e-01 , 6.981317e-01 , 6.981317e-01 , 6.981317e-01 , 6.981317e-01 , 6.981317e-01 , 6.981317e-01 , 6.981317e-01 , 6.981317e-01 , 6.981317e-01 , 6.981317e-01 , 6.981317e-01 , 6.981317e-01 , 6.981317e-01 , 6.981317e-01 ,]
