% ground truth for sim_inc90_az80.tif
% settings
number_of_spots = 50
pixel_size_nm = 51.200
image_size_nm = 14142.136
image_size_px = 275
wavelength = 500
par.objectiveNA = 2.17
objectiveFocalLength = 770
par.refractiveIndices = [1.310000e+00 , 2.170000e+00 , 2.170000e+00 ,]
par.nDiscretizationBFP = 129
par.backgroundNoise = 0.020
par.nPhotons = 500
positionX_nm_array = [-1.086861e+03 ,  1.801112e+03 ,  1.209920e+03 ,  1.451828e+03 , -2.339953e+01 ,  2.363603e+03 ,  3.795833e+03 ,  3.295915e+03 ,  3.041960e+03 , -3.679872e+03 , -1.778517e+03 ,  2.791425e+03 ,  3.551437e+03 , -3.997815e+03 , -3.489681e+03 , -1.077975e+03 , -2.984269e+03 , -4.563480e+03 , -3.359819e+03 ,  2.879701e+02 ,  4.643105e+03 ,  4.395211e+03 , -1.911307e+03 ,  4.348389e+03 ,  2.902860e+03 , -5.089475e+02 ,  1.570367e+02 ,  1.504806e+03 ,  4.111805e+03 , -2.299114e+03 , -2.301241e+03 ,  1.117831e+02 ,  2.242595e+03 , -3.151139e+03 , -3.032620e+03 , -2.030142e+03 ,  3.417295e+03 , -7.431751e+02 ,  8.403853e+02 , -4.918478e+03 ,  1.397039e+03 ,  4.292648e+03 , -4.204888e+03 , -4.946182e+03 , -3.255663e+03 ,  1.641235e+02 , -4.869862e+03 , -4.862003e+03 ,  4.468065e+03 ,  1.297631e+03 ,]
positionY_nm_array = [-7.818127e+02 ,  4.048994e+03 , -9.131054e+02 , -2.312572e+03 ,  4.570670e+03 , -4.655819e+03 , -4.734778e+03 ,  1.048176e+03 ,  4.634373e+03 , -3.571849e+03 , -3.763197e+03 , -3.454645e+03 , -1.904326e+03 ,  3.296002e+03 ,  4.264670e+03 ,  1.723870e+03 , -4.491115e+03 , -1.729379e+03 ,  1.176847e+03 , -3.783524e+03 ,  2.830761e+03 ,  4.512995e+03 ,  3.630611e+03 , -1.074212e+03 ,  3.504218e+03 , -2.846567e+03 , -1.435771e+03 ,  1.296105e+03 , -3.359067e+03 ,  8.910968e+02 ,  4.884495e+03 ,  2.695269e+02 , -9.446401e+02 , -1.223801e+02 ,  2.991071e+03 , -2.280601e+03 ,  2.487467e+03 ,  3.510238e+03 , -4.885814e+03 ,  5.095771e+02 ,  2.834277e+03 ,  1.286243e+03 , -6.964888e+02 ,  4.940275e+03 , -1.521053e+03 ,  2.806897e+03 ,  2.645554e+03 ,  3.814158e+03 ,  2.036977e+02 , -3.625326e+03 ,]
angleInclination_array = [1.570796e+00 , 1.570796e+00 , 1.570796e+00 , 1.570796e+00 , 1.570796e+00 , 1.570796e+00 , 1.570796e+00 , 1.570796e+00 , 1.570796e+00 , 1.570796e+00 , 1.570796e+00 , 1.570796e+00 , 1.570796e+00 , 1.570796e+00 , 1.570796e+00 , 1.570796e+00 , 1.570796e+00 , 1.570796e+00 , 1.570796e+00 , 1.570796e+00 , 1.570796e+00 , 1.570796e+00 , 1.570796e+00 , 1.570796e+00 , 1.570796e+00 , 1.570796e+00 , 1.570796e+00 , 1.570796e+00 , 1.570796e+00 , 1.570796e+00 , 1.570796e+00 , 1.570796e+00 , 1.570796e+00 , 1.570796e+00 , 1.570796e+00 , 1.570796e+00 , 1.570796e+00 , 1.570796e+00 , 1.570796e+00 , 1.570796e+00 , 1.570796e+00 , 1.570796e+00 , 1.570796e+00 , 1.570796e+00 , 1.570796e+00 , 1.570796e+00 , 1.570796e+00 , 1.570796e+00 , 1.570796e+00 , 1.570796e+00 ,]
angleAzimuth_array = [1.396263e+00 , 1.396263e+00 , 1.396263e+00 , 1.396263e+00 , 1.396263e+00 , 1.396263e+00 , 1.396263e+00 , 1.396263e+00 , 1.396263e+00 , 1.396263e+00 , 1.396263e+00 , 1.396263e+00 , 1.396263e+00 , 1.396263e+00 , 1.396263e+00 , 1.396263e+00 , 1.396263e+00 , 1.396263e+00 , 1.396263e+00 , 1.396263e+00 , 1.396263e+00 , 1.396263e+00 , 1.396263e+00 , 1.396263e+00 , 1.396263e+00 , 1.396263e+00 , 1.396263e+00 , 1.396263e+00 , 1.396263e+00 , 1.396263e+00 , 1.396263e+00 , 1.396263e+00 , 1.396263e+00 , 1.396263e+00 , 1.396263e+00 , 1.396263e+00 , 1.396263e+00 , 1.396263e+00 , 1.396263e+00 , 1.396263e+00 , 1.396263e+00 , 1.396263e+00 , 1.396263e+00 , 1.396263e+00 , 1.396263e+00 , 1.396263e+00 , 1.396263e+00 , 1.396263e+00 , 1.396263e+00 , 1.396263e+00 ,]
