% ground truth for sim_inc120_az340.tif
% settings
number_of_spots = 50
pixel_size_nm = 51.200
image_size_nm = 14142.136
image_size_px = 275
wavelength = 500
par.objectiveNA = 2.17
objectiveFocalLength = 770
par.refractiveIndices = [1.310000e+00 , 2.170000e+00 , 2.170000e+00 ,]
par.nDiscretizationBFP = 129
par.backgroundNoise = 0.020
par.nPhotons = 500
positionX_nm_array = [4.655519e+03 , -4.389670e+03 , -2.870957e+03 ,  1.384295e+03 , -4.609691e+03 , -4.510608e+03 ,  1.608790e+03 ,  1.299838e+03 , -7.962987e+02 ,  2.041830e+01 , -3.912756e+03 ,  3.183948e+01 , -2.318045e+03 ,  5.841517e+02 ,  3.824102e+02 , -1.987953e+03 , -1.304372e+03 ,  2.801107e+03 , -4.991583e+02 ,  4.773010e+03 , -4.273422e+03 ,  2.245515e+03 ,  2.807412e+03 , -4.393492e+02 , -3.194493e+03 , -3.341645e+03 , -8.008408e+02 ,  1.977800e+03 ,  4.444339e+03 ,  4.395039e+03 , -2.662312e+03 , -1.318276e+03 ,  4.059197e+03 , -3.279397e+03 ,  2.256160e+03 ,  4.112092e+03 ,  4.341295e+03 ,  1.358904e+03 ,  3.414314e+03 , -8.611993e+02 ,  4.903272e+03 , -2.550698e+03 ,  2.182786e+03 , -1.537503e+03 ,  1.258359e+02 , -4.366471e+03 , -2.478309e+03 ,  3.242530e+03 ,  3.690170e+03 , -4.525192e+03 ,]
positionY_nm_array = [-1.177365e+03 ,  1.571666e+03 ,  2.709097e+03 , -4.784548e+03 , -4.003677e+03 , -1.254240e+03 ,  3.490083e+02 ,  3.619992e+03 , -4.134551e+03 ,  6.376931e+02 , -4.875217e+03 , -2.553368e+03 ,  8.981332e+02 , -3.799626e+03 ,  2.974330e+03 ,  3.461875e+03 , -2.769643e+03 , -1.637582e+03 ,  4.356921e+03 , -3.697205e+03 ,  4.022544e+01 ,  1.416378e+03 ,  3.641506e+03 , -7.508295e+02 , -3.222444e+03 ,  4.088047e+03 ,  3.089708e+03 , -2.702815e+03 , -4.706006e+03 , -1.502226e+02 , -5.749097e+02 ,  1.537721e+03 ,  4.274510e+03 ,  1.661202e+03 , -4.022207e+03 ,  2.479916e+03 , -2.410758e+03 , -1.059961e+03 , -3.142068e+03 , -1.729250e+03 ,  4.816690e+03 , -1.807148e+03 ,  2.668886e+03 , -3.896666e+01 , -4.844420e+03 ,  4.528522e+03 , -4.773172e+03 , -4.268624e+03 ,  1.305667e+03 ,  2.695449e+03 ,]
angleInclination_array = [2.094395e+00 , 2.094395e+00 , 2.094395e+00 , 2.094395e+00 , 2.094395e+00 , 2.094395e+00 , 2.094395e+00 , 2.094395e+00 , 2.094395e+00 , 2.094395e+00 , 2.094395e+00 , 2.094395e+00 , 2.094395e+00 , 2.094395e+00 , 2.094395e+00 , 2.094395e+00 , 2.094395e+00 , 2.094395e+00 , 2.094395e+00 , 2.094395e+00 , 2.094395e+00 , 2.094395e+00 , 2.094395e+00 , 2.094395e+00 , 2.094395e+00 , 2.094395e+00 , 2.094395e+00 , 2.094395e+00 , 2.094395e+00 , 2.094395e+00 , 2.094395e+00 , 2.094395e+00 , 2.094395e+00 , 2.094395e+00 , 2.094395e+00 , 2.094395e+00 , 2.094395e+00 , 2.094395e+00 , 2.094395e+00 , 2.094395e+00 , 2.094395e+00 , 2.094395e+00 , 2.094395e+00 , 2.094395e+00 , 2.094395e+00 , 2.094395e+00 , 2.094395e+00 , 2.094395e+00 , 2.094395e+00 , 2.094395e+00 ,]
angleAzimuth_array = [5.934119e+00 , 5.934119e+00 , 5.934119e+00 , 5.934119e+00 , 5.934119e+00 , 5.934119e+00 , 5.934119e+00 , 5.934119e+00 , 5.934119e+00 , 5.934119e+00 , 5.934119e+00 , 5.934119e+00 , 5.934119e+00 , 5.934119e+00 , 5.934119e+00 , 5.934119e+00 , 5.934119e+00 , 5.934119e+00 , 5.934119e+00 , 5.934119e+00 , 5.934119e+00 , 5.934119e+00 , 5.934119e+00 , 5.934119e+00 , 5.934119e+00 , 5.934119e+00 , 5.934119e+00 , 5.934119e+00 , 5.934119e+00 , 5.934119e+00 , 5.934119e+00 , 5.934119e+00 , 5.934119e+00 , 5.934119e+00 , 5.934119e+00 , 5.934119e+00 , 5.934119e+00 , 5.934119e+00 , 5.934119e+00 , 5.934119e+00 , 5.934119e+00 , 5.934119e+00 , 5.934119e+00 , 5.934119e+00 , 5.934119e+00 , 5.934119e+00 , 5.934119e+00 , 5.934119e+00 , 5.934119e+00 , 5.934119e+00 ,]
