% ground truth for sim_inc170_az260.tif
% settings
number_of_spots = 50
pixel_size_nm = 51.200
image_size_nm = 14142.136
image_size_px = 275
wavelength = 500
par.objectiveNA = 2.17
objectiveFocalLength = 770
par.refractiveIndices = [1.310000e+00 , 2.170000e+00 , 2.170000e+00 ,]
par.nDiscretizationBFP = 129
par.backgroundNoise = 0.020
par.nPhotons = 500
positionX_nm_array = [3.289932e+03 , -1.978575e+03 ,  3.389019e+03 , -2.057569e+03 ,  3.087206e+02 ,  1.663631e+03 , -3.486638e+03 , -2.966268e+03 ,  1.505450e+03 ,  2.615374e+03 , -9.487943e+02 ,  1.391451e+03 ,  3.303808e+03 , -4.031849e+02 ,  1.371318e+03 , -3.517363e+03 , -1.290912e+03 , -1.579755e+03 ,  3.051349e+03 , -3.770213e+03 , -3.411601e+03 ,  1.147905e+03 ,  4.931762e+03 , -4.802884e+03 ,  4.526903e+03 , -1.745644e+03 , -3.090253e+03 , -4.713511e+03 ,  2.086628e+03 ,  3.698615e+02 ,  4.418849e+03 , -3.061713e+02 ,  3.244342e+03 ,  4.749293e+03 ,  4.876548e+03 ,  7.719591e+02 ,  2.762084e+02 , -2.074394e+03 , -2.173320e+03 , -4.408283e+03 ,  4.663646e+03 ,  3.171853e+03 , -3.439965e+02 ,  3.394482e+03 , -5.949128e+02 , -3.716715e+03 ,  4.597666e+03 , -2.260335e+03 , -1.160274e+03 , -2.070652e+03 ,]
positionY_nm_array = [-4.883110e+03 , -3.904212e+03 ,  3.397311e+03 , -1.883978e+03 ,  1.132259e+03 ,  7.684029e+02 ,  1.071274e+03 ,  2.430409e+03 , -1.036941e+03 ,  1.179946e+03 , -2.115255e+02 ,  3.568444e+03 , -2.899748e+03 , -2.404369e+03 ,  2.396007e+03 , -1.459970e+03 ,  2.384692e+03 ,  1.165932e+03 , -1.841448e+03 ,  4.030318e+03 , -7.301763e+01 , -4.747952e+03 ,  2.067257e+03 , -9.535484e+02 ,  6.805401e+02 , -2.890646e+03 , -3.321509e+03 ,  1.608741e+03 , -3.646732e+03 , -3.155315e+03 , -4.098755e+03 ,  2.123451e+03 , -7.550229e+02 , -9.708770e+02 ,  3.140886e+03 ,  5.001678e+01 ,  3.256061e+03 , -4.911329e+03 , -6.908091e+02 , -2.760725e+03 , -2.535701e+03 ,  2.375978e+03 , -4.704126e+03 ,  4.815061e+03 ,  4.663447e+03 , -4.242267e+03 ,  4.737160e+03 ,  4.885221e+03 , -1.291348e+03 ,  3.295773e+03 ,]
angleInclination_array = [2.967060e+00 , 2.967060e+00 , 2.967060e+00 , 2.967060e+00 , 2.967060e+00 , 2.967060e+00 , 2.967060e+00 , 2.967060e+00 , 2.967060e+00 , 2.967060e+00 , 2.967060e+00 , 2.967060e+00 , 2.967060e+00 , 2.967060e+00 , 2.967060e+00 , 2.967060e+00 , 2.967060e+00 , 2.967060e+00 , 2.967060e+00 , 2.967060e+00 , 2.967060e+00 , 2.967060e+00 , 2.967060e+00 , 2.967060e+00 , 2.967060e+00 , 2.967060e+00 , 2.967060e+00 , 2.967060e+00 , 2.967060e+00 , 2.967060e+00 , 2.967060e+00 , 2.967060e+00 , 2.967060e+00 , 2.967060e+00 , 2.967060e+00 , 2.967060e+00 , 2.967060e+00 , 2.967060e+00 , 2.967060e+00 , 2.967060e+00 , 2.967060e+00 , 2.967060e+00 , 2.967060e+00 , 2.967060e+00 , 2.967060e+00 , 2.967060e+00 , 2.967060e+00 , 2.967060e+00 , 2.967060e+00 , 2.967060e+00 ,]
angleAzimuth_array = [4.537856e+00 , 4.537856e+00 , 4.537856e+00 , 4.537856e+00 , 4.537856e+00 , 4.537856e+00 , 4.537856e+00 , 4.537856e+00 , 4.537856e+00 , 4.537856e+00 , 4.537856e+00 , 4.537856e+00 , 4.537856e+00 , 4.537856e+00 , 4.537856e+00 , 4.537856e+00 , 4.537856e+00 , 4.537856e+00 , 4.537856e+00 , 4.537856e+00 , 4.537856e+00 , 4.537856e+00 , 4.537856e+00 , 4.537856e+00 , 4.537856e+00 , 4.537856e+00 , 4.537856e+00 , 4.537856e+00 , 4.537856e+00 , 4.537856e+00 , 4.537856e+00 , 4.537856e+00 , 4.537856e+00 , 4.537856e+00 , 4.537856e+00 , 4.537856e+00 , 4.537856e+00 , 4.537856e+00 , 4.537856e+00 , 4.537856e+00 , 4.537856e+00 , 4.537856e+00 , 4.537856e+00 , 4.537856e+00 , 4.537856e+00 , 4.537856e+00 , 4.537856e+00 , 4.537856e+00 , 4.537856e+00 , 4.537856e+00 ,]
