% ground truth for sim_inc160_az340.tif
% settings
number_of_spots = 50
pixel_size_nm = 51.200
image_size_nm = 14142.136
image_size_px = 275
wavelength = 500
par.objectiveNA = 2.17
objectiveFocalLength = 770
par.refractiveIndices = [1.310000e+00 , 2.170000e+00 , 2.170000e+00 ,]
par.nDiscretizationBFP = 129
par.backgroundNoise = 0.020
par.nPhotons = 500
positionX_nm_array = [-4.140559e+03 , -2.437566e+03 , -2.854592e+02 ,  1.219473e+03 ,  4.167552e+03 , -3.100752e+02 ,  1.870559e+03 , -2.430575e+03 ,  3.899843e+03 , -1.087365e+03 , -1.793742e+03 , -4.525147e+03 , -4.072508e+03 ,  3.679219e+02 ,  4.408493e+03 ,  1.235510e+03 ,  2.976352e+03 ,  2.849774e+03 ,  2.427738e+03 ,  4.599110e+03 ,  3.240556e+03 , -4.196028e+02 ,  2.954006e+03 ,  5.215821e+02 , -3.116085e+03 ,  1.902268e+03 ,  4.198571e+03 ,  1.065650e+03 ,  4.469399e+03 , -2.524891e+03 , -2.478373e+03 , -1.406749e+03 ,  1.134425e+03 , -4.924131e+03 ,  4.765583e+03 ,  4.078209e+03 , -1.657670e+03 ,  2.036729e+03 , -4.420905e+03 , -1.437735e+03 ,  6.853652e+02 , -3.214974e+03 , -6.800524e+02 , -2.242839e+02 ,  1.745890e+03 ,  3.076592e+03 , -3.941494e+03 , -2.643002e+03 , -3.592354e+03 ,  2.901763e+03 ,]
positionY_nm_array = [-1.679665e+03 , -4.068739e+03 ,  3.852500e+03 , -8.949515e+02 ,  2.793685e+03 , -1.012671e+03 ,  2.974872e+03 ,  1.676554e+03 , -1.217296e+03 ,  9.752280e+02 ,  2.562047e+03 , -4.236815e+03 ,  2.827573e+03 ,  2.957334e+03 ,  1.539804e+03 ,  4.608827e+03 , -4.709794e+03 ,  3.503050e+03 ,  1.996577e+02 ,  3.860414e+03 ,  4.815682e+03 , -3.668853e+03 , -2.600893e+03 , -1.815057e+03 ,  3.956518e+03 , -2.080213e+03 , -3.248008e+03 , -4.597235e+03 , -4.738881e+03 , -3.061914e+03 ,  4.800013e+02 , -7.344715e+02 ,  1.197968e+02 , -3.121513e+03 , -1.912273e+03 , -8.986147e+01 , -4.696118e+03 ,  1.693376e+03 ,  1.078397e+03 ,  4.538478e+03 , -3.093808e+03 , -2.162533e+03 ,  2.867642e+03 , -4.806442e+03 , -3.576499e+03 ,  1.094461e+03 , -2.226306e+02 , -8.354116e+02 , -3.482891e+03 ,  2.310216e+03 ,]
angleInclination_array = [2.792527e+00 , 2.792527e+00 , 2.792527e+00 , 2.792527e+00 , 2.792527e+00 , 2.792527e+00 , 2.792527e+00 , 2.792527e+00 , 2.792527e+00 , 2.792527e+00 , 2.792527e+00 , 2.792527e+00 , 2.792527e+00 , 2.792527e+00 , 2.792527e+00 , 2.792527e+00 , 2.792527e+00 , 2.792527e+00 , 2.792527e+00 , 2.792527e+00 , 2.792527e+00 , 2.792527e+00 , 2.792527e+00 , 2.792527e+00 , 2.792527e+00 , 2.792527e+00 , 2.792527e+00 , 2.792527e+00 , 2.792527e+00 , 2.792527e+00 , 2.792527e+00 , 2.792527e+00 , 2.792527e+00 , 2.792527e+00 , 2.792527e+00 , 2.792527e+00 , 2.792527e+00 , 2.792527e+00 , 2.792527e+00 , 2.792527e+00 , 2.792527e+00 , 2.792527e+00 , 2.792527e+00 , 2.792527e+00 , 2.792527e+00 , 2.792527e+00 , 2.792527e+00 , 2.792527e+00 , 2.792527e+00 , 2.792527e+00 ,]
angleAzimuth_array = [5.934119e+00 , 5.934119e+00 , 5.934119e+00 , 5.934119e+00 , 5.934119e+00 , 5.934119e+00 , 5.934119e+00 , 5.934119e+00 , 5.934119e+00 , 5.934119e+00 , 5.934119e+00 , 5.934119e+00 , 5.934119e+00 , 5.934119e+00 , 5.934119e+00 , 5.934119e+00 , 5.934119e+00 , 5.934119e+00 , 5.934119e+00 , 5.934119e+00 , 5.934119e+00 , 5.934119e+00 , 5.934119e+00 , 5.934119e+00 , 5.934119e+00 , 5.934119e+00 , 5.934119e+00 , 5.934119e+00 , 5.934119e+00 , 5.934119e+00 , 5.934119e+00 , 5.934119e+00 , 5.934119e+00 , 5.934119e+00 , 5.934119e+00 , 5.934119e+00 , 5.934119e+00 , 5.934119e+00 , 5.934119e+00 , 5.934119e+00 , 5.934119e+00 , 5.934119e+00 , 5.934119e+00 , 5.934119e+00 , 5.934119e+00 , 5.934119e+00 , 5.934119e+00 , 5.934119e+00 , 5.934119e+00 , 5.934119e+00 ,]
