% ground truth for sim_inc10_az180.tif
% settings
number_of_spots = 50
pixel_size_nm = 51.200
image_size_nm = 14142.136
image_size_px = 275
wavelength = 500
par.objectiveNA = 2.17
objectiveFocalLength = 770
par.refractiveIndices = [1.310000e+00 , 2.170000e+00 , 2.170000e+00 ,]
par.nDiscretizationBFP = 129
par.backgroundNoise = 0.020
par.nPhotons = 500
positionX_nm_array = [-2.316754e+03 ,  4.288969e+03 ,  1.233754e+03 ,  3.596134e+02 ,  1.567003e+03 , -3.702660e+03 , -1.212552e+03 , -9.682781e+02 ,  2.043616e+03 , -1.559965e+03 , -2.590514e+03 , -1.500325e+01 ,  4.407627e+03 , -3.902399e+02 , -1.118882e+03 , -4.407234e+03 ,  2.567035e+03 , -3.860151e+03 , -3.880838e+03 , -1.182461e+03 , -4.065336e+03 ,  3.873614e+02 ,  4.372268e+03 , -2.712800e+03 , -2.194683e+02 ,  9.616192e+02 ,  4.973114e+02 , -2.218718e+03 ,  4.879278e+03 ,  2.049821e+03 ,  3.761484e+03 , -1.864261e+03 ,  1.350182e+03 ,  3.704105e+03 ,  3.778520e+03 , -2.885962e+02 , -2.117841e+03 ,  3.374112e+03 , -2.287701e+03 , -3.346116e+03 , -7.514431e+02 , -4.910519e+03 ,  1.529424e+03 ,  2.517854e+03 ,  1.879246e+03 ,  2.317955e+03 , -4.865979e+03 , -3.098407e+03 ,  4.488480e+03 , -4.815911e+03 ,]
positionY_nm_array = [3.564633e+03 ,  4.907916e+02 ,  2.211034e+03 ,  3.359884e+03 ,  1.786148e+02 ,  3.649712e+03 ,  4.716613e+03 , -4.501624e+03 ,  3.931596e+03 ,  1.662818e+03 , -1.210310e+03 , -3.171346e+03 ,  2.216031e+03 ,  7.327259e+02 , -3.235596e+03 , -2.374876e+02 , -4.318788e+03 ,  4.823079e+03 , -2.305550e+03 ,  3.100233e+03 ,  7.206387e+02 ,  4.738542e+03 , -3.279616e+03 , -2.480091e+03 ,  2.346125e+03 , -1.302602e+03 ,  1.278654e+03 , -3.869939e+03 , -4.667794e+03 ,  1.154830e+03 , -2.273496e+03 , -1.914434e+03 , -3.910141e+03 ,  1.330976e+03 ,  4.030873e+03 , -1.390984e+03 ,  2.167344e+02 ,  2.637534e+03 ,  4.757384e+03 , -4.506825e+03 , -4.209604e+02 , -4.650359e+03 ,  4.835021e+03 , -3.337815e+02 , -1.916309e+03 ,  2.966822e+03 , -2.106217e+03 ,  2.737544e+03 , -1.131998e+03 , -3.612831e+03 ,]
angleInclination_array = [1.745329e-01 , 1.745329e-01 , 1.745329e-01 , 1.745329e-01 , 1.745329e-01 , 1.745329e-01 , 1.745329e-01 , 1.745329e-01 , 1.745329e-01 , 1.745329e-01 , 1.745329e-01 , 1.745329e-01 , 1.745329e-01 , 1.745329e-01 , 1.745329e-01 , 1.745329e-01 , 1.745329e-01 , 1.745329e-01 , 1.745329e-01 , 1.745329e-01 , 1.745329e-01 , 1.745329e-01 , 1.745329e-01 , 1.745329e-01 , 1.745329e-01 , 1.745329e-01 , 1.745329e-01 , 1.745329e-01 , 1.745329e-01 , 1.745329e-01 , 1.745329e-01 , 1.745329e-01 , 1.745329e-01 , 1.745329e-01 , 1.745329e-01 , 1.745329e-01 , 1.745329e-01 , 1.745329e-01 , 1.745329e-01 , 1.745329e-01 , 1.745329e-01 , 1.745329e-01 , 1.745329e-01 , 1.745329e-01 , 1.745329e-01 , 1.745329e-01 , 1.745329e-01 , 1.745329e-01 , 1.745329e-01 , 1.745329e-01 ,]
angleAzimuth_array = [3.141593e+00 , 3.141593e+00 , 3.141593e+00 , 3.141593e+00 , 3.141593e+00 , 3.141593e+00 , 3.141593e+00 , 3.141593e+00 , 3.141593e+00 , 3.141593e+00 , 3.141593e+00 , 3.141593e+00 , 3.141593e+00 , 3.141593e+00 , 3.141593e+00 , 3.141593e+00 , 3.141593e+00 , 3.141593e+00 , 3.141593e+00 , 3.141593e+00 , 3.141593e+00 , 3.141593e+00 , 3.141593e+00 , 3.141593e+00 , 3.141593e+00 , 3.141593e+00 , 3.141593e+00 , 3.141593e+00 , 3.141593e+00 , 3.141593e+00 , 3.141593e+00 , 3.141593e+00 , 3.141593e+00 , 3.141593e+00 , 3.141593e+00 , 3.141593e+00 , 3.141593e+00 , 3.141593e+00 , 3.141593e+00 , 3.141593e+00 , 3.141593e+00 , 3.141593e+00 , 3.141593e+00 , 3.141593e+00 , 3.141593e+00 , 3.141593e+00 , 3.141593e+00 , 3.141593e+00 , 3.141593e+00 , 3.141593e+00 ,]
