% ground truth for sim_inc140_az20.tif
% settings
number_of_spots = 50
pixel_size_nm = 51.200
image_size_nm = 14142.136
image_size_px = 275
wavelength = 500
par.objectiveNA = 2.17
objectiveFocalLength = 770
par.refractiveIndices = [1.310000e+00 , 2.170000e+00 , 2.170000e+00 ,]
par.nDiscretizationBFP = 129
par.backgroundNoise = 0.020
par.nPhotons = 500
positionX_nm_array = [-3.593986e+03 , -1.752351e+03 ,  1.427120e+03 ,  6.458925e+02 ,  1.471498e+03 , -3.587619e+03 , -3.144790e+03 ,  3.771361e+03 ,  3.002452e+03 , -1.155139e+03 ,  4.784289e+03 , -2.806123e+03 ,  2.260294e+03 ,  4.827209e+03 ,  3.816769e+03 , -5.247509e+02 ,  3.509792e+03 , -7.678762e+02 ,  5.856642e+02 ,  2.416959e+03 , -2.945593e+03 , -1.995901e+03 ,  1.505896e+03 , -1.024434e+03 ,  1.455806e+03 , -3.990159e+03 , -4.459991e+03 ,  4.964536e+02 , -2.954865e+03 , -3.986564e+03 , -1.042228e+03 ,  2.243147e+03 , -4.386941e+03 , -4.885206e+03 , -7.365834e+02 ,  4.816526e+03 ,  2.624227e+02 ,  2.656077e+03 , -5.269684e+02 ,  4.645194e+02 , -2.021353e+03 ,  3.498483e+03 ,  3.570413e+03 ,  2.516693e+03 , -4.385693e+03 ,  4.904508e+03 ,  4.329177e+03 , -2.142467e+03 ,  8.979075e+02 , -4.448648e+03 ,]
positionY_nm_array = [-4.470807e+03 , -2.009565e+03 , -3.273387e+03 ,  1.992012e+03 ,  4.814905e+03 ,  9.192948e+02 ,  2.391964e+03 , -1.253502e+03 ,  8.336597e+02 ,  2.053679e+03 , -8.912135e+02 , -3.361342e+03 , -4.502108e+03 ,  3.685620e+03 ,  2.775814e+03 ,  3.395282e+02 , -2.483626e+03 , -1.703811e+03 , -1.442473e+03 ,  2.443320e+03 ,  3.907079e+03 , -3.690567e+02 , -2.835167e+02 ,  3.599438e+03 ,  1.226359e+03 , -2.374717e+03 ,  7.020472e+01 ,  4.043358e+02 , -7.046255e+02 ,  4.651971e+03 , -7.305798e+02 , -1.081953e+03 ,  3.002455e+03 , -4.362547e+03 , -4.535467e+03 , -2.821234e+03 , -2.658051e+03 ,  3.874872e+03 , -3.478414e+03 ,  3.052716e+03 , -3.995640e+03 ,  4.720893e+03 , -4.672097e+03 , -3.048946e+03 ,  1.829146e+03 ,  9.641569e+02 , -3.700322e+03 ,  4.890041e+03 , -4.521055e+03 , -3.449661e+03 ,]
angleInclination_array = [2.443461e+00 , 2.443461e+00 , 2.443461e+00 , 2.443461e+00 , 2.443461e+00 , 2.443461e+00 , 2.443461e+00 , 2.443461e+00 , 2.443461e+00 , 2.443461e+00 , 2.443461e+00 , 2.443461e+00 , 2.443461e+00 , 2.443461e+00 , 2.443461e+00 , 2.443461e+00 , 2.443461e+00 , 2.443461e+00 , 2.443461e+00 , 2.443461e+00 , 2.443461e+00 , 2.443461e+00 , 2.443461e+00 , 2.443461e+00 , 2.443461e+00 , 2.443461e+00 , 2.443461e+00 , 2.443461e+00 , 2.443461e+00 , 2.443461e+00 , 2.443461e+00 , 2.443461e+00 , 2.443461e+00 , 2.443461e+00 , 2.443461e+00 , 2.443461e+00 , 2.443461e+00 , 2.443461e+00 , 2.443461e+00 , 2.443461e+00 , 2.443461e+00 , 2.443461e+00 , 2.443461e+00 , 2.443461e+00 , 2.443461e+00 , 2.443461e+00 , 2.443461e+00 , 2.443461e+00 , 2.443461e+00 , 2.443461e+00 ,]
angleAzimuth_array = [3.490659e-01 , 3.490659e-01 , 3.490659e-01 , 3.490659e-01 , 3.490659e-01 , 3.490659e-01 , 3.490659e-01 , 3.490659e-01 , 3.490659e-01 , 3.490659e-01 , 3.490659e-01 , 3.490659e-01 , 3.490659e-01 , 3.490659e-01 , 3.490659e-01 , 3.490659e-01 , 3.490659e-01 , 3.490659e-01 , 3.490659e-01 , 3.490659e-01 , 3.490659e-01 , 3.490659e-01 , 3.490659e-01 , 3.490659e-01 , 3.490659e-01 , 3.490659e-01 , 3.490659e-01 , 3.490659e-01 , 3.490659e-01 , 3.490659e-01 , 3.490659e-01 , 3.490659e-01 , 3.490659e-01 , 3.490659e-01 , 3.490659e-01 , 3.490659e-01 , 3.490659e-01 , 3.490659e-01 , 3.490659e-01 , 3.490659e-01 , 3.490659e-01 , 3.490659e-01 , 3.490659e-01 , 3.490659e-01 , 3.490659e-01 , 3.490659e-01 , 3.490659e-01 , 3.490659e-01 , 3.490659e-01 , 3.490659e-01 ,]
