% ground truth for sim_inc0_az340.tif
% settings
number_of_spots = 50
pixel_size_nm = 51.200
image_size_nm = 14142.136
image_size_px = 275
wavelength = 500
par.objectiveNA = 2.17
objectiveFocalLength = 770
par.refractiveIndices = [1.310000e+00 , 2.170000e+00 , 2.170000e+00 ,]
par.nDiscretizationBFP = 129
par.backgroundNoise = 0.020
par.nPhotons = 500
positionX_nm_array = [1.862884e+03 ,  1.523331e+03 ,  4.690526e+03 , -2.566856e+03 , -4.361587e+03 ,  3.045108e+03 ,  3.226340e+03 , -2.169215e+03 ,  4.570491e+03 , -1.294297e+03 ,  2.662673e+03 ,  1.645654e+03 , -1.594677e+02 , -1.300704e+03 ,  3.901708e+03 , -3.557513e+02 , -4.141686e+03 ,  4.852299e+03 ,  4.498551e+03 ,  1.344426e+03 , -2.836411e+02 ,  1.013716e+03 , -2.859904e+03 , -2.453530e+03 , -3.929021e+02 ,  3.440178e+03 ,  1.234087e+03 ,  3.370926e+03 ,  3.017377e+02 , -3.748500e+03 ,  4.662918e+03 , -2.912545e+03 ,  2.223049e+03 ,  2.510919e+03 , -3.734980e+03 ,  1.016272e+03 , -3.576005e+02 , -3.220718e+03 , -3.432637e+03 , -4.930081e+03 ,  1.425959e+03 , -2.473517e+02 , -1.504194e+03 , -4.060382e+03 , -1.814788e+03 , -4.868095e+03 , -4.054845e+03 ,  3.863477e+03 , -2.962671e+03 ,  2.036904e+03 ,]
positionY_nm_array = [1.597924e+03 ,  2.940106e+03 , -2.328204e+03 ,  4.108939e+03 , -6.340927e+02 , -1.157117e+03 , -3.708031e+03 , -3.210336e+03 ,  4.682355e+03 ,  5.113642e+02 ,  4.080002e+03 ,  1.995931e+02 , -7.246093e+02 ,  4.597978e+03 ,  3.704414e+03 ,  1.977102e+03 ,  1.124390e+03 , -4.081287e+03 , -1.862081e+02 , -1.733010e+03 ,  3.116361e+02 , -7.787070e+02 ,  2.737153e+03 , -1.792659e+03 ,  3.929458e+03 ,  2.349626e+02 , -3.281471e+03 , -2.305180e+03 ,  2.847880e+03 ,  2.141985e+03 ,  1.211169e+03 , -2.876883e+02 , -4.835883e+03 ,  2.572096e+03 ,  3.319859e+03 , -4.502549e+03 , -1.797461e+03 , -3.176065e+03 , -4.850198e+03 ,  2.754176e+03 ,  4.011736e+03 , -4.560064e+03 , -2.371392e+03 , -2.519083e+03 ,  2.005733e+03 , -3.973151e+03 ,  4.445384e+03 ,  2.062358e+03 ,  1.513205e+03 ,  4.871749e+03 ,]
angleInclination_array = [0 , 0 , 0 , 0 , 0 , 0 , 0 , 0 , 0 , 0 , 0 , 0 , 0 , 0 , 0 , 0 , 0 , 0 , 0 , 0 , 0 , 0 , 0 , 0 , 0 , 0 , 0 , 0 , 0 , 0 , 0 , 0 , 0 , 0 , 0 , 0 , 0 , 0 , 0 , 0 , 0 , 0 , 0 , 0 , 0 , 0 , 0 , 0 , 0 , 0 ,]
angleAzimuth_array = [5.934119e+00 , 5.934119e+00 , 5.934119e+00 , 5.934119e+00 , 5.934119e+00 , 5.934119e+00 , 5.934119e+00 , 5.934119e+00 , 5.934119e+00 , 5.934119e+00 , 5.934119e+00 , 5.934119e+00 , 5.934119e+00 , 5.934119e+00 , 5.934119e+00 , 5.934119e+00 , 5.934119e+00 , 5.934119e+00 , 5.934119e+00 , 5.934119e+00 , 5.934119e+00 , 5.934119e+00 , 5.934119e+00 , 5.934119e+00 , 5.934119e+00 , 5.934119e+00 , 5.934119e+00 , 5.934119e+00 , 5.934119e+00 , 5.934119e+00 , 5.934119e+00 , 5.934119e+00 , 5.934119e+00 , 5.934119e+00 , 5.934119e+00 , 5.934119e+00 , 5.934119e+00 , 5.934119e+00 , 5.934119e+00 , 5.934119e+00 , 5.934119e+00 , 5.934119e+00 , 5.934119e+00 , 5.934119e+00 , 5.934119e+00 , 5.934119e+00 , 5.934119e+00 , 5.934119e+00 , 5.934119e+00 , 5.934119e+00 ,]
