% ground truth for sim_inc60_az220.tif
% settings
number_of_spots = 50
pixel_size_nm = 51.200
image_size_nm = 14142.136
image_size_px = 275
wavelength = 500
par.objectiveNA = 2.17
objectiveFocalLength = 770
par.refractiveIndices = [1.310000e+00 , 2.170000e+00 , 2.170000e+00 ,]
par.nDiscretizationBFP = 129
par.backgroundNoise = 0.020
par.nPhotons = 500
positionX_nm_array = [1.232015e+03 , -3.685375e+03 ,  4.761568e+03 , -1.331713e+03 , -2.603104e+02 , -3.523865e+03 , -1.314439e+03 , -2.431122e+03 , -4.511933e+03 ,  2.005002e+03 , -4.476887e+03 , -2.363953e+03 , -1.129774e+03 ,  2.978655e+03 , -1.884682e+03 , -4.114386e+03 , -2.228849e+03 ,  3.106868e+03 ,  3.553109e+03 ,  4.689010e+03 , -1.277917e+03 ,  1.367995e+03 ,  4.565369e+03 , -2.553275e+03 ,  3.387499e+03 , -2.688239e+03 ,  3.065089e+03 ,  1.017110e+02 ,  1.847454e+03 , -1.077238e+03 ,  4.816244e+03 ,  4.560963e+02 , -2.358242e+03 ,  4.666443e+03 ,  4.185958e+03 , -4.575201e+03 ,  3.273107e+03 ,  2.707910e+03 ,  1.756760e+03 ,  1.667328e+03 ,  4.915660e+03 ,  2.609888e+03 , -4.330916e+03 ,  4.117785e+03 ,  8.729187e+02 , -6.669511e+01 ,  2.741821e+02 , -2.120409e+03 , -4.147655e+03 , -9.105424e+02 ,]
positionY_nm_array = [-4.881739e+02 , -1.831919e+03 ,  1.968186e+03 ,  2.975477e+03 , -2.785447e+03 ,  2.609833e+03 , -4.388941e+03 ,  3.330841e+03 , -1.204744e+03 , -4.530120e+03 , -2.564896e+03 , -4.283847e+03 ,  1.438384e+03 ,  6.278684e+02 , -2.879539e+03 ,  3.830006e+03 , -1.878312e+03 ,  2.194358e+03 ,  4.896328e+03 , -1.092886e+03 , -1.464345e+03 , -2.074470e+03 ,  3.334172e+03 , -2.612007e+02 , -3.882368e+03 ,  1.825697e+03 , -1.763788e+03 , -3.810046e+03 ,  1.366607e+03 ,  1.887006e+02 ,  4.766610e+03 ,  1.786113e+03 ,  4.723730e+03 , -4.849199e+03 , -1.842685e+02 ,  1.664908e+03 ,  3.839951e+03 , -2.978663e+03 , -3.527238e+03 ,  3.591878e+03 , -3.361739e+03 , -3.116620e+02 , -1.531648e+02 , -2.390934e+03 ,  4.976054e+02 , -3.868587e+02 ,  3.163706e+03 ,  7.071846e+02 , -4.713419e+03 ,  3.919951e+03 ,]
angleInclination_array = [1.047198e+00 , 1.047198e+00 , 1.047198e+00 , 1.047198e+00 , 1.047198e+00 , 1.047198e+00 , 1.047198e+00 , 1.047198e+00 , 1.047198e+00 , 1.047198e+00 , 1.047198e+00 , 1.047198e+00 , 1.047198e+00 , 1.047198e+00 , 1.047198e+00 , 1.047198e+00 , 1.047198e+00 , 1.047198e+00 , 1.047198e+00 , 1.047198e+00 , 1.047198e+00 , 1.047198e+00 , 1.047198e+00 , 1.047198e+00 , 1.047198e+00 , 1.047198e+00 , 1.047198e+00 , 1.047198e+00 , 1.047198e+00 , 1.047198e+00 , 1.047198e+00 , 1.047198e+00 , 1.047198e+00 , 1.047198e+00 , 1.047198e+00 , 1.047198e+00 , 1.047198e+00 , 1.047198e+00 , 1.047198e+00 , 1.047198e+00 , 1.047198e+00 , 1.047198e+00 , 1.047198e+00 , 1.047198e+00 , 1.047198e+00 , 1.047198e+00 , 1.047198e+00 , 1.047198e+00 , 1.047198e+00 , 1.047198e+00 ,]
angleAzimuth_array = [3.839724e+00 , 3.839724e+00 , 3.839724e+00 , 3.839724e+00 , 3.839724e+00 , 3.839724e+00 , 3.839724e+00 , 3.839724e+00 , 3.839724e+00 , 3.839724e+00 , 3.839724e+00 , 3.839724e+00 , 3.839724e+00 , 3.839724e+00 , 3.839724e+00 , 3.839724e+00 , 3.839724e+00 , 3.839724e+00 , 3.839724e+00 , 3.839724e+00 , 3.839724e+00 , 3.839724e+00 , 3.839724e+00 , 3.839724e+00 , 3.839724e+00 , 3.839724e+00 , 3.839724e+00 , 3.839724e+00 , 3.839724e+00 , 3.839724e+00 , 3.839724e+00 , 3.839724e+00 , 3.839724e+00 , 3.839724e+00 , 3.839724e+00 , 3.839724e+00 , 3.839724e+00 , 3.839724e+00 , 3.839724e+00 , 3.839724e+00 , 3.839724e+00 , 3.839724e+00 , 3.839724e+00 , 3.839724e+00 , 3.839724e+00 , 3.839724e+00 , 3.839724e+00 , 3.839724e+00 , 3.839724e+00 , 3.839724e+00 ,]
