% ground truth for sim_inc130_az40.tif
% settings
number_of_spots = 50
pixel_size_nm = 51.200
image_size_nm = 14142.136
image_size_px = 275
wavelength = 500
par.objectiveNA = 2.17
objectiveFocalLength = 770
par.refractiveIndices = [1.310000e+00 , 2.170000e+00 , 2.170000e+00 ,]
par.nDiscretizationBFP = 129
par.backgroundNoise = 0.020
par.nPhotons = 500
positionX_nm_array = [3.346804e+03 , -4.101144e+03 , -1.616648e+03 , -5.857740e+02 , -4.751459e+03 , -4.301871e+03 , -4.458882e+03 ,  6.350683e+02 , -2.736212e+03 ,  4.700624e+03 ,  4.064185e+03 ,  1.956040e+03 ,  6.441840e+02 , -7.906362e+02 ,  3.259932e+03 , -4.756938e+03 , -1.340665e+03 ,  2.632828e+03 ,  2.275286e+01 ,  3.546928e+03 , -6.835320e+02 ,  2.464478e+03 , -4.827025e+03 ,  1.093809e+03 ,  4.374320e+03 ,  4.166979e+03 , -2.627939e+03 ,  1.566683e+03 , -1.695273e+03 ,  1.447231e+03 , -3.754037e+03 , -7.702765e+02 ,  4.827915e+02 , -2.504313e+02 ,  3.501123e+03 ,  8.756264e+02 , -3.828390e+03 , -1.894519e+03 , -2.433162e+03 ,  1.990275e+03 , -6.115583e+02 , -3.191025e+03 , -2.553358e+03 ,  2.589558e+03 , -2.664162e+03 ,  1.036392e+03 , -4.064435e+01 , -4.757828e+03 ,  4.918635e+03 ,  2.084407e+03 ,]
positionY_nm_array = [4.180305e+03 ,  8.613258e+00 , -6.543237e+02 , -4.534135e+03 ,  3.836125e+03 , -3.433002e+03 , -2.018913e+03 , -1.710882e+03 ,  2.836682e+03 , -8.827533e+02 ,  5.167286e+02 ,  2.837368e+03 , -4.391509e+03 ,  2.732949e+02 , -1.434790e+03 , -9.374456e+02 ,  3.897859e+03 , -4.830433e+03 , -3.207641e+03 ,  1.932196e+03 , -2.394945e+03 , -1.828939e+02 , -4.299571e+03 ,  1.909112e+03 ,  3.260301e+03 , -2.015466e+03 , -4.932796e+03 , -3.258736e+03 ,  1.425943e+03 , -9.990458e+02 ,  4.916335e+03 , -1.239265e+03 , -1.584050e+02 ,  3.065420e+03 , -3.301418e+03 ,  4.805315e+03 ,  2.737008e+03 ,  4.898261e+03 ,  1.545678e+02 ,  1.132630e+03 ,  2.066769e+03 ,  1.463447e+03 ,  4.110259e+03 , -2.838187e+03 , -2.181922e+03 ,  3.701042e+03 ,  1.127236e+03 ,  1.151135e+03 , -4.417815e+03 ,  4.908852e+03 ,]
angleInclination_array = [2.268928e+00 , 2.268928e+00 , 2.268928e+00 , 2.268928e+00 , 2.268928e+00 , 2.268928e+00 , 2.268928e+00 , 2.268928e+00 , 2.268928e+00 , 2.268928e+00 , 2.268928e+00 , 2.268928e+00 , 2.268928e+00 , 2.268928e+00 , 2.268928e+00 , 2.268928e+00 , 2.268928e+00 , 2.268928e+00 , 2.268928e+00 , 2.268928e+00 , 2.268928e+00 , 2.268928e+00 , 2.268928e+00 , 2.268928e+00 , 2.268928e+00 , 2.268928e+00 , 2.268928e+00 , 2.268928e+00 , 2.268928e+00 , 2.268928e+00 , 2.268928e+00 , 2.268928e+00 , 2.268928e+00 , 2.268928e+00 , 2.268928e+00 , 2.268928e+00 , 2.268928e+00 , 2.268928e+00 , 2.268928e+00 , 2.268928e+00 , 2.268928e+00 , 2.268928e+00 , 2.268928e+00 , 2.268928e+00 , 2.268928e+00 , 2.268928e+00 , 2.268928e+00 , 2.268928e+00 , 2.268928e+00 , 2.268928e+00 ,]
angleAzimuth_array = [6.981317e-01 , 6.981317e-01 , 6.981317e-01 , 6.981317e-01 , 6.981317e-01 , 6.981317e-01 , 6.981317e-01 , 6.981317e-01 , 6.981317e-01 , 6.981317e-01 , 6.981317e-01 , 6.981317e-01 , 6.981317e-01 , 6.981317e-01 , 6.981317e-01 , 6.981317e-01 , 6.981317e-01 , 6.981317e-01 , 6.981317e-01 , 6.981317e-01 , 6.981317e-01 , 6.981317e-01 , 6.981317e-01 , 6.981317e-01 , 6.981317e-01 , 6.981317e-01 , 6.981317e-01 , 6.981317e-01 , 6.981317e-01 , 6.981317e-01 , 6.981317e-01 , 6.981317e-01 , 6.981317e-01 , 6.981317e-01 , 6.981317e-01 , 6.981317e-01 , 6.981317e-01 , 6.981317e-01 , 6.981317e-01 , 6.981317e-01 , 6.981317e-01 , 6.981317e-01 , 6.981317e-01 , 6.981317e-01 , 6.981317e-01 , 6.981317e-01 , 6.981317e-01 , 6.981317e-01 , 6.981317e-01 , 6.981317e-01 ,]
