% ground truth for sim_inc30_az100.tif
% settings
number_of_spots = 50
pixel_size_nm = 51.200
image_size_nm = 14142.136
image_size_px = 275
wavelength = 500
par.objectiveNA = 2.17
objectiveFocalLength = 770
par.refractiveIndices = [1.310000e+00 , 2.170000e+00 , 2.170000e+00 ,]
par.nDiscretizationBFP = 129
par.backgroundNoise = 0.020
par.nPhotons = 500
positionX_nm_array = [2.534999e+03 ,  3.420157e+03 , -4.581713e+03 ,  4.260208e+03 ,  2.686629e+03 , -1.844983e+03 , -1.408142e+03 , -3.358508e+03 ,  3.541905e+03 ,  1.774288e+03 ,  2.690506e+03 ,  4.563611e+03 ,  2.077369e+03 , -3.042554e+03 ,  1.601250e+03 ,  2.270195e+03 , -3.093815e+03 , -3.532372e+02 ,  1.401977e+03 , -2.976506e+02 , -4.737915e+03 , -4.662435e+03 , -2.667554e+03 ,  4.573571e+03 , -9.951484e+02 ,  5.277843e+01 , -3.982908e+03 , -5.538215e+02 , -1.882948e+03 ,  1.114912e+03 , -3.896637e+03 ,  2.570326e+02 ,  4.248743e+03 , -7.595511e+02 ,  7.352377e+02 , -2.310226e+03 , -4.008369e+03 ,  3.456822e+02 ,  3.221167e+01 ,  8.787834e+02 , -3.604782e+03 , -1.299898e+03 ,  4.645983e+03 , -2.755714e+03 , -1.104744e+03 ,  1.065992e+03 , -1.042935e+03 , -1.498828e+03 , -2.690262e+03 ,  3.380409e+03 ,]
positionY_nm_array = [-5.496661e+02 ,  1.949293e+03 ,  3.624281e+03 ,  3.968207e+03 , -4.387516e+03 ,  2.725057e+03 , -1.156584e+03 , -3.860728e+03 ,  8.934735e+01 ,  2.120886e+03 ,  4.381031e+03 , -2.735824e+03 , -2.412438e+03 , -1.954140e+03 ,  3.438556e+03 ,  6.488603e+02 ,  1.536130e+03 , -4.340053e+03 ,  4.936307e+03 , -1.524607e+03 ,  4.787800e+03 , -8.562224e+02 , -2.972747e+03 ,  2.563024e+03 , -3.316221e+03 ,  4.283752e+03 , -7.881351e+01 ,  5.859768e+02 ,  1.398896e+03 , -4.055541e+03 , -2.662924e+03 ,  1.738953e+03 , -4.521336e+03 ,  1.687370e+03 , -7.736245e+02 ,  3.794932e+03 ,  2.046272e+03 ,  2.940779e+03 , -2.748761e+03 ,  6.973915e+02 ,  3.099799e+03 , -2.245672e+03 ,  1.490003e+03 ,  4.399176e+02 ,  3.763596e+03 , -1.777430e+03 ,  4.827228e+03 , -4.334977e+03 , -9.429225e+02 , -1.760566e+03 ,]
angleInclination_array = [5.235988e-01 , 5.235988e-01 , 5.235988e-01 , 5.235988e-01 , 5.235988e-01 , 5.235988e-01 , 5.235988e-01 , 5.235988e-01 , 5.235988e-01 , 5.235988e-01 , 5.235988e-01 , 5.235988e-01 , 5.235988e-01 , 5.235988e-01 , 5.235988e-01 , 5.235988e-01 , 5.235988e-01 , 5.235988e-01 , 5.235988e-01 , 5.235988e-01 , 5.235988e-01 , 5.235988e-01 , 5.235988e-01 , 5.235988e-01 , 5.235988e-01 , 5.235988e-01 , 5.235988e-01 , 5.235988e-01 , 5.235988e-01 , 5.235988e-01 , 5.235988e-01 , 5.235988e-01 , 5.235988e-01 , 5.235988e-01 , 5.235988e-01 , 5.235988e-01 , 5.235988e-01 , 5.235988e-01 , 5.235988e-01 , 5.235988e-01 , 5.235988e-01 , 5.235988e-01 , 5.235988e-01 , 5.235988e-01 , 5.235988e-01 , 5.235988e-01 , 5.235988e-01 , 5.235988e-01 , 5.235988e-01 , 5.235988e-01 ,]
angleAzimuth_array = [1.745329e+00 , 1.745329e+00 , 1.745329e+00 , 1.745329e+00 , 1.745329e+00 , 1.745329e+00 , 1.745329e+00 , 1.745329e+00 , 1.745329e+00 , 1.745329e+00 , 1.745329e+00 , 1.745329e+00 , 1.745329e+00 , 1.745329e+00 , 1.745329e+00 , 1.745329e+00 , 1.745329e+00 , 1.745329e+00 , 1.745329e+00 , 1.745329e+00 , 1.745329e+00 , 1.745329e+00 , 1.745329e+00 , 1.745329e+00 , 1.745329e+00 , 1.745329e+00 , 1.745329e+00 , 1.745329e+00 , 1.745329e+00 , 1.745329e+00 , 1.745329e+00 , 1.745329e+00 , 1.745329e+00 , 1.745329e+00 , 1.745329e+00 , 1.745329e+00 , 1.745329e+00 , 1.745329e+00 , 1.745329e+00 , 1.745329e+00 , 1.745329e+00 , 1.745329e+00 , 1.745329e+00 , 1.745329e+00 , 1.745329e+00 , 1.745329e+00 , 1.745329e+00 , 1.745329e+00 , 1.745329e+00 , 1.745329e+00 ,]
