% ground truth for sim_inc40_az280.tif
% settings
number_of_spots = 50
pixel_size_nm = 51.200
image_size_nm = 14142.136
image_size_px = 275
wavelength = 500
par.objectiveNA = 2.17
objectiveFocalLength = 770
par.refractiveIndices = [1.310000e+00 , 2.170000e+00 , 2.170000e+00 ,]
par.nDiscretizationBFP = 129
par.backgroundNoise = 0.020
par.nPhotons = 500
positionX_nm_array = [-2.421071e+03 , -2.699138e+02 ,  1.310436e+02 ,  3.414224e+03 , -4.783716e+03 ,  3.048542e+03 , -2.698998e+02 ,  3.860694e+03 , -9.412476e+02 , -1.038320e+03 ,  3.275382e+03 ,  1.841963e+03 , -4.876205e+03 , -3.324374e+03 ,  1.042517e+03 ,  1.063772e+03 , -4.579054e+03 , -2.921855e+03 , -5.573620e+01 , -2.208990e+03 , -9.034884e+02 ,  1.468712e+03 , -4.647413e+03 , -3.011678e+03 , -3.791818e+03 ,  4.541273e+03 , -4.137441e+03 ,  1.784029e+03 ,  1.622199e+03 , -3.757829e+03 ,  1.016843e+03 , -2.054414e+03 , -1.065021e+03 , -1.897115e+03 ,  1.152530e+03 ,  4.337417e+03 , -2.053798e+03 , -1.215784e+03 ,  2.284239e+03 , -4.089957e+03 ,  2.254289e+03 , -2.152860e+03 ,  3.544844e+03 , -3.196443e+03 ,  3.874002e+03 ,  4.346628e+03 ,  4.347537e+03 ,  4.684417e+03 ,  3.898330e+03 , -1.935636e+03 ,]
positionY_nm_array = [-4.805145e+03 ,  2.270644e+03 , -2.960839e+03 ,  2.915829e+03 , -2.712182e+03 ,  7.744211e+02 , -1.252812e+03 , -1.800302e+03 , -4.727641e+03 ,  4.576744e+03 , -3.684113e+03 , -3.613751e+03 ,  1.184310e+03 ,  3.420435e+03 , -1.172508e+03 , -4.737528e+03 ,  3.960855e+03 , -3.627505e+03 ,  3.888393e+03 ,  2.022059e+03 ,  2.540340e+02 ,  3.495384e+03 , -3.329558e+02 , -1.850298e+03 ,  2.300008e+03 , -7.477808e+02 , -1.627453e+03 ,  2.027858e+03 ,  2.046662e+02 ,  4.345016e+02 ,  4.723753e+03 , -3.330938e+02 ,  1.612164e+03 ,  7.465005e+02 , -2.573152e+03 ,  2.453667e+03 , -2.361029e+03 , -3.004699e+03 , -1.984378e+03 , -4.694334e+03 , -4.691589e+03 ,  4.516631e+03 , -3.366123e+02 ,  1.324818e+03 ,  4.879755e+03 , -4.363733e+03 ,  3.503695e+03 , -2.885100e+03 ,  1.408918e+03 , -3.809217e+03 ,]
angleInclination_array = [6.981317e-01 , 6.981317e-01 , 6.981317e-01 , 6.981317e-01 , 6.981317e-01 , 6.981317e-01 , 6.981317e-01 , 6.981317e-01 , 6.981317e-01 , 6.981317e-01 , 6.981317e-01 , 6.981317e-01 , 6.981317e-01 , 6.981317e-01 , 6.981317e-01 , 6.981317e-01 , 6.981317e-01 , 6.981317e-01 , 6.981317e-01 , 6.981317e-01 , 6.981317e-01 , 6.981317e-01 , 6.981317e-01 , 6.981317e-01 , 6.981317e-01 , 6.981317e-01 , 6.981317e-01 , 6.981317e-01 , 6.981317e-01 , 6.981317e-01 , 6.981317e-01 , 6.981317e-01 , 6.981317e-01 , 6.981317e-01 , 6.981317e-01 , 6.981317e-01 , 6.981317e-01 , 6.981317e-01 , 6.981317e-01 , 6.981317e-01 , 6.981317e-01 , 6.981317e-01 , 6.981317e-01 , 6.981317e-01 , 6.981317e-01 , 6.981317e-01 , 6.981317e-01 , 6.981317e-01 , 6.981317e-01 , 6.981317e-01 ,]
angleAzimuth_array = [4.886922e+00 , 4.886922e+00 , 4.886922e+00 , 4.886922e+00 , 4.886922e+00 , 4.886922e+00 , 4.886922e+00 , 4.886922e+00 , 4.886922e+00 , 4.886922e+00 , 4.886922e+00 , 4.886922e+00 , 4.886922e+00 , 4.886922e+00 , 4.886922e+00 , 4.886922e+00 , 4.886922e+00 , 4.886922e+00 , 4.886922e+00 , 4.886922e+00 , 4.886922e+00 , 4.886922e+00 , 4.886922e+00 , 4.886922e+00 , 4.886922e+00 , 4.886922e+00 , 4.886922e+00 , 4.886922e+00 , 4.886922e+00 , 4.886922e+00 , 4.886922e+00 , 4.886922e+00 , 4.886922e+00 , 4.886922e+00 , 4.886922e+00 , 4.886922e+00 , 4.886922e+00 , 4.886922e+00 , 4.886922e+00 , 4.886922e+00 , 4.886922e+00 , 4.886922e+00 , 4.886922e+00 , 4.886922e+00 , 4.886922e+00 , 4.886922e+00 , 4.886922e+00 , 4.886922e+00 , 4.886922e+00 , 4.886922e+00 ,]
