% ground truth for sim_inc140_az120.tif
% settings
number_of_spots = 50
pixel_size_nm = 51.200
image_size_nm = 14142.136
image_size_px = 275
wavelength = 500
par.objectiveNA = 2.17
objectiveFocalLength = 770
par.refractiveIndices = [1.310000e+00 , 2.170000e+00 , 2.170000e+00 ,]
par.nDiscretizationBFP = 129
par.backgroundNoise = 0.020
par.nPhotons = 500
positionX_nm_array = [3.416596e+03 , -2.308431e+03 , -1.785033e+03 ,  4.136962e+03 ,  2.104856e+03 , -9.180926e+02 ,  4.292244e+03 , -9.788690e+02 ,  2.463303e+03 , -1.344052e+03 ,  2.372476e+03 , -4.089644e+03 , -5.682899e+02 ,  7.172415e+02 ,  4.587166e+03 ,  1.029577e+02 ,  3.544617e+03 ,  3.601213e+03 ,  1.892596e+03 , -4.894602e+03 , -3.935175e+03 , -1.968460e+02 ,  2.329616e+03 , -2.250477e+03 ,  1.318403e+02 ,  1.894025e+03 , -3.796706e+03 ,  1.392145e+03 ,  3.135322e+03 , -2.211861e+03 , -4.409929e+03 , -2.638219e+03 ,  3.023363e+03 , -3.089100e+03 ,  4.399209e+03 , -2.037100e+03 ,  4.832691e+03 ,  4.967262e+02 ,  4.797817e+03 , -4.829797e+03 ,  3.159442e+02 , -2.503354e+03 ,  2.255380e+03 ,  6.575895e+02 ,  1.953538e+03 , -4.811135e+03 , -4.830870e+03 , -2.903724e+03 , -4.362781e+03 , -7.436729e+01 ,]
positionY_nm_array = [-3.989116e+03 , -1.024650e+03 ,  3.730010e+03 , -2.397580e+03 , -3.183187e+03 , -4.158571e+03 ,  4.285451e+03 ,  2.407035e+03 ,  2.718637e+03 , -2.698876e+03 ,  1.553859e+03 ,  4.333531e+03 ,  1.056291e+03 ,  1.814439e+03 ,  3.815034e+02 , -3.478280e+03 , -1.042070e+03 ,  2.937127e+03 ,  3.659806e+02 ,  6.856900e+02 , -1.650885e+03 , -3.977938e+01 , -2.048512e+03 ,  1.746680e+02 , -1.994155e+03 ,  4.307423e+03 , -4.213137e+03 ,  3.209676e+03 ,  4.622126e+03 , -4.553111e+03 ,  2.440244e+03 , -3.283851e+03 ,  2.397737e+01 ,  1.788266e+03 ,  1.619367e+03 ,  2.577709e+03 , -3.832892e+03 , -4.459818e+03 ,  3.238046e+03 ,  3.400038e+03 ,  3.081876e+03 , -2.077656e+03 , -4.421343e+03 , -9.993087e+02 , -9.998128e+02 , -4.738630e+03 , -9.013602e+02 ,  4.038400e+03 , -3.387670e+03 ,  4.468758e+03 ,]
angleInclination_array = [2.443461e+00 , 2.443461e+00 , 2.443461e+00 , 2.443461e+00 , 2.443461e+00 , 2.443461e+00 , 2.443461e+00 , 2.443461e+00 , 2.443461e+00 , 2.443461e+00 , 2.443461e+00 , 2.443461e+00 , 2.443461e+00 , 2.443461e+00 , 2.443461e+00 , 2.443461e+00 , 2.443461e+00 , 2.443461e+00 , 2.443461e+00 , 2.443461e+00 , 2.443461e+00 , 2.443461e+00 , 2.443461e+00 , 2.443461e+00 , 2.443461e+00 , 2.443461e+00 , 2.443461e+00 , 2.443461e+00 , 2.443461e+00 , 2.443461e+00 , 2.443461e+00 , 2.443461e+00 , 2.443461e+00 , 2.443461e+00 , 2.443461e+00 , 2.443461e+00 , 2.443461e+00 , 2.443461e+00 , 2.443461e+00 , 2.443461e+00 , 2.443461e+00 , 2.443461e+00 , 2.443461e+00 , 2.443461e+00 , 2.443461e+00 , 2.443461e+00 , 2.443461e+00 , 2.443461e+00 , 2.443461e+00 , 2.443461e+00 ,]
angleAzimuth_array = [2.094395e+00 , 2.094395e+00 , 2.094395e+00 , 2.094395e+00 , 2.094395e+00 , 2.094395e+00 , 2.094395e+00 , 2.094395e+00 , 2.094395e+00 , 2.094395e+00 , 2.094395e+00 , 2.094395e+00 , 2.094395e+00 , 2.094395e+00 , 2.094395e+00 , 2.094395e+00 , 2.094395e+00 , 2.094395e+00 , 2.094395e+00 , 2.094395e+00 , 2.094395e+00 , 2.094395e+00 , 2.094395e+00 , 2.094395e+00 , 2.094395e+00 , 2.094395e+00 , 2.094395e+00 , 2.094395e+00 , 2.094395e+00 , 2.094395e+00 , 2.094395e+00 , 2.094395e+00 , 2.094395e+00 , 2.094395e+00 , 2.094395e+00 , 2.094395e+00 , 2.094395e+00 , 2.094395e+00 , 2.094395e+00 , 2.094395e+00 , 2.094395e+00 , 2.094395e+00 , 2.094395e+00 , 2.094395e+00 , 2.094395e+00 , 2.094395e+00 , 2.094395e+00 , 2.094395e+00 , 2.094395e+00 , 2.094395e+00 ,]
