% ground truth for sim_inc160_az260.tif
% settings
number_of_spots = 50
pixel_size_nm = 51.200
image_size_nm = 14142.136
image_size_px = 275
wavelength = 500
par.objectiveNA = 2.17
objectiveFocalLength = 770
par.refractiveIndices = [1.310000e+00 , 2.170000e+00 , 2.170000e+00 ,]
par.nDiscretizationBFP = 129
par.backgroundNoise = 0.020
par.nPhotons = 500
positionX_nm_array = [2.856775e+02 , -2.385788e+03 , -1.478696e+02 ,  4.095843e+03 , -4.248383e+03 ,  3.285307e+03 , -4.725516e+03 ,  3.291267e+03 , -4.450216e+03 ,  4.873508e+03 ,  2.695833e+03 ,  4.586877e+03 , -3.867618e+03 ,  1.579131e+03 ,  2.826860e+03 , -1.208892e+03 ,  1.219276e+03 ,  8.867545e+02 ,  2.424864e+03 , -3.039090e+01 , -1.412735e+03 , -2.992405e+03 ,  6.409892e+02 , -1.334988e+03 ,  1.225388e+03 ,  1.761820e+03 , -4.920511e+03 , -6.858725e+02 ,  6.386441e+02 ,  1.228366e+03 ,  2.569096e+03 ,  4.349153e+03 , -4.230139e+03 , -4.127993e+03 , -3.708930e+03 , -1.907122e+03 , -1.383548e+03 ,  4.831272e+03 , -8.636077e+02 , -2.366986e+03 ,  2.764602e+03 ,  1.603803e+03 , -2.583622e+03 , -2.351414e+03 ,  2.635637e+03 , -2.930293e+03 , -2.097745e+02 , -2.273703e+03 , -3.150623e+03 ,  1.209788e+03 ,]
positionY_nm_array = [1.885388e+03 , -4.253758e+03 ,  3.947025e+03 , -3.569458e+03 , -4.279969e+03 ,  1.551854e+02 ,  1.749657e+03 , -1.963614e+03 ,  4.071484e+03 ,  1.105012e+03 ,  3.382364e+03 ,  2.951112e+03 ,  3.230111e+03 , -4.060087e+03 ,  4.618840e+03 , -3.910636e+03 , -3.118802e+03 , -2.063674e+03 ,  1.051362e+03 , -1.551355e+03 , -1.517208e+03 , -3.254888e+03 , -1.989932e+02 , -2.240226e+02 ,  6.480222e+02 , -3.251342e+02 , -2.472461e+02 , -2.906106e+03 , -4.545580e+03 ,  2.742357e+03 ,  2.250418e+03 ,  4.126758e+03 , -2.164157e+03 ,  5.716522e+02 , -3.805056e+02 ,  8.027284e+02 ,  3.347889e+03 , -6.377036e+02 ,  2.454516e+03 ,  3.933049e+03 , -3.412995e+03 ,  4.912531e+03 ,  4.892490e+01 ,  2.194701e+03 , -9.322163e+02 ,  4.914573e+03 ,  7.544011e+02 , -9.711013e+02 ,  1.157989e+03 ,  3.903184e+03 ,]
angleInclination_array = [2.792527e+00 , 2.792527e+00 , 2.792527e+00 , 2.792527e+00 , 2.792527e+00 , 2.792527e+00 , 2.792527e+00 , 2.792527e+00 , 2.792527e+00 , 2.792527e+00 , 2.792527e+00 , 2.792527e+00 , 2.792527e+00 , 2.792527e+00 , 2.792527e+00 , 2.792527e+00 , 2.792527e+00 , 2.792527e+00 , 2.792527e+00 , 2.792527e+00 , 2.792527e+00 , 2.792527e+00 , 2.792527e+00 , 2.792527e+00 , 2.792527e+00 , 2.792527e+00 , 2.792527e+00 , 2.792527e+00 , 2.792527e+00 , 2.792527e+00 , 2.792527e+00 , 2.792527e+00 , 2.792527e+00 , 2.792527e+00 , 2.792527e+00 , 2.792527e+00 , 2.792527e+00 , 2.792527e+00 , 2.792527e+00 , 2.792527e+00 , 2.792527e+00 , 2.792527e+00 , 2.792527e+00 , 2.792527e+00 , 2.792527e+00 , 2.792527e+00 , 2.792527e+00 , 2.792527e+00 , 2.792527e+00 , 2.792527e+00 ,]
angleAzimuth_array = [4.537856e+00 , 4.537856e+00 , 4.537856e+00 , 4.537856e+00 , 4.537856e+00 , 4.537856e+00 , 4.537856e+00 , 4.537856e+00 , 4.537856e+00 , 4.537856e+00 , 4.537856e+00 , 4.537856e+00 , 4.537856e+00 , 4.537856e+00 , 4.537856e+00 , 4.537856e+00 , 4.537856e+00 , 4.537856e+00 , 4.537856e+00 , 4.537856e+00 , 4.537856e+00 , 4.537856e+00 , 4.537856e+00 , 4.537856e+00 , 4.537856e+00 , 4.537856e+00 , 4.537856e+00 , 4.537856e+00 , 4.537856e+00 , 4.537856e+00 , 4.537856e+00 , 4.537856e+00 , 4.537856e+00 , 4.537856e+00 , 4.537856e+00 , 4.537856e+00 , 4.537856e+00 , 4.537856e+00 , 4.537856e+00 , 4.537856e+00 , 4.537856e+00 , 4.537856e+00 , 4.537856e+00 , 4.537856e+00 , 4.537856e+00 , 4.537856e+00 , 4.537856e+00 , 4.537856e+00 , 4.537856e+00 , 4.537856e+00 ,]
