% ground truth for sim_inc180_az260.tif
% settings
number_of_spots = 50
pixel_size_nm = 51.200
image_size_nm = 14142.136
image_size_px = 275
wavelength = 500
par.objectiveNA = 2.17
objectiveFocalLength = 770
par.refractiveIndices = [1.310000e+00 , 2.170000e+00 , 2.170000e+00 ,]
par.nDiscretizationBFP = 129
par.backgroundNoise = 0.020
par.nPhotons = 500
positionX_nm_array = [2.029429e+03 , -2.124750e+03 ,  4.834183e+03 , -4.324829e+03 ,  3.794326e+03 ,  2.902948e+03 ,  4.445115e+02 , -5.544260e+02 ,  1.245071e+03 ,  2.826171e+02 ,  4.097148e+03 ,  5.883040e+02 ,  2.595722e+03 ,  4.643007e+03 ,  8.875869e+02 , -3.431062e+03 ,  4.045403e+03 , -1.675485e+03 ,  4.270712e+02 ,  2.719436e+03 ,  3.805256e+03 , -1.876431e+03 , -1.204136e+03 , -3.742794e+03 ,  3.257217e+03 , -4.857154e+03 ,  3.208125e+02 , -3.735258e+03 ,  4.861892e+03 ,  2.771802e+03 , -4.559178e+03 , -4.039304e+03 ,  4.659613e+03 , -3.208221e+03 ,  1.655269e+03 , -2.430700e+03 ,  4.316019e+03 , -3.918155e+03 , -1.061666e+03 ,  3.947568e+03 , -3.189362e+01 , -2.892766e+02 , -4.193754e+03 ,  1.444849e+03 , -1.872051e+03 ,  2.716382e+03 , -2.969139e+03 , -2.714696e+03 , -2.255703e+03 ,  1.544356e+03 ,]
positionY_nm_array = [2.250498e+03 , -3.036145e+03 , -2.827877e+02 ,  9.361589e+01 , -3.466062e+03 , -4.830987e+03 , -2.504949e+03 ,  8.477411e+01 ,  9.521119e+02 ,  2.117686e+03 ,  5.824050e+02 , -4.351247e+03 ,  3.329528e+01 , -1.387046e+03 , -5.599382e+02 ,  4.857270e+03 ,  2.069431e+03 ,  3.324723e+02 ,  3.556656e+02 , -3.759636e+03 ,  3.585087e+03 ,  1.664279e+03 ,  3.365530e+03 , -1.478586e+03 ,  1.403381e+03 , -4.743652e+03 ,  3.417453e+03 , -3.510589e+03 ,  3.656965e+03 , -1.476963e+03 ,  3.363628e+03 ,  2.209814e+03 , -4.023646e+03 ,  3.239108e+03 ,  3.890305e+03 , -1.281277e+03 , -2.386025e+03 ,  1.124010e+03 ,  4.650668e+03 ,  4.822886e+03 ,  4.750279e+03 , -3.442419e+03 , -2.589649e+03 , -3.232791e+03 , -4.321300e+03 ,  3.458517e+03 , -4.660685e+03 , -1.451599e+02 ,  4.178283e+03 , -4.792670e+03 ,]
angleInclination_array = [3.141593e+00 , 3.141593e+00 , 3.141593e+00 , 3.141593e+00 , 3.141593e+00 , 3.141593e+00 , 3.141593e+00 , 3.141593e+00 , 3.141593e+00 , 3.141593e+00 , 3.141593e+00 , 3.141593e+00 , 3.141593e+00 , 3.141593e+00 , 3.141593e+00 , 3.141593e+00 , 3.141593e+00 , 3.141593e+00 , 3.141593e+00 , 3.141593e+00 , 3.141593e+00 , 3.141593e+00 , 3.141593e+00 , 3.141593e+00 , 3.141593e+00 , 3.141593e+00 , 3.141593e+00 , 3.141593e+00 , 3.141593e+00 , 3.141593e+00 , 3.141593e+00 , 3.141593e+00 , 3.141593e+00 , 3.141593e+00 , 3.141593e+00 , 3.141593e+00 , 3.141593e+00 , 3.141593e+00 , 3.141593e+00 , 3.141593e+00 , 3.141593e+00 , 3.141593e+00 , 3.141593e+00 , 3.141593e+00 , 3.141593e+00 , 3.141593e+00 , 3.141593e+00 , 3.141593e+00 , 3.141593e+00 , 3.141593e+00 ,]
angleAzimuth_array = [4.537856e+00 , 4.537856e+00 , 4.537856e+00 , 4.537856e+00 , 4.537856e+00 , 4.537856e+00 , 4.537856e+00 , 4.537856e+00 , 4.537856e+00 , 4.537856e+00 , 4.537856e+00 , 4.537856e+00 , 4.537856e+00 , 4.537856e+00 , 4.537856e+00 , 4.537856e+00 , 4.537856e+00 , 4.537856e+00 , 4.537856e+00 , 4.537856e+00 , 4.537856e+00 , 4.537856e+00 , 4.537856e+00 , 4.537856e+00 , 4.537856e+00 , 4.537856e+00 , 4.537856e+00 , 4.537856e+00 , 4.537856e+00 , 4.537856e+00 , 4.537856e+00 , 4.537856e+00 , 4.537856e+00 , 4.537856e+00 , 4.537856e+00 , 4.537856e+00 , 4.537856e+00 , 4.537856e+00 , 4.537856e+00 , 4.537856e+00 , 4.537856e+00 , 4.537856e+00 , 4.537856e+00 , 4.537856e+00 , 4.537856e+00 , 4.537856e+00 , 4.537856e+00 , 4.537856e+00 , 4.537856e+00 , 4.537856e+00 ,]
