% ground truth for sim_inc40_az100.tif
% settings
number_of_spots = 50
pixel_size_nm = 51.200
image_size_nm = 14142.136
image_size_px = 275
wavelength = 500
par.objectiveNA = 2.17
objectiveFocalLength = 770
par.refractiveIndices = [1.310000e+00 , 2.170000e+00 , 2.170000e+00 ,]
par.nDiscretizationBFP = 129
par.backgroundNoise = 0.020
par.nPhotons = 500
positionX_nm_array = [-1.433135e+02 ,  3.490712e+03 , -8.642830e+02 ,  1.634315e+03 ,  1.756866e+03 , -1.637489e+03 ,  3.816617e+03 , -2.701710e+03 ,  4.775856e+03 , -4.858221e+03 , -4.793507e+03 ,  3.424480e+03 ,  1.815910e+03 , -6.737985e+01 ,  2.372128e+03 , -2.203906e+03 ,  2.882971e+03 ,  1.296719e+03 ,  3.942958e+03 ,  1.949032e+03 ,  2.204618e+03 , -3.848354e+03 ,  4.486244e+03 , -2.961763e+03 , -3.750463e+03 ,  1.235048e+03 , -9.013130e+01 ,  2.339150e+03 , -2.771888e+03 , -1.064208e+03 , -4.783149e+03 , -1.246773e+03 , -2.587013e+03 ,  3.124887e+03 ,  4.441425e+03 , -1.329833e+03 , -1.133036e+03 ,  4.478700e+03 , -2.618727e+03 , -4.217221e+03 , -4.066009e+03 , -1.594849e+03 ,  4.720180e+03 ,  1.208124e+03 ,  1.278833e+03 ,  7.745285e+02 , -3.236738e+02 ,  3.103871e+03 , -3.610535e+03 ,  4.288282e+03 ,]
positionY_nm_array = [-3.313550e+03 , -2.379249e+03 ,  3.392415e+01 , -1.367351e+03 ,  1.715804e+03 ,  9.556629e+02 , -6.893969e+01 , -1.460747e+03 ,  8.963523e+02 , -4.634877e+03 ,  3.012961e+03 ,  8.831577e+02 , -3.041787e+03 ,  2.474594e+03 ,  3.172969e+03 , -4.191060e+03 ,  2.053479e+03 , -3.934579e+03 ,  3.319828e+03 , -8.773379e+01 , -4.511523e+03 , -3.214120e+02 ,  4.832058e+03 ,  2.032610e+03 ,  3.128316e+03 ,  4.274142e+03 , -1.202417e+03 ,  4.742649e+03 , -2.902307e+03 ,  3.648238e+03 , -1.967532e+03 , -2.733794e+03 ,  4.338317e+02 , -3.991529e+03 , -3.618289e+03 , -1.661639e+03 , -4.842193e+03 , -2.016220e+03 ,  4.193622e+03 , -2.848958e+03 ,  2.053665e+03 ,  2.771124e+03 , -4.629675e+03 , -4.931218e+03 ,  3.232244e+03 , -2.064912e+03 ,  1.089594e+03 , -7.869759e+02 ,  4.674160e+03 , -1.015207e+03 ,]
angleInclination_array = [6.981317e-01 , 6.981317e-01 , 6.981317e-01 , 6.981317e-01 , 6.981317e-01 , 6.981317e-01 , 6.981317e-01 , 6.981317e-01 , 6.981317e-01 , 6.981317e-01 , 6.981317e-01 , 6.981317e-01 , 6.981317e-01 , 6.981317e-01 , 6.981317e-01 , 6.981317e-01 , 6.981317e-01 , 6.981317e-01 , 6.981317e-01 , 6.981317e-01 , 6.981317e-01 , 6.981317e-01 , 6.981317e-01 , 6.981317e-01 , 6.981317e-01 , 6.981317e-01 , 6.981317e-01 , 6.981317e-01 , 6.981317e-01 , 6.981317e-01 , 6.981317e-01 , 6.981317e-01 , 6.981317e-01 , 6.981317e-01 , 6.981317e-01 , 6.981317e-01 , 6.981317e-01 , 6.981317e-01 , 6.981317e-01 , 6.981317e-01 , 6.981317e-01 , 6.981317e-01 , 6.981317e-01 , 6.981317e-01 , 6.981317e-01 , 6.981317e-01 , 6.981317e-01 , 6.981317e-01 , 6.981317e-01 , 6.981317e-01 ,]
angleAzimuth_array = [1.745329e+00 , 1.745329e+00 , 1.745329e+00 , 1.745329e+00 , 1.745329e+00 , 1.745329e+00 , 1.745329e+00 , 1.745329e+00 , 1.745329e+00 , 1.745329e+00 , 1.745329e+00 , 1.745329e+00 , 1.745329e+00 , 1.745329e+00 , 1.745329e+00 , 1.745329e+00 , 1.745329e+00 , 1.745329e+00 , 1.745329e+00 , 1.745329e+00 , 1.745329e+00 , 1.745329e+00 , 1.745329e+00 , 1.745329e+00 , 1.745329e+00 , 1.745329e+00 , 1.745329e+00 , 1.745329e+00 , 1.745329e+00 , 1.745329e+00 , 1.745329e+00 , 1.745329e+00 , 1.745329e+00 , 1.745329e+00 , 1.745329e+00 , 1.745329e+00 , 1.745329e+00 , 1.745329e+00 , 1.745329e+00 , 1.745329e+00 , 1.745329e+00 , 1.745329e+00 , 1.745329e+00 , 1.745329e+00 , 1.745329e+00 , 1.745329e+00 , 1.745329e+00 , 1.745329e+00 , 1.745329e+00 , 1.745329e+00 ,]
