% ground truth for sim_inc60_az320.tif
% settings
number_of_spots = 50
pixel_size_nm = 51.200
image_size_nm = 14142.136
image_size_px = 275
wavelength = 500
par.objectiveNA = 2.17
objectiveFocalLength = 770
par.refractiveIndices = [1.310000e+00 , 2.170000e+00 , 2.170000e+00 ,]
par.nDiscretizationBFP = 129
par.backgroundNoise = 0.020
par.nPhotons = 500
positionX_nm_array = [3.030017e+03 ,  4.354832e+03 , -2.785419e+03 ,  5.829518e+02 , -4.870210e+03 ,  9.145413e+02 , -7.814826e+02 , -1.912229e+03 , -4.303917e+03 , -2.458896e+03 , -1.112795e+03 , -3.789453e+03 ,  3.536250e+03 ,  2.455153e+03 , -4.401374e+03 ,  4.318125e+03 , -1.357669e+03 , -3.206512e+03 ,  3.067107e+03 ,  1.060729e+03 , -3.360288e+03 , -1.247349e+03 , -2.356963e+03 ,  3.983179e+03 ,  2.469338e+03 ,  2.992884e+02 , -2.099939e+03 ,  4.187463e+03 ,  4.116102e+03 , -1.211927e+02 , -5.006654e+02 ,  1.771002e+03 , -2.663540e+03 , -4.904195e+03 , -4.390868e+02 ,  8.112840e+02 ,  1.567392e+03 , -3.930775e+01 , -3.561302e+03 , -2.242626e+03 , -1.387945e+03 , -4.886751e+03 ,  2.788677e+03 ,  8.248669e+02 , -4.394801e+03 ,  4.786062e+03 , -4.587894e+03 , -3.700547e+03 ,  2.751012e+03 , -1.135960e+03 ,]
positionY_nm_array = [1.437520e+02 ,  2.285096e+03 ,  4.607728e+03 , -3.188424e+03 , -5.196450e+02 , -4.991459e+02 , -2.317195e+03 ,  5.904827e+02 , -3.097436e+03 , -2.108483e+03 ,  1.421762e+03 ,  2.755275e+03 ,  4.005407e+03 ,  3.292627e+03 ,  4.173365e+03 , -2.215311e+03 ,  4.109450e+03 ,  1.434983e+03 ,  1.555158e+03 ,  2.015186e+03 ,  4.249143e+02 , -4.533819e+03 , -3.973873e+03 , -3.561821e+03 , -1.984275e+03 ,  2.901243e+02 ,  3.264981e+03 , -1.056705e+03 ,  9.746667e+02 , -4.288457e+03 ,  2.352463e+03 ,  9.328121e+02 , -3.137114e+02 , -4.482445e+03 ,  3.553944e+03 ,  3.277894e+03 , -3.576767e+03 ,  4.521785e+03 , -2.209259e+03 ,  1.799879e+03 , -7.607471e+02 ,  2.890232e+03 , -4.809828e+03 , -1.888446e+03 , -1.433860e+03 ,  3.693211e+03 ,  1.872472e+03 , -4.446400e+03 , -3.687925e+03 , -3.381257e+03 ,]
angleInclination_array = [1.047198e+00 , 1.047198e+00 , 1.047198e+00 , 1.047198e+00 , 1.047198e+00 , 1.047198e+00 , 1.047198e+00 , 1.047198e+00 , 1.047198e+00 , 1.047198e+00 , 1.047198e+00 , 1.047198e+00 , 1.047198e+00 , 1.047198e+00 , 1.047198e+00 , 1.047198e+00 , 1.047198e+00 , 1.047198e+00 , 1.047198e+00 , 1.047198e+00 , 1.047198e+00 , 1.047198e+00 , 1.047198e+00 , 1.047198e+00 , 1.047198e+00 , 1.047198e+00 , 1.047198e+00 , 1.047198e+00 , 1.047198e+00 , 1.047198e+00 , 1.047198e+00 , 1.047198e+00 , 1.047198e+00 , 1.047198e+00 , 1.047198e+00 , 1.047198e+00 , 1.047198e+00 , 1.047198e+00 , 1.047198e+00 , 1.047198e+00 , 1.047198e+00 , 1.047198e+00 , 1.047198e+00 , 1.047198e+00 , 1.047198e+00 , 1.047198e+00 , 1.047198e+00 , 1.047198e+00 , 1.047198e+00 , 1.047198e+00 ,]
angleAzimuth_array = [5.585054e+00 , 5.585054e+00 , 5.585054e+00 , 5.585054e+00 , 5.585054e+00 , 5.585054e+00 , 5.585054e+00 , 5.585054e+00 , 5.585054e+00 , 5.585054e+00 , 5.585054e+00 , 5.585054e+00 , 5.585054e+00 , 5.585054e+00 , 5.585054e+00 , 5.585054e+00 , 5.585054e+00 , 5.585054e+00 , 5.585054e+00 , 5.585054e+00 , 5.585054e+00 , 5.585054e+00 , 5.585054e+00 , 5.585054e+00 , 5.585054e+00 , 5.585054e+00 , 5.585054e+00 , 5.585054e+00 , 5.585054e+00 , 5.585054e+00 , 5.585054e+00 , 5.585054e+00 , 5.585054e+00 , 5.585054e+00 , 5.585054e+00 , 5.585054e+00 , 5.585054e+00 , 5.585054e+00 , 5.585054e+00 , 5.585054e+00 , 5.585054e+00 , 5.585054e+00 , 5.585054e+00 , 5.585054e+00 , 5.585054e+00 , 5.585054e+00 , 5.585054e+00 , 5.585054e+00 , 5.585054e+00 , 5.585054e+00 ,]
