% ground truth for sim_inc60_az300.tif
% settings
number_of_spots = 50
pixel_size_nm = 51.200
image_size_nm = 14142.136
image_size_px = 275
wavelength = 500
par.objectiveNA = 2.17
objectiveFocalLength = 770
par.refractiveIndices = [1.310000e+00 , 2.170000e+00 , 2.170000e+00 ,]
par.nDiscretizationBFP = 129
par.backgroundNoise = 0.020
par.nPhotons = 500
positionX_nm_array = [-2.426397e+03 , -4.596237e+03 ,  9.774246e+02 , -4.830767e+03 , -3.425578e+03 , -1.844962e+03 ,  1.194230e+03 , -1.057926e+03 ,  1.854410e+03 ,  3.061420e+03 , -4.482836e+03 ,  5.316905e+02 , -2.142453e+03 ,  2.485375e+03 ,  2.990858e+03 , -3.159490e+02 ,  2.065184e+03 , -1.696893e+01 ,  4.229912e+03 , -2.624983e+03 ,  2.243097e+03 , -1.593042e+03 , -5.084174e+02 ,  4.381505e+03 , -4.192863e+03 , -4.834743e+03 , -1.048484e+03 , -3.855244e+03 ,  4.654266e+03 ,  3.638678e+03 , -8.265122e+02 ,  3.480211e+03 , -3.256795e+03 ,  3.495837e+03 ,  7.361214e+02 ,  4.591386e+03 , -9.493116e+02 , -2.924466e+03 , -9.616783e+02 ,  1.044769e+03 ,  2.613999e+03 , -3.941196e+03 ,  2.595349e+03 , -4.501422e+03 , -2.458451e+03 ,  1.976520e+02 , -5.988545e+02 ,  1.536609e+03 , -3.279499e+03 ,  1.908649e+03 ,]
positionY_nm_array = [-2.376031e+03 ,  4.870429e+03 , -4.074089e+03 , -8.742714e+02 ,  1.280932e+03 , -3.790960e+03 ,  4.922492e+03 ,  4.039450e+03 ,  3.601017e+03 ,  2.984098e+03 , -1.952011e+03 ,  2.460965e+03 ,  4.375045e+03 ,  1.245991e+03 , -4.189422e+03 ,  1.078604e+03 , -1.698418e+02 , -2.684207e+03 , -2.142663e+03 ,  2.755985e+03 , -3.256490e+03 , -2.089673e+02 , -4.441775e+02 ,  1.374152e+03 , -4.588257e+03 , -3.645464e+03 ,  1.766222e+03 ,  3.612976e+03 ,  4.793974e+01 , -3.189875e+03 , -1.541179e+03 , -4.905104e+02 ,  4.487050e+03 ,  4.175264e+03 , -1.461492e+03 ,  2.638519e+03 ,  2.949233e+03 , -1.331173e+00 , -3.260423e+03 ,  2.971446e+02 , -1.691415e+03 , -3.132904e+03 ,  4.759236e+03 ,  5.984704e+02 , -4.842950e+03 ,  4.073443e+03 , -4.559351e+03 , -2.225249e+03 , -1.283669e+03 , -4.907552e+03 ,]
angleInclination_array = [1.047198e+00 , 1.047198e+00 , 1.047198e+00 , 1.047198e+00 , 1.047198e+00 , 1.047198e+00 , 1.047198e+00 , 1.047198e+00 , 1.047198e+00 , 1.047198e+00 , 1.047198e+00 , 1.047198e+00 , 1.047198e+00 , 1.047198e+00 , 1.047198e+00 , 1.047198e+00 , 1.047198e+00 , 1.047198e+00 , 1.047198e+00 , 1.047198e+00 , 1.047198e+00 , 1.047198e+00 , 1.047198e+00 , 1.047198e+00 , 1.047198e+00 , 1.047198e+00 , 1.047198e+00 , 1.047198e+00 , 1.047198e+00 , 1.047198e+00 , 1.047198e+00 , 1.047198e+00 , 1.047198e+00 , 1.047198e+00 , 1.047198e+00 , 1.047198e+00 , 1.047198e+00 , 1.047198e+00 , 1.047198e+00 , 1.047198e+00 , 1.047198e+00 , 1.047198e+00 , 1.047198e+00 , 1.047198e+00 , 1.047198e+00 , 1.047198e+00 , 1.047198e+00 , 1.047198e+00 , 1.047198e+00 , 1.047198e+00 ,]
angleAzimuth_array = [5.235988e+00 , 5.235988e+00 , 5.235988e+00 , 5.235988e+00 , 5.235988e+00 , 5.235988e+00 , 5.235988e+00 , 5.235988e+00 , 5.235988e+00 , 5.235988e+00 , 5.235988e+00 , 5.235988e+00 , 5.235988e+00 , 5.235988e+00 , 5.235988e+00 , 5.235988e+00 , 5.235988e+00 , 5.235988e+00 , 5.235988e+00 , 5.235988e+00 , 5.235988e+00 , 5.235988e+00 , 5.235988e+00 , 5.235988e+00 , 5.235988e+00 , 5.235988e+00 , 5.235988e+00 , 5.235988e+00 , 5.235988e+00 , 5.235988e+00 , 5.235988e+00 , 5.235988e+00 , 5.235988e+00 , 5.235988e+00 , 5.235988e+00 , 5.235988e+00 , 5.235988e+00 , 5.235988e+00 , 5.235988e+00 , 5.235988e+00 , 5.235988e+00 , 5.235988e+00 , 5.235988e+00 , 5.235988e+00 , 5.235988e+00 , 5.235988e+00 , 5.235988e+00 , 5.235988e+00 , 5.235988e+00 , 5.235988e+00 ,]
