% ground truth for sim_inc120_az320.tif
% settings
number_of_spots = 50
pixel_size_nm = 51.200
image_size_nm = 14142.136
image_size_px = 275
wavelength = 500
par.objectiveNA = 2.17
objectiveFocalLength = 770
par.refractiveIndices = [1.310000e+00 , 2.170000e+00 , 2.170000e+00 ,]
par.nDiscretizationBFP = 129
par.backgroundNoise = 0.020
par.nPhotons = 500
positionX_nm_array = [9.058981e+01 ,  8.334609e+01 ,  4.454643e+03 , -1.392331e+03 , -5.446654e+02 , -1.141821e+03 , -2.641516e+03 ,  4.755355e+03 ,  1.037372e+03 ,  3.801389e+03 ,  1.349408e+03 , -4.078797e+03 ,  3.533507e+03 , -3.597610e+03 ,  2.973234e+03 ,  2.436057e+03 , -4.375255e+03 , -1.636699e+03 , -3.852007e+03 , -1.614893e+02 ,  2.425011e+03 ,  4.807883e+03 , -3.093358e+03 , -3.455414e+03 , -3.212803e+02 ,  2.105573e+03 , -3.376096e+03 , -4.694031e+03 , -1.588986e+03 , -1.328251e+03 ,  1.066046e+03 , -1.747444e+03 ,  3.006466e+03 , -4.928750e+03 ,  2.652720e+03 , -4.534628e+03 ,  4.934054e+03 , -1.789811e+03 ,  1.953315e+03 ,  1.167327e+03 , -2.695425e+03 ,  3.341224e+03 , -3.138451e+03 , -3.888855e+02 , -2.702385e+03 , -1.148219e+02 ,  4.476706e+03 , -2.635478e+03 ,  3.752523e+03 ,  7.697474e+02 ,]
positionY_nm_array = [-4.866736e+03 ,  3.815423e+03 , -1.451645e+03 , -3.804382e+03 , -6.965003e+02 ,  2.531761e+03 , -2.625148e+03 , -3.388053e+03 ,  1.053127e+03 , -2.504204e+03 , -2.627435e+02 ,  3.325523e+03 , -5.593610e+02 ,  4.828019e+02 ,  3.198174e+03 ,  4.647757e+03 ,  1.481400e+03 ,  4.004968e+02 , -4.456021e+03 ,  7.139861e+02 ,  1.243764e+03 ,  1.777948e+03 ,  3.019869e+03 , -1.038219e+03 , -2.721031e+03 , -4.923261e+03 ,  1.950498e+03 , -8.073777e+02 , -2.812022e+03 , -4.862529e+03 ,  2.155739e+03 , -8.706368e+02 , -4.114112e+03 ,  4.563895e+03 , -2.963669e+01 , -2.448990e+03 ,  2.799235e+03 ,  3.744003e+03 , -2.353018e+03 , -3.998140e+03 , -4.843207e+03 ,  2.108572e+03 , -3.724064e+03 ,  4.807044e+03 ,  4.435908e+03 ,  2.030604e+03 , -1.175123e+02 ,  1.167240e+03 ,  4.187561e+03 ,  4.719611e+03 ,]
angleInclination_array = [2.094395e+00 , 2.094395e+00 , 2.094395e+00 , 2.094395e+00 , 2.094395e+00 , 2.094395e+00 , 2.094395e+00 , 2.094395e+00 , 2.094395e+00 , 2.094395e+00 , 2.094395e+00 , 2.094395e+00 , 2.094395e+00 , 2.094395e+00 , 2.094395e+00 , 2.094395e+00 , 2.094395e+00 , 2.094395e+00 , 2.094395e+00 , 2.094395e+00 , 2.094395e+00 , 2.094395e+00 , 2.094395e+00 , 2.094395e+00 , 2.094395e+00 , 2.094395e+00 , 2.094395e+00 , 2.094395e+00 , 2.094395e+00 , 2.094395e+00 , 2.094395e+00 , 2.094395e+00 , 2.094395e+00 , 2.094395e+00 , 2.094395e+00 , 2.094395e+00 , 2.094395e+00 , 2.094395e+00 , 2.094395e+00 , 2.094395e+00 , 2.094395e+00 , 2.094395e+00 , 2.094395e+00 , 2.094395e+00 , 2.094395e+00 , 2.094395e+00 , 2.094395e+00 , 2.094395e+00 , 2.094395e+00 , 2.094395e+00 ,]
angleAzimuth_array = [5.585054e+00 , 5.585054e+00 , 5.585054e+00 , 5.585054e+00 , 5.585054e+00 , 5.585054e+00 , 5.585054e+00 , 5.585054e+00 , 5.585054e+00 , 5.585054e+00 , 5.585054e+00 , 5.585054e+00 , 5.585054e+00 , 5.585054e+00 , 5.585054e+00 , 5.585054e+00 , 5.585054e+00 , 5.585054e+00 , 5.585054e+00 , 5.585054e+00 , 5.585054e+00 , 5.585054e+00 , 5.585054e+00 , 5.585054e+00 , 5.585054e+00 , 5.585054e+00 , 5.585054e+00 , 5.585054e+00 , 5.585054e+00 , 5.585054e+00 , 5.585054e+00 , 5.585054e+00 , 5.585054e+00 , 5.585054e+00 , 5.585054e+00 , 5.585054e+00 , 5.585054e+00 , 5.585054e+00 , 5.585054e+00 , 5.585054e+00 , 5.585054e+00 , 5.585054e+00 , 5.585054e+00 , 5.585054e+00 , 5.585054e+00 , 5.585054e+00 , 5.585054e+00 , 5.585054e+00 , 5.585054e+00 , 5.585054e+00 ,]
