% ground truth for sim_inc110_az340.tif
% settings
number_of_spots = 50
pixel_size_nm = 51.200
image_size_nm = 14142.136
image_size_px = 275
wavelength = 500
par.objectiveNA = 2.17
objectiveFocalLength = 770
par.refractiveIndices = [1.310000e+00 , 2.170000e+00 , 2.170000e+00 ,]
par.nDiscretizationBFP = 129
par.backgroundNoise = 0.020
par.nPhotons = 500
positionX_nm_array = [-2.819235e+03 ,  4.672456e+03 , -4.503120e+03 , -2.522146e+03 ,  2.662585e+03 , -1.877218e+03 ,  7.168589e+02 ,  1.052765e+03 , -3.953734e+01 , -3.159921e+03 , -3.481181e+03 , -3.458125e+03 , -3.898605e+03 , -4.577291e+03 , -4.698110e+03 ,  4.122578e+03 ,  1.422149e+03 , -4.797591e+03 ,  2.366954e+03 ,  3.249008e+03 , -1.100559e+03 , -1.265314e+03 ,  4.263951e+03 , -4.310510e+02 ,  2.833286e+03 ,  1.338053e+03 ,  4.252988e+03 ,  1.415321e+02 ,  3.666966e+03 , -1.193787e+03 ,  2.036971e+03 , -9.539875e+02 ,  7.329733e+02 ,  4.274314e+03 , -2.994343e+03 ,  5.236735e+02 , -1.128923e+03 ,  3.692507e+03 , -2.143938e+03 ,  4.073053e+02 ,  3.299646e+03 , -2.158515e+03 , -2.566011e+02 , -4.429364e+03 , -1.572316e+03 ,  1.689936e+03 ,  2.618620e+03 , -2.870405e+03 ,  4.681443e+03 , -2.168743e+03 ,]
positionY_nm_array = [1.902818e+03 , -2.361992e+03 ,  3.716664e+03 , -1.275568e+03 ,  1.568873e+03 , -3.913469e+01 , -3.352193e+03 ,  2.624548e+03 , -4.491686e+03 , -4.068851e+03 , -9.872996e+02 ,  3.810541e+03 , -2.366774e+03 ,  2.191440e+03 ,  9.825947e+02 , -3.487131e+03 , -4.333233e+02 , -3.071738e+03 ,  2.095403e+02 ,  3.331548e+03 ,  4.903772e+03 ,  1.884360e+03 ,  2.092703e+03 ,  9.481225e+02 , -1.613887e+03 , -2.430022e+03 ,  3.676216e+03 , -5.920050e+02 , -4.398662e+03 ,  3.151633e+03 , -4.147505e+03 , -3.065565e+03 ,  3.625378e+03 , -2.986962e+02 ,  1.601639e+02 ,  4.688465e+03 , -7.707562e+02 ,  5.543815e+02 , -3.931374e+03 , -1.773108e+03 ,  4.686551e+03 ,  1.026675e+03 ,  2.238711e+03 , -4.043623e+03 , -4.839370e+03 ,  1.232872e+03 , -2.854763e+03 , -2.659903e+03 , -4.916665e+03 ,  3.832341e+03 ,]
angleInclination_array = [1.919862e+00 , 1.919862e+00 , 1.919862e+00 , 1.919862e+00 , 1.919862e+00 , 1.919862e+00 , 1.919862e+00 , 1.919862e+00 , 1.919862e+00 , 1.919862e+00 , 1.919862e+00 , 1.919862e+00 , 1.919862e+00 , 1.919862e+00 , 1.919862e+00 , 1.919862e+00 , 1.919862e+00 , 1.919862e+00 , 1.919862e+00 , 1.919862e+00 , 1.919862e+00 , 1.919862e+00 , 1.919862e+00 , 1.919862e+00 , 1.919862e+00 , 1.919862e+00 , 1.919862e+00 , 1.919862e+00 , 1.919862e+00 , 1.919862e+00 , 1.919862e+00 , 1.919862e+00 , 1.919862e+00 , 1.919862e+00 , 1.919862e+00 , 1.919862e+00 , 1.919862e+00 , 1.919862e+00 , 1.919862e+00 , 1.919862e+00 , 1.919862e+00 , 1.919862e+00 , 1.919862e+00 , 1.919862e+00 , 1.919862e+00 , 1.919862e+00 , 1.919862e+00 , 1.919862e+00 , 1.919862e+00 , 1.919862e+00 ,]
angleAzimuth_array = [5.934119e+00 , 5.934119e+00 , 5.934119e+00 , 5.934119e+00 , 5.934119e+00 , 5.934119e+00 , 5.934119e+00 , 5.934119e+00 , 5.934119e+00 , 5.934119e+00 , 5.934119e+00 , 5.934119e+00 , 5.934119e+00 , 5.934119e+00 , 5.934119e+00 , 5.934119e+00 , 5.934119e+00 , 5.934119e+00 , 5.934119e+00 , 5.934119e+00 , 5.934119e+00 , 5.934119e+00 , 5.934119e+00 , 5.934119e+00 , 5.934119e+00 , 5.934119e+00 , 5.934119e+00 , 5.934119e+00 , 5.934119e+00 , 5.934119e+00 , 5.934119e+00 , 5.934119e+00 , 5.934119e+00 , 5.934119e+00 , 5.934119e+00 , 5.934119e+00 , 5.934119e+00 , 5.934119e+00 , 5.934119e+00 , 5.934119e+00 , 5.934119e+00 , 5.934119e+00 , 5.934119e+00 , 5.934119e+00 , 5.934119e+00 , 5.934119e+00 , 5.934119e+00 , 5.934119e+00 , 5.934119e+00 , 5.934119e+00 ,]
