% ground truth for sim_inc170_az0.tif
% settings
number_of_spots = 50
pixel_size_nm = 51.200
image_size_nm = 14142.136
image_size_px = 275
wavelength = 500
par.objectiveNA = 2.17
objectiveFocalLength = 770
par.refractiveIndices = [1.310000e+00 , 2.170000e+00 , 2.170000e+00 ,]
par.nDiscretizationBFP = 129
par.backgroundNoise = 0.020
par.nPhotons = 500
positionX_nm_array = [-3.802149e+03 ,  3.747901e+02 , -9.511505e+02 , -3.963577e+03 , -1.718614e+03 , -2.856677e+03 , -1.324288e+03 , -4.154220e+03 , -8.174486e+02 , -1.448654e+03 ,  3.196947e+03 , -2.767332e+03 , -1.037589e+03 , -2.168293e+02 , -3.410703e+03 ,  1.320345e+03 , -4.870639e+03 ,  1.903485e+03 ,  2.480563e+03 , -4.107450e+03 ,  2.103565e+03 ,  4.790774e+03 ,  1.709541e+03 , -4.421015e+02 ,  4.907826e+03 ,  3.593589e+03 ,  4.668357e+03 ,  3.382261e+03 ,  1.232271e+03 , -3.800279e+03 , -2.038129e+03 ,  2.561615e+03 , -2.728435e+03 ,  3.715752e+03 ,  4.564968e+03 ,  3.853590e+03 ,  4.781885e+03 ,  4.134557e+03 , -4.456321e+03 ,  5.886954e+01 ,  5.634576e+02 , -2.962109e+03 ,  2.783122e+02 ,  3.516301e+02 , -2.103877e+03 ,  2.829883e+03 ,  1.542328e+03 ,  2.293697e+03 ,  1.299078e+03 ,  4.746846e+03 ,]
positionY_nm_array = [4.522472e+03 ,  3.272588e+03 , -4.339763e+03 , -2.053635e+03 ,  4.194064e+03 , -9.466998e+02 ,  3.708007e+02 ,  1.859358e+03 ,  4.880198e+03 ,  2.458222e+03 , -2.365317e+03 ,  7.860065e+02 , -3.048647e+03 , -1.786295e+02 , -3.033070e+03 , -2.275074e+02 , -2.802436e+02 ,  4.486254e+03 ,  2.320399e+03 ,  4.765425e+02 , -2.241545e+03 , -3.605544e+03 , -4.430318e+03 , -2.105575e+03 ,  1.353225e+03 , -9.655316e+02 ,  2.366631e+03 ,  4.775184e+03 ,  1.013803e+03 , -4.569145e+03 , -3.466192e+03 ,  2.525962e+02 , -4.263119e+03 ,  1.704321e+03 , -2.186616e+03 ,  3.024575e+03 , -4.628868e+03 ,  5.742067e+02 , -3.811557e+03 , -3.237098e+03 , -2.235763e+03 ,  2.764828e+03 ,  1.461932e+03 , -1.145600e+03 , -2.275367e+03 , -3.991551e+03 , -3.314516e+03 , -7.620298e+02 ,  2.683263e+03 ,  3.765707e+03 ,]
angleInclination_array = [2.967060e+00 , 2.967060e+00 , 2.967060e+00 , 2.967060e+00 , 2.967060e+00 , 2.967060e+00 , 2.967060e+00 , 2.967060e+00 , 2.967060e+00 , 2.967060e+00 , 2.967060e+00 , 2.967060e+00 , 2.967060e+00 , 2.967060e+00 , 2.967060e+00 , 2.967060e+00 , 2.967060e+00 , 2.967060e+00 , 2.967060e+00 , 2.967060e+00 , 2.967060e+00 , 2.967060e+00 , 2.967060e+00 , 2.967060e+00 , 2.967060e+00 , 2.967060e+00 , 2.967060e+00 , 2.967060e+00 , 2.967060e+00 , 2.967060e+00 , 2.967060e+00 , 2.967060e+00 , 2.967060e+00 , 2.967060e+00 , 2.967060e+00 , 2.967060e+00 , 2.967060e+00 , 2.967060e+00 , 2.967060e+00 , 2.967060e+00 , 2.967060e+00 , 2.967060e+00 , 2.967060e+00 , 2.967060e+00 , 2.967060e+00 , 2.967060e+00 , 2.967060e+00 , 2.967060e+00 , 2.967060e+00 , 2.967060e+00 ,]
angleAzimuth_array = [0 , 0 , 0 , 0 , 0 , 0 , 0 , 0 , 0 , 0 , 0 , 0 , 0 , 0 , 0 , 0 , 0 , 0 , 0 , 0 , 0 , 0 , 0 , 0 , 0 , 0 , 0 , 0 , 0 , 0 , 0 , 0 , 0 , 0 , 0 , 0 , 0 , 0 , 0 , 0 , 0 , 0 , 0 , 0 , 0 , 0 , 0 , 0 , 0 , 0 ,]
