% ground truth for sim_inc160_az360.tif
% settings
number_of_spots = 50
pixel_size_nm = 51.200
image_size_nm = 14142.136
image_size_px = 275
wavelength = 500
par.objectiveNA = 2.17
objectiveFocalLength = 770
par.refractiveIndices = [1.310000e+00 , 2.170000e+00 , 2.170000e+00 ,]
par.nDiscretizationBFP = 129
par.backgroundNoise = 0.020
par.nPhotons = 500
positionX_nm_array = [-4.799051e+02 ,  3.669744e+03 , -4.698485e+03 ,  5.634989e+02 ,  3.207456e+03 , -3.481047e+03 , -3.507925e+02 ,  4.915247e+03 ,  3.319039e+03 ,  3.855280e+03 , -3.317653e+03 , -2.380038e+01 ,  1.259200e+03 , -1.425305e+03 ,  1.351793e+03 ,  1.075237e+03 , -3.453484e+03 , -2.099788e+03 , -4.513100e+03 ,  4.959173e+02 , -2.339840e+03 , -2.184855e+03 ,  1.627824e+03 , -2.274986e+02 , -2.514620e+03 ,  1.522411e+03 , -4.586501e+03 ,  3.042306e+03 ,  3.754357e+03 , -6.309464e+02 , -4.465632e+03 ,  2.143033e+03 ,  4.522155e+03 ,  4.723540e+03 , -6.914805e+02 ,  2.401736e+03 , -1.318943e+03 , -4.885027e+03 ,  4.598125e+03 , -3.812936e+03 , -2.027717e+03 ,  3.260403e+03 ,  2.745546e+03 ,  2.039816e+03 ,  2.622232e+03 , -4.788858e+03 ,  6.372100e+02 , -3.200391e+03 , -3.575337e+03 ,  3.897683e+03 ,]
positionY_nm_array = [7.312245e+02 ,  3.534518e+03 ,  7.136539e+01 ,  1.546415e+03 , -5.430306e+02 , -2.334759e+03 , -8.428928e+02 , -3.786795e+03 , -4.731356e+03 , -3.604256e+03 ,  2.425150e+03 ,  4.144199e+03 , -1.163258e+03 , -3.638419e+02 , -2.618939e+03 ,  3.500834e+03 , -6.035424e+02 , -2.568938e+03 ,  2.848033e+03 , -4.119284e+03 ,  3.402394e+03 ,  2.114522e+03 ,  4.337367e+03 , -2.053189e+03 ,  4.736898e+03 ,  2.490824e+03 , -1.810095e+03 ,  2.171574e+03 ,  8.292045e+02 ,  2.897454e+03 , -3.203159e+03 ,  6.083857e+02 ,  1.562737e+03 , -6.854169e+02 , -3.706091e+03 ,  2.979600e+03 , -1.876368e+03 ,  1.107449e+03 ,  4.195891e+03 ,  1.207421e+03 , -4.028085e+03 ,  4.714778e+03 , -1.923824e+03 , -4.789270e+03 , -3.885385e+03 , -4.355391e+03 ,  2.492114e+01 , -4.195209e+03 ,  4.938901e+03 , -1.276116e+03 ,]
angleInclination_array = [2.792527e+00 , 2.792527e+00 , 2.792527e+00 , 2.792527e+00 , 2.792527e+00 , 2.792527e+00 , 2.792527e+00 , 2.792527e+00 , 2.792527e+00 , 2.792527e+00 , 2.792527e+00 , 2.792527e+00 , 2.792527e+00 , 2.792527e+00 , 2.792527e+00 , 2.792527e+00 , 2.792527e+00 , 2.792527e+00 , 2.792527e+00 , 2.792527e+00 , 2.792527e+00 , 2.792527e+00 , 2.792527e+00 , 2.792527e+00 , 2.792527e+00 , 2.792527e+00 , 2.792527e+00 , 2.792527e+00 , 2.792527e+00 , 2.792527e+00 , 2.792527e+00 , 2.792527e+00 , 2.792527e+00 , 2.792527e+00 , 2.792527e+00 , 2.792527e+00 , 2.792527e+00 , 2.792527e+00 , 2.792527e+00 , 2.792527e+00 , 2.792527e+00 , 2.792527e+00 , 2.792527e+00 , 2.792527e+00 , 2.792527e+00 , 2.792527e+00 , 2.792527e+00 , 2.792527e+00 , 2.792527e+00 , 2.792527e+00 ,]
angleAzimuth_array = [6.283185e+00 , 6.283185e+00 , 6.283185e+00 , 6.283185e+00 , 6.283185e+00 , 6.283185e+00 , 6.283185e+00 , 6.283185e+00 , 6.283185e+00 , 6.283185e+00 , 6.283185e+00 , 6.283185e+00 , 6.283185e+00 , 6.283185e+00 , 6.283185e+00 , 6.283185e+00 , 6.283185e+00 , 6.283185e+00 , 6.283185e+00 , 6.283185e+00 , 6.283185e+00 , 6.283185e+00 , 6.283185e+00 , 6.283185e+00 , 6.283185e+00 , 6.283185e+00 , 6.283185e+00 , 6.283185e+00 , 6.283185e+00 , 6.283185e+00 , 6.283185e+00 , 6.283185e+00 , 6.283185e+00 , 6.283185e+00 , 6.283185e+00 , 6.283185e+00 , 6.283185e+00 , 6.283185e+00 , 6.283185e+00 , 6.283185e+00 , 6.283185e+00 , 6.283185e+00 , 6.283185e+00 , 6.283185e+00 , 6.283185e+00 , 6.283185e+00 , 6.283185e+00 , 6.283185e+00 , 6.283185e+00 , 6.283185e+00 ,]
