% ground truth for sim_inc130_az260.tif
% settings
number_of_spots = 50
pixel_size_nm = 51.200
image_size_nm = 14142.136
image_size_px = 275
wavelength = 500
par.objectiveNA = 2.17
objectiveFocalLength = 770
par.refractiveIndices = [1.310000e+00 , 2.170000e+00 , 2.170000e+00 ,]
par.nDiscretizationBFP = 129
par.backgroundNoise = 0.020
par.nPhotons = 500
positionX_nm_array = [2.171850e+03 , -9.588575e+02 , -3.183377e+03 ,  3.122767e+03 , -2.547051e+03 ,  1.030703e+03 ,  4.781514e+03 , -4.185692e+03 , -1.996223e+03 ,  3.647638e+03 ,  2.417116e+02 ,  1.676599e+03 ,  4.087337e+03 , -3.715591e+03 ,  4.196791e+03 ,  3.691609e+02 , -1.364727e+03 ,  9.406214e-01 , -4.348591e+03 , -4.527809e+03 , -7.746444e+02 , -4.718488e+03 , -2.371492e+02 ,  2.726146e+02 ,  1.737549e+03 , -2.396637e+03 ,  4.206278e+02 ,  3.162678e+03 , -3.410503e+03 ,  2.684210e+03 , -2.610096e+03 ,  2.053988e+03 , -3.852638e+03 , -2.572417e+03 , -2.837060e+03 ,  3.440853e+03 , -1.728071e+03 ,  4.803763e+03 , -4.717564e+03 ,  1.116927e+03 ,  3.579295e+03 ,  7.242377e+02 , -2.478735e+03 , -1.011218e+03 , -5.279758e+02 ,  1.855827e+03 ,  4.941008e+03 ,  5.002568e+02 ,  4.386173e+03 ,  3.294409e+03 ,]
positionY_nm_array = [2.015526e+03 ,  2.777607e+03 ,  2.673961e+03 ,  3.541960e+03 , -4.427443e+03 ,  3.525794e+03 ,  1.240014e+03 ,  3.890257e+03 ,  3.847183e+03 ,  3.452454e+02 ,  4.418797e+03 , -4.635494e+03 ,  3.023588e+03 , -1.087506e+03 , -5.363265e+02 , -1.975530e+03 ,  3.251708e+02 ,  6.159246e+01 ,  1.645502e+02 , -1.869044e+03 , -4.194107e+03 ,  1.615171e+03 ,  1.593106e+03 , -3.042920e+03 , -2.959049e+03 , -3.247777e+03 , -4.705831e+03 , -4.004990e+03 , -2.312815e+03 , -1.432060e+03 ,  4.745979e+03 ,  4.827543e+03 , -3.680798e+03 , -1.274389e+03 ,  1.053917e+03 ,  1.516446e+03 ,  2.085574e+03 , -2.506247e+03 , -4.625415e+03 , -1.704169e+02 , -2.461728e+03 ,  1.123657e+03 ,  4.125188e+01 , -3.026208e+03 , -1.522003e+03 ,  7.625622e+02 , -4.645722e+03 ,  2.457661e+03 ,  4.344091e+03 ,  4.666081e+03 ,]
angleInclination_array = [2.268928e+00 , 2.268928e+00 , 2.268928e+00 , 2.268928e+00 , 2.268928e+00 , 2.268928e+00 , 2.268928e+00 , 2.268928e+00 , 2.268928e+00 , 2.268928e+00 , 2.268928e+00 , 2.268928e+00 , 2.268928e+00 , 2.268928e+00 , 2.268928e+00 , 2.268928e+00 , 2.268928e+00 , 2.268928e+00 , 2.268928e+00 , 2.268928e+00 , 2.268928e+00 , 2.268928e+00 , 2.268928e+00 , 2.268928e+00 , 2.268928e+00 , 2.268928e+00 , 2.268928e+00 , 2.268928e+00 , 2.268928e+00 , 2.268928e+00 , 2.268928e+00 , 2.268928e+00 , 2.268928e+00 , 2.268928e+00 , 2.268928e+00 , 2.268928e+00 , 2.268928e+00 , 2.268928e+00 , 2.268928e+00 , 2.268928e+00 , 2.268928e+00 , 2.268928e+00 , 2.268928e+00 , 2.268928e+00 , 2.268928e+00 , 2.268928e+00 , 2.268928e+00 , 2.268928e+00 , 2.268928e+00 , 2.268928e+00 ,]
angleAzimuth_array = [4.537856e+00 , 4.537856e+00 , 4.537856e+00 , 4.537856e+00 , 4.537856e+00 , 4.537856e+00 , 4.537856e+00 , 4.537856e+00 , 4.537856e+00 , 4.537856e+00 , 4.537856e+00 , 4.537856e+00 , 4.537856e+00 , 4.537856e+00 , 4.537856e+00 , 4.537856e+00 , 4.537856e+00 , 4.537856e+00 , 4.537856e+00 , 4.537856e+00 , 4.537856e+00 , 4.537856e+00 , 4.537856e+00 , 4.537856e+00 , 4.537856e+00 , 4.537856e+00 , 4.537856e+00 , 4.537856e+00 , 4.537856e+00 , 4.537856e+00 , 4.537856e+00 , 4.537856e+00 , 4.537856e+00 , 4.537856e+00 , 4.537856e+00 , 4.537856e+00 , 4.537856e+00 , 4.537856e+00 , 4.537856e+00 , 4.537856e+00 , 4.537856e+00 , 4.537856e+00 , 4.537856e+00 , 4.537856e+00 , 4.537856e+00 , 4.537856e+00 , 4.537856e+00 , 4.537856e+00 , 4.537856e+00 , 4.537856e+00 ,]
