% ground truth for sim_inc80_az280.tif
% settings
number_of_spots = 50
pixel_size_nm = 51.200
image_size_nm = 14142.136
image_size_px = 275
wavelength = 500
par.objectiveNA = 2.17
objectiveFocalLength = 770
par.refractiveIndices = [1.310000e+00 , 2.170000e+00 , 2.170000e+00 ,]
par.nDiscretizationBFP = 129
par.backgroundNoise = 0.020
par.nPhotons = 500
positionX_nm_array = [2.289777e+03 , -4.845883e+03 ,  2.231497e+03 , -4.504701e+03 , -3.206459e+03 , -4.314819e+03 , -2.728546e+03 , -2.019246e+03 ,  1.254549e+03 ,  2.083729e+03 ,  1.112314e+03 , -4.154058e+03 ,  2.753897e+03 , -1.190634e+03 , -6.800775e+02 , -4.866113e+03 ,  4.310876e+03 ,  5.187146e+02 , -2.878770e+03 , -4.397040e+03 , -6.162832e+02 ,  3.090897e+03 ,  3.176333e+02 , -5.538072e+02 ,  6.126495e+02 ,  4.451547e+03 , -9.703433e+01 , -3.616315e+03 , -3.969218e+03 ,  4.340859e+03 , -4.522854e+03 ,  4.813817e+03 , -1.827116e+03 ,  2.340282e+03 , -1.793577e+03 , -4.532996e+03 ,  3.881200e+03 ,  1.595628e+03 ,  3.357936e+03 ,  4.740168e+03 ,  5.405049e+02 , -6.727206e+02 , -2.776780e+03 , -2.817535e+03 , -2.040028e+03 ,  2.343149e+03 , -6.904849e+02 , -1.879411e+03 ,  3.601826e+03 , -1.412625e+03 ,]
positionY_nm_array = [-8.457724e+02 , -8.467015e+00 ,  1.805824e+03 ,  2.787835e+03 ,  4.868298e+03 ,  4.819103e+03 , -1.972320e+03 , -3.159259e+03 ,  8.863712e+02 ,  3.157429e+03 ,  2.218525e+03 , -3.949562e+03 ,  1.342166e+02 , -4.080410e+03 ,  1.866835e+03 , -1.174236e+03 ,  3.408563e+03 , -2.675057e+03 ,  8.075204e+02 , -4.938129e+03 ,  2.956074e+03 , -4.360613e+03 , -4.489735e+03 , -2.322636e+03 ,  3.687619e+03 , -3.018080e+03 ,  9.028513e+02 , -3.752681e+02 , -1.923092e+03 ,  1.378215e+03 ,  3.829935e+03 , -1.054698e+03 ,  3.726069e+03 ,  4.432269e+03 ,  4.228877e-01 ,  1.124505e+03 ,  1.330576e+02 , -4.566091e+03 ,  2.985390e+03 ,  4.747674e+03 , -1.330784e+03 , -4.824785e+02 , -4.257249e+03 ,  2.628246e+03 ,  4.709604e+03 , -1.856154e+03 ,  4.509894e+03 ,  1.140072e+03 , -2.013886e+03 , -1.248124e+03 ,]
angleInclination_array = [1.396263e+00 , 1.396263e+00 , 1.396263e+00 , 1.396263e+00 , 1.396263e+00 , 1.396263e+00 , 1.396263e+00 , 1.396263e+00 , 1.396263e+00 , 1.396263e+00 , 1.396263e+00 , 1.396263e+00 , 1.396263e+00 , 1.396263e+00 , 1.396263e+00 , 1.396263e+00 , 1.396263e+00 , 1.396263e+00 , 1.396263e+00 , 1.396263e+00 , 1.396263e+00 , 1.396263e+00 , 1.396263e+00 , 1.396263e+00 , 1.396263e+00 , 1.396263e+00 , 1.396263e+00 , 1.396263e+00 , 1.396263e+00 , 1.396263e+00 , 1.396263e+00 , 1.396263e+00 , 1.396263e+00 , 1.396263e+00 , 1.396263e+00 , 1.396263e+00 , 1.396263e+00 , 1.396263e+00 , 1.396263e+00 , 1.396263e+00 , 1.396263e+00 , 1.396263e+00 , 1.396263e+00 , 1.396263e+00 , 1.396263e+00 , 1.396263e+00 , 1.396263e+00 , 1.396263e+00 , 1.396263e+00 , 1.396263e+00 ,]
angleAzimuth_array = [4.886922e+00 , 4.886922e+00 , 4.886922e+00 , 4.886922e+00 , 4.886922e+00 , 4.886922e+00 , 4.886922e+00 , 4.886922e+00 , 4.886922e+00 , 4.886922e+00 , 4.886922e+00 , 4.886922e+00 , 4.886922e+00 , 4.886922e+00 , 4.886922e+00 , 4.886922e+00 , 4.886922e+00 , 4.886922e+00 , 4.886922e+00 , 4.886922e+00 , 4.886922e+00 , 4.886922e+00 , 4.886922e+00 , 4.886922e+00 , 4.886922e+00 , 4.886922e+00 , 4.886922e+00 , 4.886922e+00 , 4.886922e+00 , 4.886922e+00 , 4.886922e+00 , 4.886922e+00 , 4.886922e+00 , 4.886922e+00 , 4.886922e+00 , 4.886922e+00 , 4.886922e+00 , 4.886922e+00 , 4.886922e+00 , 4.886922e+00 , 4.886922e+00 , 4.886922e+00 , 4.886922e+00 , 4.886922e+00 , 4.886922e+00 , 4.886922e+00 , 4.886922e+00 , 4.886922e+00 , 4.886922e+00 , 4.886922e+00 ,]
