% ground truth for sim_inc30_az180.tif
% settings
number_of_spots = 50
pixel_size_nm = 51.200
image_size_nm = 14142.136
image_size_px = 275
wavelength = 500
par.objectiveNA = 2.17
objectiveFocalLength = 770
par.refractiveIndices = [1.310000e+00 , 2.170000e+00 , 2.170000e+00 ,]
par.nDiscretizationBFP = 129
par.backgroundNoise = 0.020
par.nPhotons = 500
positionX_nm_array = [-4.791222e+03 ,  3.580608e+03 ,  3.457442e+03 , -3.449153e+03 ,  3.016315e+03 , -3.104261e+03 , -1.921067e+03 ,  2.769338e+03 ,  3.519064e+03 ,  1.800502e+03 ,  2.420187e+02 , -2.713856e+03 , -4.316929e+03 , -9.194205e+02 ,  4.834700e+03 ,  6.543869e+02 ,  3.958844e+02 ,  4.689862e+03 ,  1.306078e+03 ,  4.018262e+03 , -7.485691e+02 ,  1.633249e+03 , -6.079795e+02 , -1.452179e+03 , -2.124716e+03 ,  2.950138e+03 ,  3.110455e+03 , -4.923167e+02 ,  1.250212e+03 , -4.574707e+03 , -4.789065e+03 , -2.041688e+03 ,  1.088785e+03 ,  2.508487e+03 ,  4.622361e+03 , -5.058240e+02 , -1.682379e+03 ,  1.370453e+03 , -3.820939e+03 ,  2.519570e+03 ,  2.376719e+03 ,  4.488705e+03 ,  4.940097e+03 , -9.140931e+02 ,  4.896677e+01 ,  3.583014e+03 , -4.736408e+03 , -2.441100e+03 , -2.594846e+03 , -2.405521e+03 ,]
positionY_nm_array = [-2.159593e+03 ,  3.311126e+03 , -4.244252e+03 , -3.645011e+03 ,  4.817291e+03 , -1.217288e+03 ,  2.496970e+02 ,  7.020898e+02 , -3.116776e+03 ,  1.879583e+03 ,  2.986970e+03 ,  1.651056e+03 , -8.541712e+02 ,  1.310986e+03 , -6.394939e+02 , -4.784323e+03 ,  1.089171e+03 ,  4.080412e+03 , -5.215685e+02 ,  1.006934e+03 ,  4.745479e+03 , -4.468633e+03 , -1.798643e+03 ,  3.543538e+03 , -1.435046e+03 , -1.215545e+03 ,  1.678385e+03 ,  2.439071e+02 ,  3.150333e+03 ,  4.026100e+03 ,  1.486621e+03 , -2.540420e+03 , -2.015413e+03 ,  2.683161e+03 ,  2.806850e+03 , -4.232022e+03 , -3.945548e+03 ,  4.261007e+03 ,  2.536564e+03 , -3.221859e+03 ,  3.790200e+03 , -3.980906e+03 , -2.662557e+03 , -3.048514e+03 , -9.091449e+02 , -2.005232e+03 ,  2.794767e+02 , -4.939018e+03 ,  3.112701e+03 ,  4.704393e+03 ,]
angleInclination_array = [5.235988e-01 , 5.235988e-01 , 5.235988e-01 , 5.235988e-01 , 5.235988e-01 , 5.235988e-01 , 5.235988e-01 , 5.235988e-01 , 5.235988e-01 , 5.235988e-01 , 5.235988e-01 , 5.235988e-01 , 5.235988e-01 , 5.235988e-01 , 5.235988e-01 , 5.235988e-01 , 5.235988e-01 , 5.235988e-01 , 5.235988e-01 , 5.235988e-01 , 5.235988e-01 , 5.235988e-01 , 5.235988e-01 , 5.235988e-01 , 5.235988e-01 , 5.235988e-01 , 5.235988e-01 , 5.235988e-01 , 5.235988e-01 , 5.235988e-01 , 5.235988e-01 , 5.235988e-01 , 5.235988e-01 , 5.235988e-01 , 5.235988e-01 , 5.235988e-01 , 5.235988e-01 , 5.235988e-01 , 5.235988e-01 , 5.235988e-01 , 5.235988e-01 , 5.235988e-01 , 5.235988e-01 , 5.235988e-01 , 5.235988e-01 , 5.235988e-01 , 5.235988e-01 , 5.235988e-01 , 5.235988e-01 , 5.235988e-01 ,]
angleAzimuth_array = [3.141593e+00 , 3.141593e+00 , 3.141593e+00 , 3.141593e+00 , 3.141593e+00 , 3.141593e+00 , 3.141593e+00 , 3.141593e+00 , 3.141593e+00 , 3.141593e+00 , 3.141593e+00 , 3.141593e+00 , 3.141593e+00 , 3.141593e+00 , 3.141593e+00 , 3.141593e+00 , 3.141593e+00 , 3.141593e+00 , 3.141593e+00 , 3.141593e+00 , 3.141593e+00 , 3.141593e+00 , 3.141593e+00 , 3.141593e+00 , 3.141593e+00 , 3.141593e+00 , 3.141593e+00 , 3.141593e+00 , 3.141593e+00 , 3.141593e+00 , 3.141593e+00 , 3.141593e+00 , 3.141593e+00 , 3.141593e+00 , 3.141593e+00 , 3.141593e+00 , 3.141593e+00 , 3.141593e+00 , 3.141593e+00 , 3.141593e+00 , 3.141593e+00 , 3.141593e+00 , 3.141593e+00 , 3.141593e+00 , 3.141593e+00 , 3.141593e+00 , 3.141593e+00 , 3.141593e+00 , 3.141593e+00 , 3.141593e+00 ,]
