% ground truth for sim_inc10_az340.tif
% settings
number_of_spots = 50
pixel_size_nm = 51.200
image_size_nm = 14142.136
image_size_px = 275
wavelength = 500
par.objectiveNA = 2.17
objectiveFocalLength = 770
par.refractiveIndices = [1.310000e+00 , 2.170000e+00 , 2.170000e+00 ,]
par.nDiscretizationBFP = 129
par.backgroundNoise = 0.020
par.nPhotons = 500
positionX_nm_array = [1.170877e+03 ,  4.526322e+03 ,  4.238360e+03 ,  1.083980e+03 , -4.211526e+03 , -4.258308e+03 , -3.604096e+03 , -9.772078e+02 ,  3.595481e+03 , -1.627923e+01 , -3.302535e+03 ,  7.934198e+02 , -8.949047e+02 ,  2.906082e+03 ,  4.552524e+03 , -4.819470e+03 , -2.056190e+03 ,  4.144323e+03 ,  1.995828e+03 ,  1.366430e+03 , -4.509372e+03 ,  2.999985e+03 , -1.828742e+03 ,  2.373440e+03 ,  2.679321e+03 , -3.076011e+03 ,  2.696918e+03 , -1.902332e+03 ,  6.038783e+02 ,  1.652107e+03 , -9.492293e+02 , -4.177060e+03 ,  1.149519e+02 , -2.868376e+03 , -3.810369e+03 ,  5.098207e+02 ,  3.430878e+03 , -4.898191e+03 ,  1.825747e+03 ,  1.853778e+03 , -2.418407e+03 ,  2.385072e+02 , -1.628108e+03 , -1.574795e+03 , -3.420566e+03 , -4.815016e+03 ,  3.576210e+03 ,  4.399416e+03 ,  4.674068e+03 ,  4.245427e+03 ,]
positionY_nm_array = [-9.688610e+01 , -2.159197e+03 , -7.051500e+02 ,  1.685212e+03 ,  2.274176e+03 , -4.332643e+03 , -1.379872e+03 , -4.178268e+03 , -4.844203e+03 ,  2.234673e+03 ,  8.577635e+02 , -3.445842e+03 , -1.363428e+03 , -5.688805e+02 ,  1.237249e+03 , -9.242843e+02 ,  2.322286e+03 ,  2.175429e+03 , -1.171514e+03 ,  3.528456e+03 ,  5.113308e+02 ,  1.237173e+03 ,  2.803764e+02 ,  4.258422e+02 , -2.575407e+03 , -4.418381e+03 ,  4.510439e+03 , -2.278521e+03 , -1.794396e+03 , -4.527594e+03 ,  1.775387e+03 , -3.049378e+03 ,  3.561459e+03 , -2.906034e+03 ,  4.175901e+03 , -4.836618e+03 ,  3.641860e+03 ,  4.705407e+03 ,  2.614537e+03 , -3.227948e+03 , -9.080014e+02 ,  4.159464e+02 ,  3.484672e+03 ,  4.592381e+03 ,  3.005421e+03 , -2.027430e+03 , -3.111418e+03 , -4.124709e+03 ,  3.374613e+03 ,  4.900478e+03 ,]
angleInclination_array = [1.745329e-01 , 1.745329e-01 , 1.745329e-01 , 1.745329e-01 , 1.745329e-01 , 1.745329e-01 , 1.745329e-01 , 1.745329e-01 , 1.745329e-01 , 1.745329e-01 , 1.745329e-01 , 1.745329e-01 , 1.745329e-01 , 1.745329e-01 , 1.745329e-01 , 1.745329e-01 , 1.745329e-01 , 1.745329e-01 , 1.745329e-01 , 1.745329e-01 , 1.745329e-01 , 1.745329e-01 , 1.745329e-01 , 1.745329e-01 , 1.745329e-01 , 1.745329e-01 , 1.745329e-01 , 1.745329e-01 , 1.745329e-01 , 1.745329e-01 , 1.745329e-01 , 1.745329e-01 , 1.745329e-01 , 1.745329e-01 , 1.745329e-01 , 1.745329e-01 , 1.745329e-01 , 1.745329e-01 , 1.745329e-01 , 1.745329e-01 , 1.745329e-01 , 1.745329e-01 , 1.745329e-01 , 1.745329e-01 , 1.745329e-01 , 1.745329e-01 , 1.745329e-01 , 1.745329e-01 , 1.745329e-01 , 1.745329e-01 ,]
angleAzimuth_array = [5.934119e+00 , 5.934119e+00 , 5.934119e+00 , 5.934119e+00 , 5.934119e+00 , 5.934119e+00 , 5.934119e+00 , 5.934119e+00 , 5.934119e+00 , 5.934119e+00 , 5.934119e+00 , 5.934119e+00 , 5.934119e+00 , 5.934119e+00 , 5.934119e+00 , 5.934119e+00 , 5.934119e+00 , 5.934119e+00 , 5.934119e+00 , 5.934119e+00 , 5.934119e+00 , 5.934119e+00 , 5.934119e+00 , 5.934119e+00 , 5.934119e+00 , 5.934119e+00 , 5.934119e+00 , 5.934119e+00 , 5.934119e+00 , 5.934119e+00 , 5.934119e+00 , 5.934119e+00 , 5.934119e+00 , 5.934119e+00 , 5.934119e+00 , 5.934119e+00 , 5.934119e+00 , 5.934119e+00 , 5.934119e+00 , 5.934119e+00 , 5.934119e+00 , 5.934119e+00 , 5.934119e+00 , 5.934119e+00 , 5.934119e+00 , 5.934119e+00 , 5.934119e+00 , 5.934119e+00 , 5.934119e+00 , 5.934119e+00 ,]
