% ground truth for sim_inc100_az240.tif
% settings
number_of_spots = 50
pixel_size_nm = 51.200
image_size_nm = 14142.136
image_size_px = 275
wavelength = 500
par.objectiveNA = 2.17
objectiveFocalLength = 770
par.refractiveIndices = [1.310000e+00 , 2.170000e+00 , 2.170000e+00 ,]
par.nDiscretizationBFP = 129
par.backgroundNoise = 0.020
par.nPhotons = 500
positionX_nm_array = [-4.477559e+03 , -1.643395e+03 ,  3.720289e+03 ,  1.388714e+03 , -3.943128e+03 , -4.163580e+03 ,  4.341244e+03 ,  1.149172e+03 ,  2.780586e+03 ,  4.661240e+03 , -2.129240e+03 , -1.822041e+03 ,  1.625020e+03 ,  3.462589e+02 ,  4.176846e+03 , -4.012512e+03 ,  1.080971e+03 , -2.098894e+03 ,  1.127058e+03 ,  2.738386e+03 , -6.159440e+02 ,  4.921388e+03 , -1.479412e+03 , -1.792580e+03 , -1.371748e+03 ,  4.002508e+03 , -4.154848e+03 , -3.297502e+03 ,  3.081423e+03 , -3.091643e+03 ,  2.691668e+03 , -6.771211e+02 , -4.375091e+02 , -2.485044e+03 ,  1.390276e+03 , -6.758373e+02 ,  2.471094e+03 ,  3.136381e+03 , -4.482071e+03 ,  3.745915e+03 , -2.617785e+03 ,  1.096533e+03 , -3.596094e+03 ,  3.742802e+01 ,  1.694470e+03 ,  1.161615e+03 ,  3.285524e+02 , -2.915637e+03 , -3.142059e+03 , -1.067745e+03 ,]
positionY_nm_array = [-1.601717e+03 , -1.275886e+02 ,  1.565272e+03 ,  3.313579e+03 ,  4.491310e+03 ,  2.519317e+03 ,  1.430379e+02 ,  4.399289e+03 , -5.368405e+02 , -4.241978e+03 , -3.795558e+03 , -1.329492e+03 , -1.657065e+02 , -2.546168e+03 , -1.079971e+03 ,  5.035565e+01 ,  1.945554e+03 ,  1.018794e+03 , -3.820573e+03 ,  2.283698e+03 ,  2.033367e+03 ,  2.546451e+03 ,  4.762546e+03 ,  2.046091e+03 , -2.928506e+03 ,  4.861188e+03 , -3.580916e+03 , -4.733664e+03 , -1.956339e+03 ,  7.719213e+02 , -3.292198e+03 , -4.363700e+03 , -1.384608e+03 , -2.774161e+03 , -2.404896e+03 ,  5.634538e+02 ,  8.646678e+02 , -4.713089e+03 , -4.531506e+03 ,  2.846676e+03 ,  3.843921e+03 ,  8.883645e+02 , -2.490116e+03 ,  3.252268e+03 , -4.725236e+03 , -1.354290e+03 , -4.762770e+03 , -1.395641e+03 , -3.613915e+03 ,  3.196308e+03 ,]
angleInclination_array = [1.745329e+00 , 1.745329e+00 , 1.745329e+00 , 1.745329e+00 , 1.745329e+00 , 1.745329e+00 , 1.745329e+00 , 1.745329e+00 , 1.745329e+00 , 1.745329e+00 , 1.745329e+00 , 1.745329e+00 , 1.745329e+00 , 1.745329e+00 , 1.745329e+00 , 1.745329e+00 , 1.745329e+00 , 1.745329e+00 , 1.745329e+00 , 1.745329e+00 , 1.745329e+00 , 1.745329e+00 , 1.745329e+00 , 1.745329e+00 , 1.745329e+00 , 1.745329e+00 , 1.745329e+00 , 1.745329e+00 , 1.745329e+00 , 1.745329e+00 , 1.745329e+00 , 1.745329e+00 , 1.745329e+00 , 1.745329e+00 , 1.745329e+00 , 1.745329e+00 , 1.745329e+00 , 1.745329e+00 , 1.745329e+00 , 1.745329e+00 , 1.745329e+00 , 1.745329e+00 , 1.745329e+00 , 1.745329e+00 , 1.745329e+00 , 1.745329e+00 , 1.745329e+00 , 1.745329e+00 , 1.745329e+00 , 1.745329e+00 ,]
angleAzimuth_array = [4.188790e+00 , 4.188790e+00 , 4.188790e+00 , 4.188790e+00 , 4.188790e+00 , 4.188790e+00 , 4.188790e+00 , 4.188790e+00 , 4.188790e+00 , 4.188790e+00 , 4.188790e+00 , 4.188790e+00 , 4.188790e+00 , 4.188790e+00 , 4.188790e+00 , 4.188790e+00 , 4.188790e+00 , 4.188790e+00 , 4.188790e+00 , 4.188790e+00 , 4.188790e+00 , 4.188790e+00 , 4.188790e+00 , 4.188790e+00 , 4.188790e+00 , 4.188790e+00 , 4.188790e+00 , 4.188790e+00 , 4.188790e+00 , 4.188790e+00 , 4.188790e+00 , 4.188790e+00 , 4.188790e+00 , 4.188790e+00 , 4.188790e+00 , 4.188790e+00 , 4.188790e+00 , 4.188790e+00 , 4.188790e+00 , 4.188790e+00 , 4.188790e+00 , 4.188790e+00 , 4.188790e+00 , 4.188790e+00 , 4.188790e+00 , 4.188790e+00 , 4.188790e+00 , 4.188790e+00 , 4.188790e+00 , 4.188790e+00 ,]
