% ground truth for sim_inc60_az260.tif
% settings
number_of_spots = 50
pixel_size_nm = 51.200
image_size_nm = 14142.136
image_size_px = 275
wavelength = 500
par.objectiveNA = 2.17
objectiveFocalLength = 770
par.refractiveIndices = [1.310000e+00 , 2.170000e+00 , 2.170000e+00 ,]
par.nDiscretizationBFP = 129
par.backgroundNoise = 0.020
par.nPhotons = 500
positionX_nm_array = [8.918482e+01 , -2.738585e+03 ,  1.746528e+03 ,  2.407899e+03 ,  2.916066e+03 , -1.110180e+03 ,  4.928191e+02 , -6.629543e+02 ,  2.847352e+03 , -1.073691e+02 , -2.473736e+03 , -3.991199e+02 , -3.693821e+03 ,  1.437847e+03 , -2.294577e+03 , -3.414060e+03 ,  3.731294e+03 , -9.545407e+02 , -4.931970e+03 ,  4.454344e+03 ,  4.841499e+03 , -3.566383e+03 ,  3.335217e+03 ,  1.446873e+03 ,  3.631104e+03 ,  3.116774e+03 , -4.806652e+03 ,  1.895826e+02 , -8.679196e+02 , -4.441349e+03 ,  3.092247e+03 , -4.910559e+03 , -1.970764e+03 ,  4.937354e+03 ,  8.255909e+02 ,  2.008534e+03 ,  1.225519e+03 , -3.852258e+03 ,  3.960557e+03 ,  1.692812e+03 ,  4.216066e+03 , -2.133997e+03 , -4.586188e+03 , -2.942327e+03 , -2.136051e+03 ,  3.535350e+03 ,  2.703583e+02 ,  2.561962e+03 , -3.011052e+03 ,  4.491783e+03 ,]
positionY_nm_array = [2.626591e+03 , -2.406605e+01 ,  4.403979e+03 , -2.071289e+03 ,  1.400017e+03 ,  1.440554e+03 , -3.975888e+03 , -3.974217e+03 ,  2.422497e+03 ,  7.219705e+02 ,  1.268437e+03 ,  4.854777e+03 , -2.364069e+03 ,  1.993038e+03 ,  4.613878e+03 ,  3.939760e+03 ,  3.096275e+03 ,  3.422074e+03 , -3.269385e+03 , -4.327034e+03 , -1.661367e+03 , -4.501971e+03 ,  1.376146e+02 , -3.041132e+03 , -1.232239e+03 , -2.887543e+03 , -2.415458e+02 , -1.056469e+03 , -1.707414e+03 ,  2.191979e+03 ,  4.853062e+03 , -1.651108e+03 , -2.666316e+03 , -3.299498e+03 , -2.009790e+03 , -4.672799e+03 , -1.090563e+03 ,  2.971040e+02 ,  4.250867e+03 ,  8.421650e+02 ,  9.848214e+02 ,  2.649854e+03 ,  3.521663e+03 , -1.620881e+03 , -4.274506e+03 , -4.944500e+03 ,  3.904586e+03 , -7.093163e+02 , -3.478096e+03 , -3.038738e+02 ,]
angleInclination_array = [1.047198e+00 , 1.047198e+00 , 1.047198e+00 , 1.047198e+00 , 1.047198e+00 , 1.047198e+00 , 1.047198e+00 , 1.047198e+00 , 1.047198e+00 , 1.047198e+00 , 1.047198e+00 , 1.047198e+00 , 1.047198e+00 , 1.047198e+00 , 1.047198e+00 , 1.047198e+00 , 1.047198e+00 , 1.047198e+00 , 1.047198e+00 , 1.047198e+00 , 1.047198e+00 , 1.047198e+00 , 1.047198e+00 , 1.047198e+00 , 1.047198e+00 , 1.047198e+00 , 1.047198e+00 , 1.047198e+00 , 1.047198e+00 , 1.047198e+00 , 1.047198e+00 , 1.047198e+00 , 1.047198e+00 , 1.047198e+00 , 1.047198e+00 , 1.047198e+00 , 1.047198e+00 , 1.047198e+00 , 1.047198e+00 , 1.047198e+00 , 1.047198e+00 , 1.047198e+00 , 1.047198e+00 , 1.047198e+00 , 1.047198e+00 , 1.047198e+00 , 1.047198e+00 , 1.047198e+00 , 1.047198e+00 , 1.047198e+00 ,]
angleAzimuth_array = [4.537856e+00 , 4.537856e+00 , 4.537856e+00 , 4.537856e+00 , 4.537856e+00 , 4.537856e+00 , 4.537856e+00 , 4.537856e+00 , 4.537856e+00 , 4.537856e+00 , 4.537856e+00 , 4.537856e+00 , 4.537856e+00 , 4.537856e+00 , 4.537856e+00 , 4.537856e+00 , 4.537856e+00 , 4.537856e+00 , 4.537856e+00 , 4.537856e+00 , 4.537856e+00 , 4.537856e+00 , 4.537856e+00 , 4.537856e+00 , 4.537856e+00 , 4.537856e+00 , 4.537856e+00 , 4.537856e+00 , 4.537856e+00 , 4.537856e+00 , 4.537856e+00 , 4.537856e+00 , 4.537856e+00 , 4.537856e+00 , 4.537856e+00 , 4.537856e+00 , 4.537856e+00 , 4.537856e+00 , 4.537856e+00 , 4.537856e+00 , 4.537856e+00 , 4.537856e+00 , 4.537856e+00 , 4.537856e+00 , 4.537856e+00 , 4.537856e+00 , 4.537856e+00 , 4.537856e+00 , 4.537856e+00 , 4.537856e+00 ,]
