% ground truth for sim_inc140_az80.tif
% settings
number_of_spots = 50
pixel_size_nm = 51.200
image_size_nm = 14142.136
image_size_px = 275
wavelength = 500
par.objectiveNA = 2.17
objectiveFocalLength = 770
par.refractiveIndices = [1.310000e+00 , 2.170000e+00 , 2.170000e+00 ,]
par.nDiscretizationBFP = 129
par.backgroundNoise = 0.020
par.nPhotons = 500
positionX_nm_array = [-4.052750e+03 , -1.700436e+03 ,  5.050453e+01 , -2.139074e+03 ,  2.923366e+03 , -4.644632e+02 ,  2.684253e+03 ,  1.631259e+03 , -2.767289e+03 ,  1.120257e+03 ,  2.554098e+03 , -3.255705e+03 ,  4.243774e+03 , -2.570824e+03 , -3.774124e+01 ,  4.396869e+03 , -2.130437e+02 , -4.379887e+03 ,  4.699254e+03 , -4.708719e+03 , -1.890678e+03 ,  4.025803e+03 , -3.833469e+03 ,  1.444222e+03 ,  3.696974e+03 ,  4.593099e+03 , -1.652686e+02 , -2.200052e+03 ,  2.656807e+03 ,  4.698862e+03 , -4.430043e+03 , -2.541061e+03 , -3.954556e+03 , -3.146153e+03 ,  2.130277e+03 ,  1.303280e+03 ,  5.675107e+02 , -1.743260e+03 ,  1.028252e+03 , -3.671413e+03 ,  3.091429e+03 , -4.839008e+03 , -3.641659e+03 ,  2.123134e+03 ,  2.492329e+03 , -4.867209e+02 , -1.750411e+03 ,  5.057427e+02 ,  4.102436e+03 ,  1.126943e+03 ,]
positionY_nm_array = [1.943408e+03 ,  5.464020e+02 , -2.769353e+03 ,  4.024413e+03 , -1.905874e+03 , -3.765324e+03 , -4.056253e+02 ,  3.588429e+03 , -9.363066e+02 , -2.912407e+03 ,  2.354479e+03 ,  9.284057e+02 ,  2.019425e+03 , -2.932556e+03 ,  4.414149e+02 , -4.332874e+03 ,  3.703398e+03 , -2.120738e+03 , -2.952789e+03 , -3.956055e+03 , -4.040239e+03 , -8.235071e+02 , -4.806195e+03 , -1.328519e+03 , -2.884650e+03 ,  8.762899e+02 ,  1.809610e+03 , -1.761580e+03 , -4.631203e+03 , -1.928546e+03 ,  2.197690e+02 ,  2.113630e+03 , -7.896378e+02 ,  3.651439e+03 ,  4.592327e+03 ,  1.117934e+03 , -5.880429e+02 ,  2.944035e+03 , -4.302366e+03 , -3.139930e+03 ,  3.943635e+03 ,  3.818701e+03 ,  4.545620e+03 , -3.015029e+03 ,  1.288780e+03 , -1.527157e+03 , -6.256398e+02 , -1.834920e+03 ,  4.200144e+03 ,  4.536450e+03 ,]
angleInclination_array = [2.443461e+00 , 2.443461e+00 , 2.443461e+00 , 2.443461e+00 , 2.443461e+00 , 2.443461e+00 , 2.443461e+00 , 2.443461e+00 , 2.443461e+00 , 2.443461e+00 , 2.443461e+00 , 2.443461e+00 , 2.443461e+00 , 2.443461e+00 , 2.443461e+00 , 2.443461e+00 , 2.443461e+00 , 2.443461e+00 , 2.443461e+00 , 2.443461e+00 , 2.443461e+00 , 2.443461e+00 , 2.443461e+00 , 2.443461e+00 , 2.443461e+00 , 2.443461e+00 , 2.443461e+00 , 2.443461e+00 , 2.443461e+00 , 2.443461e+00 , 2.443461e+00 , 2.443461e+00 , 2.443461e+00 , 2.443461e+00 , 2.443461e+00 , 2.443461e+00 , 2.443461e+00 , 2.443461e+00 , 2.443461e+00 , 2.443461e+00 , 2.443461e+00 , 2.443461e+00 , 2.443461e+00 , 2.443461e+00 , 2.443461e+00 , 2.443461e+00 , 2.443461e+00 , 2.443461e+00 , 2.443461e+00 , 2.443461e+00 ,]
angleAzimuth_array = [1.396263e+00 , 1.396263e+00 , 1.396263e+00 , 1.396263e+00 , 1.396263e+00 , 1.396263e+00 , 1.396263e+00 , 1.396263e+00 , 1.396263e+00 , 1.396263e+00 , 1.396263e+00 , 1.396263e+00 , 1.396263e+00 , 1.396263e+00 , 1.396263e+00 , 1.396263e+00 , 1.396263e+00 , 1.396263e+00 , 1.396263e+00 , 1.396263e+00 , 1.396263e+00 , 1.396263e+00 , 1.396263e+00 , 1.396263e+00 , 1.396263e+00 , 1.396263e+00 , 1.396263e+00 , 1.396263e+00 , 1.396263e+00 , 1.396263e+00 , 1.396263e+00 , 1.396263e+00 , 1.396263e+00 , 1.396263e+00 , 1.396263e+00 , 1.396263e+00 , 1.396263e+00 , 1.396263e+00 , 1.396263e+00 , 1.396263e+00 , 1.396263e+00 , 1.396263e+00 , 1.396263e+00 , 1.396263e+00 , 1.396263e+00 , 1.396263e+00 , 1.396263e+00 , 1.396263e+00 , 1.396263e+00 , 1.396263e+00 ,]
