% ground truth for sim_inc160_az0.tif
% settings
number_of_spots = 50
pixel_size_nm = 51.200
image_size_nm = 14142.136
image_size_px = 275
wavelength = 500
par.objectiveNA = 2.17
objectiveFocalLength = 770
par.refractiveIndices = [1.310000e+00 , 2.170000e+00 , 2.170000e+00 ,]
par.nDiscretizationBFP = 129
par.backgroundNoise = 0.020
par.nPhotons = 500
positionX_nm_array = [3.908560e+03 , -2.774140e+03 ,  3.765696e+03 ,  1.404136e+03 ,  2.235307e+03 , -4.932408e+03 , -3.638890e+03 ,  1.574197e+03 ,  2.608290e+02 , -3.505652e+02 ,  1.171240e+03 , -1.481541e+03 , -4.762497e+03 ,  1.146418e+03 , -3.466801e+03 ,  2.929832e+03 ,  3.284863e+03 , -2.158450e+03 , -4.295122e+03 , -4.550781e+02 ,  4.337807e+03 , -2.326500e+03 ,  3.256122e+03 ,  1.613282e+03 ,  2.199598e+02 ,  1.871688e+03 ,  4.861036e+03 , -1.578307e+03 ,  2.502007e+03 , -4.948007e+03 , -4.302382e+02 , -3.888228e+03 ,  1.603624e+03 , -2.576772e+03 ,  4.830053e+03 , -1.879432e+03 , -3.065429e+03 , -3.843241e+03 , -2.111565e+03 ,  3.452745e+03 , -1.167659e+02 , -9.532054e+02 , -2.925471e+03 , -4.892253e+03 , -1.855686e+03 ,  4.834621e+03 ,  9.057261e+02 ,  4.940598e+03 , -2.886104e+03 ,  3.899309e+03 ,]
positionY_nm_array = [-2.259810e+03 , -1.673242e+03 ,  1.540683e+02 , -3.953191e+03 ,  1.879775e+03 , -2.831831e+03 ,  3.972962e+02 , -2.350707e+03 ,  3.143757e+03 ,  3.945783e+03 ,  4.791875e+03 , -4.731023e+03 ,  2.375301e+03 ,  1.412367e+03 , -3.904693e+03 ,  4.069717e+03 , -4.193345e+03 , -3.508818e+03 ,  4.431751e+03 ,  1.702919e+03 ,  1.668442e+03 ,  3.542729e+03 , -1.118959e+03 ,  2.082815e+02 , -4.867956e+03 ,  3.154119e+03 ,  3.311313e+03 ,  2.790458e+02 , -3.159157e+03 , -4.895344e+03 , -2.824073e+02 , -9.044887e+02 , -1.325571e+03 ,  1.576195e+03 , -3.908209e+03 ,  4.755089e+03 , -2.947456e+03 ,  3.269405e+03 ,  2.468972e+03 ,  3.194856e+03 , -1.654260e+03 , -3.837528e+03 , -4.789640e+03 ,  3.946146e+02 , -2.509235e+03 , -6.335278e+02 , -4.984228e+02 ,  4.563912e+03 ,  4.486337e+03 , -3.402714e+03 ,]
angleInclination_array = [2.792527e+00 , 2.792527e+00 , 2.792527e+00 , 2.792527e+00 , 2.792527e+00 , 2.792527e+00 , 2.792527e+00 , 2.792527e+00 , 2.792527e+00 , 2.792527e+00 , 2.792527e+00 , 2.792527e+00 , 2.792527e+00 , 2.792527e+00 , 2.792527e+00 , 2.792527e+00 , 2.792527e+00 , 2.792527e+00 , 2.792527e+00 , 2.792527e+00 , 2.792527e+00 , 2.792527e+00 , 2.792527e+00 , 2.792527e+00 , 2.792527e+00 , 2.792527e+00 , 2.792527e+00 , 2.792527e+00 , 2.792527e+00 , 2.792527e+00 , 2.792527e+00 , 2.792527e+00 , 2.792527e+00 , 2.792527e+00 , 2.792527e+00 , 2.792527e+00 , 2.792527e+00 , 2.792527e+00 , 2.792527e+00 , 2.792527e+00 , 2.792527e+00 , 2.792527e+00 , 2.792527e+00 , 2.792527e+00 , 2.792527e+00 , 2.792527e+00 , 2.792527e+00 , 2.792527e+00 , 2.792527e+00 , 2.792527e+00 ,]
angleAzimuth_array = [0 , 0 , 0 , 0 , 0 , 0 , 0 , 0 , 0 , 0 , 0 , 0 , 0 , 0 , 0 , 0 , 0 , 0 , 0 , 0 , 0 , 0 , 0 , 0 , 0 , 0 , 0 , 0 , 0 , 0 , 0 , 0 , 0 , 0 , 0 , 0 , 0 , 0 , 0 , 0 , 0 , 0 , 0 , 0 , 0 , 0 , 0 , 0 , 0 , 0 ,]
