% ground truth for sim_inc160_az100.tif
% settings
number_of_spots = 50
pixel_size_nm = 51.200
image_size_nm = 14142.136
image_size_px = 275
wavelength = 500
par.objectiveNA = 2.17
objectiveFocalLength = 770
par.refractiveIndices = [1.310000e+00 , 2.170000e+00 , 2.170000e+00 ,]
par.nDiscretizationBFP = 129
par.backgroundNoise = 0.020
par.nPhotons = 500
positionX_nm_array = [-1.311891e+03 , -4.156740e+03 , -4.925019e+03 ,  7.489659e+02 ,  4.356190e+03 , -4.297416e+03 , -1.221862e+03 , -1.220407e+03 ,  4.147734e+03 , -3.477747e+03 ,  2.738154e+03 , -2.810641e+03 , -3.948337e+01 ,  1.701142e+03 ,  3.388218e+03 , -1.068230e+02 ,  1.802645e+03 , -3.728824e+03 , -1.822457e+03 ,  1.067745e+03 ,  2.774582e+03 ,  3.953220e+02 ,  2.589974e+03 ,  3.833260e+03 , -4.370512e+03 , -5.420725e+02 , -1.606651e+03 ,  3.098161e+03 , -2.341560e+03 ,  2.936144e+03 , -8.069443e+01 ,  4.769648e+03 , -2.062045e+03 ,  7.042457e+02 ,  3.529320e+03 ,  4.564707e+03 , -2.822920e+02 ,  3.527538e+03 , -1.161302e+03 , -8.696414e+02 ,  4.653111e+03 ,  1.204154e+03 , -4.380506e+03 ,  8.148968e+02 , -4.817489e+03 , -3.160160e+03 , -3.051463e+03 , -3.791574e+03 ,  4.730949e+03 ,  1.009828e+03 ,]
positionY_nm_array = [3.114536e+03 , -3.813227e+03 , -1.519307e+03 , -3.808957e+03 , -4.171214e+03 ,  3.188594e+03 ,  5.098894e+02 ,  2.114183e+03 , -3.156898e+03 ,  2.062417e+03 ,  6.348314e+02 , -2.431620e+03 ,  1.825489e+03 , -4.875314e+03 ,  3.412047e+03 , -3.274022e+03 ,  3.913737e+03 , -1.576981e+02 , -3.925406e+03 , -1.749202e+03 , -2.141817e+03 ,  4.618529e+03 ,  2.455496e+03 ,  1.780222e+02 ,  1.102160e+03 , -4.542670e+03 ,  4.912869e+03 , -4.306728e+03 ,  5.192293e+02 , -4.879138e+02 ,  4.931972e+01 ,  2.401195e+03 , -1.246878e+03 ,  3.221830e+03 ,  1.327673e+03 ,  4.258712e+03 ,  3.659876e+03 ,  4.884594e+03 , -2.351428e+03 , -1.187292e+03 , -2.192462e+03 ,  1.900693e+03 ,  4.884903e+03 ,  8.088062e+02 , -2.269670e+02 ,  4.825887e+03 ,  3.053799e+03 , -1.246233e+03 ,  8.611700e+02 , -5.284646e+02 ,]
angleInclination_array = [2.792527e+00 , 2.792527e+00 , 2.792527e+00 , 2.792527e+00 , 2.792527e+00 , 2.792527e+00 , 2.792527e+00 , 2.792527e+00 , 2.792527e+00 , 2.792527e+00 , 2.792527e+00 , 2.792527e+00 , 2.792527e+00 , 2.792527e+00 , 2.792527e+00 , 2.792527e+00 , 2.792527e+00 , 2.792527e+00 , 2.792527e+00 , 2.792527e+00 , 2.792527e+00 , 2.792527e+00 , 2.792527e+00 , 2.792527e+00 , 2.792527e+00 , 2.792527e+00 , 2.792527e+00 , 2.792527e+00 , 2.792527e+00 , 2.792527e+00 , 2.792527e+00 , 2.792527e+00 , 2.792527e+00 , 2.792527e+00 , 2.792527e+00 , 2.792527e+00 , 2.792527e+00 , 2.792527e+00 , 2.792527e+00 , 2.792527e+00 , 2.792527e+00 , 2.792527e+00 , 2.792527e+00 , 2.792527e+00 , 2.792527e+00 , 2.792527e+00 , 2.792527e+00 , 2.792527e+00 , 2.792527e+00 , 2.792527e+00 ,]
angleAzimuth_array = [1.745329e+00 , 1.745329e+00 , 1.745329e+00 , 1.745329e+00 , 1.745329e+00 , 1.745329e+00 , 1.745329e+00 , 1.745329e+00 , 1.745329e+00 , 1.745329e+00 , 1.745329e+00 , 1.745329e+00 , 1.745329e+00 , 1.745329e+00 , 1.745329e+00 , 1.745329e+00 , 1.745329e+00 , 1.745329e+00 , 1.745329e+00 , 1.745329e+00 , 1.745329e+00 , 1.745329e+00 , 1.745329e+00 , 1.745329e+00 , 1.745329e+00 , 1.745329e+00 , 1.745329e+00 , 1.745329e+00 , 1.745329e+00 , 1.745329e+00 , 1.745329e+00 , 1.745329e+00 , 1.745329e+00 , 1.745329e+00 , 1.745329e+00 , 1.745329e+00 , 1.745329e+00 , 1.745329e+00 , 1.745329e+00 , 1.745329e+00 , 1.745329e+00 , 1.745329e+00 , 1.745329e+00 , 1.745329e+00 , 1.745329e+00 , 1.745329e+00 , 1.745329e+00 , 1.745329e+00 , 1.745329e+00 , 1.745329e+00 ,]
