% ground truth for sim_inc120_az60.tif
% settings
number_of_spots = 50
pixel_size_nm = 51.200
image_size_nm = 14142.136
image_size_px = 275
wavelength = 500
par.objectiveNA = 2.17
objectiveFocalLength = 770
par.refractiveIndices = [1.310000e+00 , 2.170000e+00 , 2.170000e+00 ,]
par.nDiscretizationBFP = 129
par.backgroundNoise = 0.020
par.nPhotons = 500
positionX_nm_array = [-2.817888e+03 ,  4.612767e+03 ,  9.297283e+02 , -2.099666e+03 ,  3.307343e+01 , -5.681356e+02 ,  2.020856e+03 ,  3.385485e+03 , -3.904496e+03 ,  2.140227e+03 , -3.375178e+03 ,  4.533223e+03 ,  4.664377e+03 ,  2.310465e+02 , -2.843712e+03 ,  1.033696e+03 ,  2.044602e+03 ,  3.848568e+03 ,  3.458861e+03 , -2.258672e+03 ,  4.587986e+03 , -4.496966e+03 , -4.385994e+03 ,  2.443054e+03 , -8.300422e+02 ,  3.139890e+03 ,  1.058581e+03 ,  1.533343e+03 , -4.481734e+03 , -4.111462e+03 ,  3.460261e+03 ,  1.966343e+03 , -1.946731e+03 ,  3.719626e+03 , -4.257070e+03 , -3.243436e+03 ,  5.058675e+02 , -2.695654e+03 , -1.776376e+03 , -6.517792e+02 ,  2.483063e+01 ,  4.256463e+03 , -1.495840e+03 , -1.739355e+03 , -2.999472e+03 ,  1.025775e+02 ,  8.001292e+02 ,  2.422176e+03 , -9.445866e+02 ,  2.903811e+03 ,]
positionY_nm_array = [-2.647891e+03 ,  8.075568e+02 , -4.205729e+03 , -3.823614e+02 , -1.941671e+02 ,  4.759952e+03 , -4.635911e+03 ,  5.075142e+02 ,  1.390389e+03 ,  3.331159e+03 ,  2.595622e+03 , -2.970404e+03 ,  2.611868e+03 ,  3.112431e+03 , -1.250545e+03 ,  2.148668e+03 ,  5.956549e+02 ,  4.203317e+03 , -1.666987e+03 ,  4.594634e+03 , -1.326304e+03 , -9.141300e+02 , -3.062001e+03 , -1.135352e+03 , -3.439391e+03 ,  3.277758e+03 , -9.149634e+02 ,  4.366113e+03 , -4.486837e+03 ,  4.413594e+03 , -3.436543e+03 , -2.374996e+03 , -4.469648e+03 ,  1.946379e+03 ,  3.074023e+03 ,  8.966172e+00 ,  4.238463e+03 ,  3.609873e+03 ,  1.225213e+03 ,  1.987181e+03 , -1.527147e+03 , -4.918997e+03 , -1.496844e+03 ,  2.749400e+03 , -4.812097e+03 ,  9.307838e+02 , -2.748209e+03 ,  1.664184e+03 ,  3.602566e+03 ,  4.838849e+03 ,]
angleInclination_array = [2.094395e+00 , 2.094395e+00 , 2.094395e+00 , 2.094395e+00 , 2.094395e+00 , 2.094395e+00 , 2.094395e+00 , 2.094395e+00 , 2.094395e+00 , 2.094395e+00 , 2.094395e+00 , 2.094395e+00 , 2.094395e+00 , 2.094395e+00 , 2.094395e+00 , 2.094395e+00 , 2.094395e+00 , 2.094395e+00 , 2.094395e+00 , 2.094395e+00 , 2.094395e+00 , 2.094395e+00 , 2.094395e+00 , 2.094395e+00 , 2.094395e+00 , 2.094395e+00 , 2.094395e+00 , 2.094395e+00 , 2.094395e+00 , 2.094395e+00 , 2.094395e+00 , 2.094395e+00 , 2.094395e+00 , 2.094395e+00 , 2.094395e+00 , 2.094395e+00 , 2.094395e+00 , 2.094395e+00 , 2.094395e+00 , 2.094395e+00 , 2.094395e+00 , 2.094395e+00 , 2.094395e+00 , 2.094395e+00 , 2.094395e+00 , 2.094395e+00 , 2.094395e+00 , 2.094395e+00 , 2.094395e+00 , 2.094395e+00 ,]
angleAzimuth_array = [1.047198e+00 , 1.047198e+00 , 1.047198e+00 , 1.047198e+00 , 1.047198e+00 , 1.047198e+00 , 1.047198e+00 , 1.047198e+00 , 1.047198e+00 , 1.047198e+00 , 1.047198e+00 , 1.047198e+00 , 1.047198e+00 , 1.047198e+00 , 1.047198e+00 , 1.047198e+00 , 1.047198e+00 , 1.047198e+00 , 1.047198e+00 , 1.047198e+00 , 1.047198e+00 , 1.047198e+00 , 1.047198e+00 , 1.047198e+00 , 1.047198e+00 , 1.047198e+00 , 1.047198e+00 , 1.047198e+00 , 1.047198e+00 , 1.047198e+00 , 1.047198e+00 , 1.047198e+00 , 1.047198e+00 , 1.047198e+00 , 1.047198e+00 , 1.047198e+00 , 1.047198e+00 , 1.047198e+00 , 1.047198e+00 , 1.047198e+00 , 1.047198e+00 , 1.047198e+00 , 1.047198e+00 , 1.047198e+00 , 1.047198e+00 , 1.047198e+00 , 1.047198e+00 , 1.047198e+00 , 1.047198e+00 , 1.047198e+00 ,]
