% ground truth for sim_inc110_az100.tif
% settings
number_of_spots = 50
pixel_size_nm = 51.200
image_size_nm = 14142.136
image_size_px = 275
wavelength = 500
par.objectiveNA = 2.17
objectiveFocalLength = 770
par.refractiveIndices = [1.310000e+00 , 2.170000e+00 , 2.170000e+00 ,]
par.nDiscretizationBFP = 129
par.backgroundNoise = 0.020
par.nPhotons = 500
positionX_nm_array = [4.264167e+02 ,  2.120092e+03 , -2.131565e+03 ,  3.365867e+03 ,  9.849456e+02 ,  5.720217e+02 , -2.127779e+03 , -4.321473e+03 ,  1.217915e+03 , -3.918465e+03 ,  2.300624e+03 , -7.383755e+02 ,  2.561515e+03 ,  1.474574e+03 , -2.471338e+03 , -1.034514e+03 , -3.165772e+03 , -2.231670e+03 , -1.124030e+03 ,  2.800898e+03 ,  4.169182e+03 ,  4.284069e+03 ,  2.493986e+03 , -1.990056e+02 , -2.022199e+03 , -3.367203e+03 , -1.104199e+03 , -3.531625e+03 ,  1.455039e+03 ,  4.930839e+03 ,  4.115634e+03 ,  6.461784e+02 , -3.302515e+03 , -4.549173e+03 , -4.426707e+03 ,  3.490112e+03 , -3.316637e+03 , -1.448386e+03 , -4.494824e+03 ,  1.993442e+03 ,  4.325401e+03 , -4.788923e+03 ,  2.804890e+03 , -4.458276e+03 , -2.505101e+03 , -4.607189e+03 ,  3.710649e+02 ,  2.729812e+03 , -2.325468e+03 ,  4.712255e+03 ,]
positionY_nm_array = [-1.686618e+02 ,  4.554471e+03 , -7.793758e+02 , -1.168393e+03 , -1.013413e+03 , -4.738764e+03 ,  1.245356e+03 , -3.563930e+03 ,  4.751254e+02 , -1.720276e+03 ,  3.347150e+03 , -4.381242e+03 , -2.104933e+03 ,  2.456351e+03 , -4.758943e+03 ,  1.124079e+03 ,  1.303854e+03 , -3.462302e+03 ,  4.410562e+03 , -3.669113e+03 ,  4.298818e+02 ,  2.096709e+03 ,  5.463763e+02 , -1.079178e+03 ,  3.596016e+03 ,  4.411277e+03 ,  2.378367e+03 ,  3.122211e+03 , -3.157916e+03 ,  4.265315e+03 , -4.487300e+03 ,  3.979249e+03 , -2.685227e+01 ,  2.800265e+03 , -6.753247e+02 ,  3.593569e+03 , -2.733109e+03 , -2.059199e+03 ,  3.894443e+03 , -9.347352e+02 , -2.361009e+03 ,  4.933532e+03 , -4.845198e+03 , -4.918952e+03 ,  2.329797e+03 ,  1.329355e+03 , -2.740212e+03 ,  1.765113e+03 ,  4.732408e+03 ,  3.179861e+03 ,]
angleInclination_array = [1.919862e+00 , 1.919862e+00 , 1.919862e+00 , 1.919862e+00 , 1.919862e+00 , 1.919862e+00 , 1.919862e+00 , 1.919862e+00 , 1.919862e+00 , 1.919862e+00 , 1.919862e+00 , 1.919862e+00 , 1.919862e+00 , 1.919862e+00 , 1.919862e+00 , 1.919862e+00 , 1.919862e+00 , 1.919862e+00 , 1.919862e+00 , 1.919862e+00 , 1.919862e+00 , 1.919862e+00 , 1.919862e+00 , 1.919862e+00 , 1.919862e+00 , 1.919862e+00 , 1.919862e+00 , 1.919862e+00 , 1.919862e+00 , 1.919862e+00 , 1.919862e+00 , 1.919862e+00 , 1.919862e+00 , 1.919862e+00 , 1.919862e+00 , 1.919862e+00 , 1.919862e+00 , 1.919862e+00 , 1.919862e+00 , 1.919862e+00 , 1.919862e+00 , 1.919862e+00 , 1.919862e+00 , 1.919862e+00 , 1.919862e+00 , 1.919862e+00 , 1.919862e+00 , 1.919862e+00 , 1.919862e+00 , 1.919862e+00 ,]
angleAzimuth_array = [1.745329e+00 , 1.745329e+00 , 1.745329e+00 , 1.745329e+00 , 1.745329e+00 , 1.745329e+00 , 1.745329e+00 , 1.745329e+00 , 1.745329e+00 , 1.745329e+00 , 1.745329e+00 , 1.745329e+00 , 1.745329e+00 , 1.745329e+00 , 1.745329e+00 , 1.745329e+00 , 1.745329e+00 , 1.745329e+00 , 1.745329e+00 , 1.745329e+00 , 1.745329e+00 , 1.745329e+00 , 1.745329e+00 , 1.745329e+00 , 1.745329e+00 , 1.745329e+00 , 1.745329e+00 , 1.745329e+00 , 1.745329e+00 , 1.745329e+00 , 1.745329e+00 , 1.745329e+00 , 1.745329e+00 , 1.745329e+00 , 1.745329e+00 , 1.745329e+00 , 1.745329e+00 , 1.745329e+00 , 1.745329e+00 , 1.745329e+00 , 1.745329e+00 , 1.745329e+00 , 1.745329e+00 , 1.745329e+00 , 1.745329e+00 , 1.745329e+00 , 1.745329e+00 , 1.745329e+00 , 1.745329e+00 , 1.745329e+00 ,]
