% ground truth for sim_inc10_az260.tif
% settings
number_of_spots = 50
pixel_size_nm = 51.200
image_size_nm = 14142.136
image_size_px = 275
wavelength = 500
par.objectiveNA = 2.17
objectiveFocalLength = 770
par.refractiveIndices = [1.310000e+00 , 2.170000e+00 , 2.170000e+00 ,]
par.nDiscretizationBFP = 129
par.backgroundNoise = 0.020
par.nPhotons = 500
positionX_nm_array = [-2.496958e+03 , -9.722612e+02 ,  6.136988e+02 ,  2.964457e+03 , -1.541961e+03 , -4.297650e+03 , -2.657217e+03 ,  1.310192e+03 ,  7.021012e+01 , -1.106710e+03 , -4.367893e+03 , -6.522693e+02 ,  3.776451e+03 ,  4.251962e+02 ,  3.581616e+03 ,  2.287342e+03 ,  4.778532e+03 , -2.682984e+03 , -3.101205e+03 , -3.031640e+03 ,  2.300303e+03 , -3.519446e+03 , -1.449235e+03 ,  4.667700e+03 ,  2.588523e+03 ,  3.845712e+03 , -4.863260e+03 ,  5.630534e+00 , -4.593519e+03 ,  7.468164e+02 ,  1.301660e+03 ,  4.874084e+03 , -3.673657e+03 , -8.276921e+01 ,  1.020840e+03 ,  3.295403e+03 , -1.304493e+03 , -1.744794e+03 ,  1.525367e+03 ,  4.627432e+02 , -4.410007e+03 , -2.797869e+03 , -1.724803e+03 ,  2.655108e+03 ,  2.949418e+03 ,  4.826095e+03 ,  2.172669e+03 , -4.662482e+03 , -4.649380e+03 , -3.623499e+03 ,]
positionY_nm_array = [3.446033e+03 ,  2.292691e+03 , -6.826727e+02 , -2.227691e+03 ,  9.429876e+02 , -2.584010e+03 , -1.384684e+03 ,  1.634428e+03 ,  1.371898e+03 , -4.282475e+03 , -3.980154e+03 , -7.036990e+02 ,  2.460457e+03 , -3.478681e+03 , -4.087245e+03 ,  3.662629e+03 , -2.212781e+03 , -2.835860e+03 , -4.362535e+03 ,  1.485437e+03 , -3.206757e+03 ,  3.628749e+03 ,  4.233605e+03 ,  8.068223e+02 ,  9.848702e+02 ,  3.847295e+03 , -1.484579e+03 ,  1.886775e+02 ,  2.874321e+03 ,  3.905242e+03 , -4.600880e+03 ,  4.115669e+03 , -1.113049e+03 , -1.791527e+03 , -2.599767e+03 , -3.515839e+02 , -1.845668e+03 , -7.677548e+02 ,  4.498754e+02 ,  2.769433e+03 ,  1.293048e+03 , -3.902834e+02 , -3.218402e+03 , -4.801308e+03 ,  4.488894e+03 ,  2.003624e+03 ,  2.633933e+03 ,  2.429396e+02 ,  4.152596e+03 ,  4.721159e+03 ,]
angleInclination_array = [1.745329e-01 , 1.745329e-01 , 1.745329e-01 , 1.745329e-01 , 1.745329e-01 , 1.745329e-01 , 1.745329e-01 , 1.745329e-01 , 1.745329e-01 , 1.745329e-01 , 1.745329e-01 , 1.745329e-01 , 1.745329e-01 , 1.745329e-01 , 1.745329e-01 , 1.745329e-01 , 1.745329e-01 , 1.745329e-01 , 1.745329e-01 , 1.745329e-01 , 1.745329e-01 , 1.745329e-01 , 1.745329e-01 , 1.745329e-01 , 1.745329e-01 , 1.745329e-01 , 1.745329e-01 , 1.745329e-01 , 1.745329e-01 , 1.745329e-01 , 1.745329e-01 , 1.745329e-01 , 1.745329e-01 , 1.745329e-01 , 1.745329e-01 , 1.745329e-01 , 1.745329e-01 , 1.745329e-01 , 1.745329e-01 , 1.745329e-01 , 1.745329e-01 , 1.745329e-01 , 1.745329e-01 , 1.745329e-01 , 1.745329e-01 , 1.745329e-01 , 1.745329e-01 , 1.745329e-01 , 1.745329e-01 , 1.745329e-01 ,]
angleAzimuth_array = [4.537856e+00 , 4.537856e+00 , 4.537856e+00 , 4.537856e+00 , 4.537856e+00 , 4.537856e+00 , 4.537856e+00 , 4.537856e+00 , 4.537856e+00 , 4.537856e+00 , 4.537856e+00 , 4.537856e+00 , 4.537856e+00 , 4.537856e+00 , 4.537856e+00 , 4.537856e+00 , 4.537856e+00 , 4.537856e+00 , 4.537856e+00 , 4.537856e+00 , 4.537856e+00 , 4.537856e+00 , 4.537856e+00 , 4.537856e+00 , 4.537856e+00 , 4.537856e+00 , 4.537856e+00 , 4.537856e+00 , 4.537856e+00 , 4.537856e+00 , 4.537856e+00 , 4.537856e+00 , 4.537856e+00 , 4.537856e+00 , 4.537856e+00 , 4.537856e+00 , 4.537856e+00 , 4.537856e+00 , 4.537856e+00 , 4.537856e+00 , 4.537856e+00 , 4.537856e+00 , 4.537856e+00 , 4.537856e+00 , 4.537856e+00 , 4.537856e+00 , 4.537856e+00 , 4.537856e+00 , 4.537856e+00 , 4.537856e+00 ,]
