% ground truth for sim_inc130_az60.tif
% settings
number_of_spots = 50
pixel_size_nm = 51.200
image_size_nm = 14142.136
image_size_px = 275
wavelength = 500
par.objectiveNA = 2.17
objectiveFocalLength = 770
par.refractiveIndices = [1.310000e+00 , 2.170000e+00 , 2.170000e+00 ,]
par.nDiscretizationBFP = 129
par.backgroundNoise = 0.020
par.nPhotons = 500
positionX_nm_array = [-8.377913e+02 ,  2.187344e+03 , -3.650008e+03 , -1.067819e+03 ,  2.839501e+03 , -1.267781e+03 , -4.261967e+03 , -1.173789e+03 ,  2.693360e+03 ,  4.719481e+03 ,  8.642363e+02 , -2.169197e+03 , -4.667981e+03 , -3.597947e+03 ,  2.132631e+03 ,  3.815608e+03 ,  2.572780e+03 ,  4.566889e+03 , -2.513351e+03 ,  3.187007e+03 ,  1.618562e+03 ,  8.278777e+02 ,  1.094502e+03 ,  1.543209e+03 ,  3.862104e+02 , -3.362283e+03 , -2.618044e+03 ,  6.635845e+02 , -3.693206e+03 ,  3.525330e+03 ,  1.090295e+03 ,  1.879070e+01 , -2.760707e+03 ,  4.729619e+03 ,  3.338550e+03 , -2.231801e+03 , -2.258624e+03 , -1.946343e+02 , -3.587880e+03 ,  3.125042e+03 ,  4.666035e+03 ,  1.452441e+03 , -3.816783e+03 ,  4.794590e+03 , -3.604450e+02 , -4.891105e+03 ,  3.576837e+03 , -1.031583e+03 ,  4.225265e+03 ,  2.358450e+03 ,]
positionY_nm_array = [4.649267e+03 , -2.680408e+03 ,  1.110443e+03 ,  7.218374e+02 ,  1.847444e+03 ,  2.936563e+03 ,  2.460196e+03 , -1.872759e+03 , -1.809351e+03 ,  4.921408e+03 , -2.044601e+03 ,  4.871451e+03 , -3.289942e+02 , -1.959805e+03 ,  3.781676e+03 , -2.271419e+03 , -2.394772e+02 , -1.589832e+03 ,  1.940313e+03 , -4.870817e+03 , -4.872119e+03 ,  1.540512e+03 ,  4.458786e+03 ,  2.804945e+03 ,  2.819278e+03 , -2.941725e+03 , -4.393325e+03 , -6.331483e+02 ,  4.507355e+03 ,  9.495273e+02 , -3.690237e+03 , -4.541736e+03 , -7.875203e+02 ,  3.753042e+03 , -8.970007e+02 ,  3.641878e+03 , -2.801582e+03 ,  1.076585e+02 , -9.053938e+01 , -3.585877e+03 ,  1.441466e+03 ,  5.308148e+02 , -4.238252e+03 , -3.301314e+03 , -3.211655e+03 , -2.561525e+03 ,  2.887045e+03 ,  1.932159e+03 , -4.722014e+03 ,  4.918423e+03 ,]
angleInclination_array = [2.268928e+00 , 2.268928e+00 , 2.268928e+00 , 2.268928e+00 , 2.268928e+00 , 2.268928e+00 , 2.268928e+00 , 2.268928e+00 , 2.268928e+00 , 2.268928e+00 , 2.268928e+00 , 2.268928e+00 , 2.268928e+00 , 2.268928e+00 , 2.268928e+00 , 2.268928e+00 , 2.268928e+00 , 2.268928e+00 , 2.268928e+00 , 2.268928e+00 , 2.268928e+00 , 2.268928e+00 , 2.268928e+00 , 2.268928e+00 , 2.268928e+00 , 2.268928e+00 , 2.268928e+00 , 2.268928e+00 , 2.268928e+00 , 2.268928e+00 , 2.268928e+00 , 2.268928e+00 , 2.268928e+00 , 2.268928e+00 , 2.268928e+00 , 2.268928e+00 , 2.268928e+00 , 2.268928e+00 , 2.268928e+00 , 2.268928e+00 , 2.268928e+00 , 2.268928e+00 , 2.268928e+00 , 2.268928e+00 , 2.268928e+00 , 2.268928e+00 , 2.268928e+00 , 2.268928e+00 , 2.268928e+00 , 2.268928e+00 ,]
angleAzimuth_array = [1.047198e+00 , 1.047198e+00 , 1.047198e+00 , 1.047198e+00 , 1.047198e+00 , 1.047198e+00 , 1.047198e+00 , 1.047198e+00 , 1.047198e+00 , 1.047198e+00 , 1.047198e+00 , 1.047198e+00 , 1.047198e+00 , 1.047198e+00 , 1.047198e+00 , 1.047198e+00 , 1.047198e+00 , 1.047198e+00 , 1.047198e+00 , 1.047198e+00 , 1.047198e+00 , 1.047198e+00 , 1.047198e+00 , 1.047198e+00 , 1.047198e+00 , 1.047198e+00 , 1.047198e+00 , 1.047198e+00 , 1.047198e+00 , 1.047198e+00 , 1.047198e+00 , 1.047198e+00 , 1.047198e+00 , 1.047198e+00 , 1.047198e+00 , 1.047198e+00 , 1.047198e+00 , 1.047198e+00 , 1.047198e+00 , 1.047198e+00 , 1.047198e+00 , 1.047198e+00 , 1.047198e+00 , 1.047198e+00 , 1.047198e+00 , 1.047198e+00 , 1.047198e+00 , 1.047198e+00 , 1.047198e+00 , 1.047198e+00 ,]
