% ground truth for sim_inc0_az260.tif
% settings
number_of_spots = 50
pixel_size_nm = 51.200
image_size_nm = 14142.136
image_size_px = 275
wavelength = 500
par.objectiveNA = 2.17
objectiveFocalLength = 770
par.refractiveIndices = [1.310000e+00 , 2.170000e+00 , 2.170000e+00 ,]
par.nDiscretizationBFP = 129
par.backgroundNoise = 0.020
par.nPhotons = 500
positionX_nm_array = [2.648514e+03 ,  1.047387e+03 , -4.617106e+03 , -2.992924e+03 ,  5.682521e+02 , -2.376949e+03 , -3.999678e+03 ,  1.361854e+02 , -4.068541e+03 , -2.977707e+03 , -3.343673e+03 ,  4.115108e+03 ,  2.553922e+01 , -5.262493e+02 ,  3.125602e+03 , -2.419920e+03 ,  2.147527e+03 ,  4.684742e+03 ,  2.975218e+03 , -2.540333e+03 , -4.774894e+03 , -3.668722e+03 ,  3.797205e+03 ,  1.416374e+03 , -1.831186e+03 , -8.071789e+02 ,  3.725175e+02 , -1.257248e+03 ,  4.026788e+03 , -3.557324e+03 ,  2.297428e+03 ,  1.017101e+03 ,  1.857424e+03 ,  4.727347e+03 ,  1.206880e+03 ,  4.896157e+03 , -3.395240e+03 , -1.845231e+03 , -3.920984e+03 ,  3.338408e+03 ,  2.148431e+03 ,  3.432896e+03 ,  4.386832e+03 , -2.109346e+03 ,  4.640667e+03 , -1.419834e+03 , -7.226563e+02 , -5.530489e+02 , -2.245081e+03 ,  3.175202e+03 ,]
positionY_nm_array = [2.895170e+03 ,  6.855955e+02 , -4.971878e+02 ,  1.842851e+03 , -4.696478e+03 ,  3.193741e+03 , -2.119519e+03 , -8.455067e+02 ,  1.353051e+03 , -2.800364e+03 , -4.418600e+03 , -8.429829e+02 ,  4.384133e+03 ,  2.232159e+03 , -2.285206e+03 ,  6.511261e+02 , -1.584699e+02 ,  3.811262e+03 , -1.012787e+03 , -3.540777e+02 , -3.854397e+03 ,  2.976564e+03 ,  2.979358e+03 , -4.016519e+03 , -2.938632e+03 , -3.618114e+03 , -2.157820e+03 ,  3.734672e+03 , -4.244251e+03 , -9.456441e-01 , -2.960028e+03 ,  2.783654e+03 , -1.567028e+03 , -3.484486e+03 ,  4.827849e+03 ,  2.448067e+03 , -1.126765e+03 , -4.268383e+03 ,  4.497128e+03 ,  4.133275e+01 ,  1.966941e+03 ,  4.345155e+03 ,  1.273125e+03 , -1.805805e+03 , -1.802780e+03 ,  3.349131e+02 , -2.212361e+03 , -4.642268e+03 ,  4.462308e+03 , -3.635473e+03 ,]
angleInclination_array = [0 , 0 , 0 , 0 , 0 , 0 , 0 , 0 , 0 , 0 , 0 , 0 , 0 , 0 , 0 , 0 , 0 , 0 , 0 , 0 , 0 , 0 , 0 , 0 , 0 , 0 , 0 , 0 , 0 , 0 , 0 , 0 , 0 , 0 , 0 , 0 , 0 , 0 , 0 , 0 , 0 , 0 , 0 , 0 , 0 , 0 , 0 , 0 , 0 , 0 ,]
angleAzimuth_array = [4.537856e+00 , 4.537856e+00 , 4.537856e+00 , 4.537856e+00 , 4.537856e+00 , 4.537856e+00 , 4.537856e+00 , 4.537856e+00 , 4.537856e+00 , 4.537856e+00 , 4.537856e+00 , 4.537856e+00 , 4.537856e+00 , 4.537856e+00 , 4.537856e+00 , 4.537856e+00 , 4.537856e+00 , 4.537856e+00 , 4.537856e+00 , 4.537856e+00 , 4.537856e+00 , 4.537856e+00 , 4.537856e+00 , 4.537856e+00 , 4.537856e+00 , 4.537856e+00 , 4.537856e+00 , 4.537856e+00 , 4.537856e+00 , 4.537856e+00 , 4.537856e+00 , 4.537856e+00 , 4.537856e+00 , 4.537856e+00 , 4.537856e+00 , 4.537856e+00 , 4.537856e+00 , 4.537856e+00 , 4.537856e+00 , 4.537856e+00 , 4.537856e+00 , 4.537856e+00 , 4.537856e+00 , 4.537856e+00 , 4.537856e+00 , 4.537856e+00 , 4.537856e+00 , 4.537856e+00 , 4.537856e+00 , 4.537856e+00 ,]
