% ground truth for sim_inc20_az220.tif
% settings
number_of_spots = 50
pixel_size_nm = 51.200
image_size_nm = 14142.136
image_size_px = 275
wavelength = 500
par.objectiveNA = 2.17
objectiveFocalLength = 770
par.refractiveIndices = [1.310000e+00 , 2.170000e+00 , 2.170000e+00 ,]
par.nDiscretizationBFP = 129
par.backgroundNoise = 0.020
par.nPhotons = 500
positionX_nm_array = [-4.520618e+03 ,  3.229590e+03 ,  4.129627e+03 ,  4.821283e+03 ,  4.198014e+03 ,  2.347975e+03 , -2.651707e+03 ,  3.004157e+03 , -1.137957e+03 ,  6.780223e+02 ,  4.923624e+03 , -2.728047e+03 ,  1.543788e+02 , -4.413799e+03 ,  1.476746e+03 , -3.707428e+03 , -1.658065e+03 , -1.525096e+03 , -4.550364e+02 ,  2.891744e+02 ,  2.399062e+02 ,  8.654287e+02 , -3.349390e+03 ,  2.643572e+03 , -3.314812e+02 ,  4.863353e+03 ,  4.817464e+03 , -2.055554e+03 , -2.823830e+03 , -4.314022e+03 ,  3.407762e+03 , -1.947500e+03 , -3.838711e+03 ,  3.592677e+02 , -4.683801e+03 , -3.459023e+03 , -5.805584e+02 , -1.811796e+03 , -3.194597e+03 ,  1.866827e+03 , -3.711774e+03 ,  2.998993e+03 , -2.724887e+03 , -2.326537e+03 ,  1.728173e+03 ,  7.185479e+02 ,  1.765655e+03 , -4.759594e+03 ,  3.930212e+03 , -4.555868e+03 ,]
positionY_nm_array = [1.779510e+03 , -4.172762e+03 , -1.633281e+03 ,  2.380164e+03 , -4.021243e+02 ,  2.245942e+03 ,  3.022340e+03 ,  1.032033e+03 ,  4.803186e+03 , -1.466278e+03 ,  7.957923e+02 , -2.738860e+03 ,  2.041664e+03 , -1.491002e+03 , -3.696151e+03 ,  3.092534e+02 , -4.838694e+03 , -1.970581e+03 , -3.652213e+03 , -2.644819e+03 ,  4.883510e+03 ,  1.083387e+03 , -3.582138e+03 ,  2.893028e+01 ,  1.306979e+01 ,  3.390903e+03 , -2.901820e+03 , -3.487306e+03 , -9.442224e+02 , -3.284839e+03 ,  3.639245e+03 ,  3.922377e+00 ,  4.836213e+03 , -4.827977e+03 , -4.654919e+03 , -4.613240e+03 ,  3.650539e+03 ,  3.974835e+03 ,  1.723202e+03 , -2.550923e+03 ,  3.096579e+03 , -2.855997e+03 ,  4.812757e+03 ,  1.221807e+03 , -1.524793e+03 ,  2.891800e+03 ,  4.145081e+03 ,  3.169496e+03 ,  4.642845e+03 , -2.245638e+02 ,]
angleInclination_array = [3.490659e-01 , 3.490659e-01 , 3.490659e-01 , 3.490659e-01 , 3.490659e-01 , 3.490659e-01 , 3.490659e-01 , 3.490659e-01 , 3.490659e-01 , 3.490659e-01 , 3.490659e-01 , 3.490659e-01 , 3.490659e-01 , 3.490659e-01 , 3.490659e-01 , 3.490659e-01 , 3.490659e-01 , 3.490659e-01 , 3.490659e-01 , 3.490659e-01 , 3.490659e-01 , 3.490659e-01 , 3.490659e-01 , 3.490659e-01 , 3.490659e-01 , 3.490659e-01 , 3.490659e-01 , 3.490659e-01 , 3.490659e-01 , 3.490659e-01 , 3.490659e-01 , 3.490659e-01 , 3.490659e-01 , 3.490659e-01 , 3.490659e-01 , 3.490659e-01 , 3.490659e-01 , 3.490659e-01 , 3.490659e-01 , 3.490659e-01 , 3.490659e-01 , 3.490659e-01 , 3.490659e-01 , 3.490659e-01 , 3.490659e-01 , 3.490659e-01 , 3.490659e-01 , 3.490659e-01 , 3.490659e-01 , 3.490659e-01 ,]
angleAzimuth_array = [3.839724e+00 , 3.839724e+00 , 3.839724e+00 , 3.839724e+00 , 3.839724e+00 , 3.839724e+00 , 3.839724e+00 , 3.839724e+00 , 3.839724e+00 , 3.839724e+00 , 3.839724e+00 , 3.839724e+00 , 3.839724e+00 , 3.839724e+00 , 3.839724e+00 , 3.839724e+00 , 3.839724e+00 , 3.839724e+00 , 3.839724e+00 , 3.839724e+00 , 3.839724e+00 , 3.839724e+00 , 3.839724e+00 , 3.839724e+00 , 3.839724e+00 , 3.839724e+00 , 3.839724e+00 , 3.839724e+00 , 3.839724e+00 , 3.839724e+00 , 3.839724e+00 , 3.839724e+00 , 3.839724e+00 , 3.839724e+00 , 3.839724e+00 , 3.839724e+00 , 3.839724e+00 , 3.839724e+00 , 3.839724e+00 , 3.839724e+00 , 3.839724e+00 , 3.839724e+00 , 3.839724e+00 , 3.839724e+00 , 3.839724e+00 , 3.839724e+00 , 3.839724e+00 , 3.839724e+00 , 3.839724e+00 , 3.839724e+00 ,]
