% ground truth for sim_inc40_az260.tif
% settings
number_of_spots = 50
pixel_size_nm = 51.200
image_size_nm = 14142.136
image_size_px = 275
wavelength = 500
par.objectiveNA = 2.17
objectiveFocalLength = 770
par.refractiveIndices = [1.310000e+00 , 2.170000e+00 , 2.170000e+00 ,]
par.nDiscretizationBFP = 129
par.backgroundNoise = 0.020
par.nPhotons = 500
positionX_nm_array = [3.854732e+03 ,  1.851123e+03 ,  2.137907e+03 ,  4.106231e+03 , -3.978712e+03 , -2.097414e+03 ,  2.578039e+03 , -4.997653e+02 , -2.916651e+03 , -3.044060e+03 , -3.503946e+03 , -4.851731e+03 , -4.795209e+03 ,  5.612013e+02 ,  1.559881e+03 ,  7.573923e+02 ,  3.832078e+03 , -8.770702e+02 ,  6.802924e+02 , -1.750229e+03 , -4.343335e+02 ,  3.029124e+03 ,  1.778449e+03 , -4.448960e+03 , -3.038067e+03 , -1.551822e+03 , -1.831860e+03 , -2.478466e+03 ,  1.045486e+03 ,  2.225731e+03 , -1.965963e+03 , -4.920333e+03 , -4.497594e+03 , -2.475410e+03 ,  2.690670e+03 , -8.217007e+02 , -1.956935e+02 ,  1.430260e+03 ,  4.653358e+03 ,  4.207898e+03 , -3.112767e+03 ,  7.427665e+02 , -3.405818e+03 , -4.507549e+03 , -1.116069e+03 , -1.891250e+02 ,  2.947065e+03 ,  1.304388e+03 ,  2.661344e+03 ,  4.143557e+03 ,]
positionY_nm_array = [-3.086564e+03 , -1.991569e+03 , -3.531642e+03 ,  2.357330e+03 , -5.529108e+02 ,  1.717683e+03 ,  4.510418e+02 ,  7.906563e+02 ,  4.795347e+02 ,  3.731647e+03 ,  1.367927e+03 , -2.878616e+03 ,  6.508465e+02 ,  3.451206e+03 ,  3.344706e+03 ,  3.938879e+02 ,  4.373085e+03 ,  1.910297e+03 , -1.375741e+03 , -1.328453e+03 , -1.628821e+03 , -1.386755e+03 , -4.752641e+02 , -4.665477e+03 , -4.010091e+03 , -2.394504e+02 ,  2.738307e+03 ,  4.918527e+03 , -3.016646e+03 ,  2.145414e+03 , -4.059778e+03 , -1.029051e+03 ,  2.633693e+03 , -2.266834e+03 ,  4.725393e+03 ,  3.222693e+03 , -4.142416e+03 ,  4.533927e+03 , -4.438852e+03 , -2.791334e+02 , -1.272324e+03 ,  1.514048e+03 , -2.840679e+03 ,  4.905050e+03 , -2.725425e+03 ,  4.841690e+03 , -4.573685e+03 , -4.101378e+03 ,  3.669858e+03 , -1.799555e+03 ,]
angleInclination_array = [6.981317e-01 , 6.981317e-01 , 6.981317e-01 , 6.981317e-01 , 6.981317e-01 , 6.981317e-01 , 6.981317e-01 , 6.981317e-01 , 6.981317e-01 , 6.981317e-01 , 6.981317e-01 , 6.981317e-01 , 6.981317e-01 , 6.981317e-01 , 6.981317e-01 , 6.981317e-01 , 6.981317e-01 , 6.981317e-01 , 6.981317e-01 , 6.981317e-01 , 6.981317e-01 , 6.981317e-01 , 6.981317e-01 , 6.981317e-01 , 6.981317e-01 , 6.981317e-01 , 6.981317e-01 , 6.981317e-01 , 6.981317e-01 , 6.981317e-01 , 6.981317e-01 , 6.981317e-01 , 6.981317e-01 , 6.981317e-01 , 6.981317e-01 , 6.981317e-01 , 6.981317e-01 , 6.981317e-01 , 6.981317e-01 , 6.981317e-01 , 6.981317e-01 , 6.981317e-01 , 6.981317e-01 , 6.981317e-01 , 6.981317e-01 , 6.981317e-01 , 6.981317e-01 , 6.981317e-01 , 6.981317e-01 , 6.981317e-01 ,]
angleAzimuth_array = [4.537856e+00 , 4.537856e+00 , 4.537856e+00 , 4.537856e+00 , 4.537856e+00 , 4.537856e+00 , 4.537856e+00 , 4.537856e+00 , 4.537856e+00 , 4.537856e+00 , 4.537856e+00 , 4.537856e+00 , 4.537856e+00 , 4.537856e+00 , 4.537856e+00 , 4.537856e+00 , 4.537856e+00 , 4.537856e+00 , 4.537856e+00 , 4.537856e+00 , 4.537856e+00 , 4.537856e+00 , 4.537856e+00 , 4.537856e+00 , 4.537856e+00 , 4.537856e+00 , 4.537856e+00 , 4.537856e+00 , 4.537856e+00 , 4.537856e+00 , 4.537856e+00 , 4.537856e+00 , 4.537856e+00 , 4.537856e+00 , 4.537856e+00 , 4.537856e+00 , 4.537856e+00 , 4.537856e+00 , 4.537856e+00 , 4.537856e+00 , 4.537856e+00 , 4.537856e+00 , 4.537856e+00 , 4.537856e+00 , 4.537856e+00 , 4.537856e+00 , 4.537856e+00 , 4.537856e+00 , 4.537856e+00 , 4.537856e+00 ,]
