% ground truth for sim_inc70_az220.tif
% settings
number_of_spots = 50
pixel_size_nm = 51.200
image_size_nm = 14142.136
image_size_px = 275
wavelength = 500
par.objectiveNA = 2.17
objectiveFocalLength = 770
par.refractiveIndices = [1.310000e+00 , 2.170000e+00 , 2.170000e+00 ,]
par.nDiscretizationBFP = 129
par.backgroundNoise = 0.020
par.nPhotons = 500
positionX_nm_array = [-3.512337e+03 , -2.666998e+03 ,  1.867128e+03 , -4.901263e+03 ,  4.777181e+03 , -2.038964e+03 , -1.660605e+03 , -3.416798e+03 ,  3.727874e+03 ,  4.426878e+03 , -4.917771e+03 ,  3.592954e+03 ,  1.573573e+03 ,  3.819892e+03 ,  1.998192e+03 ,  2.835229e+03 ,  1.359981e+03 ,  1.482733e+03 ,  5.800628e+02 , -4.323385e+03 , -3.015358e+02 , -3.797932e+03 ,  2.941943e+03 ,  4.294610e+03 , -1.252198e+02 ,  4.842500e+03 , -1.857408e+03 ,  4.834435e+03 , -3.323006e+03 ,  9.249131e+02 , -3.502204e+03 , -4.240798e+03 , -3.402765e+03 , -4.368235e+03 ,  4.519790e+01 ,  1.940324e+02 , -2.370558e+03 ,  3.843901e+03 , -2.869696e+03 , -7.445631e+02 ,  3.423342e+03 , -1.660409e+03 ,  4.879760e+03 ,  2.412933e+03 , -3.845424e+02 ,  4.509575e+03 ,  1.928724e+01 , -1.237308e+03 , -3.669708e+03 , -1.570947e+03 ,]
positionY_nm_array = [4.791781e+03 ,  1.101280e+03 , -4.755838e+02 , -4.565517e+03 ,  2.352750e+03 ,  4.892974e+03 ,  3.660314e+03 , -1.461024e+03 , -4.447196e+03 ,  9.106528e+02 ,  2.786365e+02 ,  2.467412e+03 ,  3.919028e+03 , -2.046425e+03 ,  2.368026e+03 , -1.783165e+03 ,  7.259763e+02 , -4.379499e+03 , -1.424163e+03 ,  2.276032e+03 , -7.093350e+02 , -3.409856e+03 ,  4.237646e+03 ,  3.627684e+03 ,  4.065916e+03 , -3.982345e+03 , -4.272573e+03 , -2.443859e+03 ,  3.429162e+02 ,  2.947767e+03 , -4.789450e+03 , -2.077300e+03 ,  3.156468e+03 , -9.179328e+02 , -3.565050e+03 , -2.471078e+03 , -1.549052e+02 , -3.127978e+03 , -2.754807e+03 , -4.488192e+03 ,  2.685388e+02 ,  1.138036e+03 ,  4.544574e+03 , -3.054013e+03 ,  2.958577e+03 , -9.091905e+02 ,  2.005485e+03 , -3.516337e+02 ,  1.474575e+03 , -2.187425e+03 ,]
angleInclination_array = [1.221730e+00 , 1.221730e+00 , 1.221730e+00 , 1.221730e+00 , 1.221730e+00 , 1.221730e+00 , 1.221730e+00 , 1.221730e+00 , 1.221730e+00 , 1.221730e+00 , 1.221730e+00 , 1.221730e+00 , 1.221730e+00 , 1.221730e+00 , 1.221730e+00 , 1.221730e+00 , 1.221730e+00 , 1.221730e+00 , 1.221730e+00 , 1.221730e+00 , 1.221730e+00 , 1.221730e+00 , 1.221730e+00 , 1.221730e+00 , 1.221730e+00 , 1.221730e+00 , 1.221730e+00 , 1.221730e+00 , 1.221730e+00 , 1.221730e+00 , 1.221730e+00 , 1.221730e+00 , 1.221730e+00 , 1.221730e+00 , 1.221730e+00 , 1.221730e+00 , 1.221730e+00 , 1.221730e+00 , 1.221730e+00 , 1.221730e+00 , 1.221730e+00 , 1.221730e+00 , 1.221730e+00 , 1.221730e+00 , 1.221730e+00 , 1.221730e+00 , 1.221730e+00 , 1.221730e+00 , 1.221730e+00 , 1.221730e+00 ,]
angleAzimuth_array = [3.839724e+00 , 3.839724e+00 , 3.839724e+00 , 3.839724e+00 , 3.839724e+00 , 3.839724e+00 , 3.839724e+00 , 3.839724e+00 , 3.839724e+00 , 3.839724e+00 , 3.839724e+00 , 3.839724e+00 , 3.839724e+00 , 3.839724e+00 , 3.839724e+00 , 3.839724e+00 , 3.839724e+00 , 3.839724e+00 , 3.839724e+00 , 3.839724e+00 , 3.839724e+00 , 3.839724e+00 , 3.839724e+00 , 3.839724e+00 , 3.839724e+00 , 3.839724e+00 , 3.839724e+00 , 3.839724e+00 , 3.839724e+00 , 3.839724e+00 , 3.839724e+00 , 3.839724e+00 , 3.839724e+00 , 3.839724e+00 , 3.839724e+00 , 3.839724e+00 , 3.839724e+00 , 3.839724e+00 , 3.839724e+00 , 3.839724e+00 , 3.839724e+00 , 3.839724e+00 , 3.839724e+00 , 3.839724e+00 , 3.839724e+00 , 3.839724e+00 , 3.839724e+00 , 3.839724e+00 , 3.839724e+00 , 3.839724e+00 ,]
