% ground truth for sim_inc120_az280.tif
% settings
number_of_spots = 50
pixel_size_nm = 51.200
image_size_nm = 14142.136
image_size_px = 275
wavelength = 500
par.objectiveNA = 2.17
objectiveFocalLength = 770
par.refractiveIndices = [1.310000e+00 , 2.170000e+00 , 2.170000e+00 ,]
par.nDiscretizationBFP = 129
par.backgroundNoise = 0.020
par.nPhotons = 500
positionX_nm_array = [-4.675931e+02 , -3.657936e+02 , -4.341215e+02 ,  2.545724e+03 , -4.382262e+03 ,  2.788243e+03 ,  3.689174e+03 , -4.777696e+03 , -3.575870e+03 , -1.490804e+03 ,  2.377524e+03 , -6.703237e+02 ,  1.070956e+03 ,  4.361142e+02 ,  2.878079e+03 , -4.737825e+03 , -2.980678e+01 , -4.422309e+03 , -3.812851e+03 , -1.758392e+03 ,  8.948372e+02 ,  1.456673e+03 ,  3.764779e+03 ,  4.186621e+03 , -2.303066e+03 ,  4.422064e+03 , -3.672477e+03 , -1.337386e+03 , -3.165487e+03 ,  1.791699e+03 , -4.316380e+02 , -4.791197e+03 ,  3.166421e+03 ,  3.696099e+03 , -4.729920e+03 ,  4.772670e+03 , -2.621199e+03 , -2.528324e+03 , -2.332929e+03 , -1.453272e+03 , -4.935928e+03 , -4.523275e+03 , -1.325688e+03 , -1.731743e+03 ,  2.613735e+03 , -4.772108e+03 ,  3.240075e+02 ,  1.329593e+03 ,  1.499404e+03 , -2.629319e+03 ,]
positionY_nm_array = [-1.817976e+03 ,  1.158906e+03 , -4.423631e+02 ,  2.522116e+03 , -4.904230e+03 ,  4.291480e+03 , -4.342819e+03 , -1.277230e+03 ,  3.928166e+03 , -3.278142e+02 , -4.081027e+03 , -4.284957e+03 ,  3.218442e+03 ,  1.946224e+03 ,  1.346815e+03 , -2.341160e+03 , -3.017271e+03 ,  4.721350e+03 , -3.756164e+03 ,  2.017710e+03 , -3.598415e+03 , -2.513830e+03 , -1.289328e+03 ,  3.652802e+03 , -1.048761e+03 ,  2.559587e+03 ,  1.683815e+03 ,  7.702918e+02 , -4.701885e+03 ,  1.099170e+03 ,  3.759265e+03 , -2.587975e+02 , -2.485384e+03 ,  2.116526e+02 ,  9.418856e+02 , -1.927272e+03 ,  2.720250e+03 ,  4.418718e+03 ,  1.097516e+03 , -2.933870e+03 , -3.457588e+03 ,  3.199612e+03 ,  4.277331e+03 , -1.952944e+03 , -4.420885e+02 ,  1.998445e+03 ,  3.571632e+02 , -5.206142e+02 ,  2.190587e+03 , -2.442204e+03 ,]
angleInclination_array = [2.094395e+00 , 2.094395e+00 , 2.094395e+00 , 2.094395e+00 , 2.094395e+00 , 2.094395e+00 , 2.094395e+00 , 2.094395e+00 , 2.094395e+00 , 2.094395e+00 , 2.094395e+00 , 2.094395e+00 , 2.094395e+00 , 2.094395e+00 , 2.094395e+00 , 2.094395e+00 , 2.094395e+00 , 2.094395e+00 , 2.094395e+00 , 2.094395e+00 , 2.094395e+00 , 2.094395e+00 , 2.094395e+00 , 2.094395e+00 , 2.094395e+00 , 2.094395e+00 , 2.094395e+00 , 2.094395e+00 , 2.094395e+00 , 2.094395e+00 , 2.094395e+00 , 2.094395e+00 , 2.094395e+00 , 2.094395e+00 , 2.094395e+00 , 2.094395e+00 , 2.094395e+00 , 2.094395e+00 , 2.094395e+00 , 2.094395e+00 , 2.094395e+00 , 2.094395e+00 , 2.094395e+00 , 2.094395e+00 , 2.094395e+00 , 2.094395e+00 , 2.094395e+00 , 2.094395e+00 , 2.094395e+00 , 2.094395e+00 ,]
angleAzimuth_array = [4.886922e+00 , 4.886922e+00 , 4.886922e+00 , 4.886922e+00 , 4.886922e+00 , 4.886922e+00 , 4.886922e+00 , 4.886922e+00 , 4.886922e+00 , 4.886922e+00 , 4.886922e+00 , 4.886922e+00 , 4.886922e+00 , 4.886922e+00 , 4.886922e+00 , 4.886922e+00 , 4.886922e+00 , 4.886922e+00 , 4.886922e+00 , 4.886922e+00 , 4.886922e+00 , 4.886922e+00 , 4.886922e+00 , 4.886922e+00 , 4.886922e+00 , 4.886922e+00 , 4.886922e+00 , 4.886922e+00 , 4.886922e+00 , 4.886922e+00 , 4.886922e+00 , 4.886922e+00 , 4.886922e+00 , 4.886922e+00 , 4.886922e+00 , 4.886922e+00 , 4.886922e+00 , 4.886922e+00 , 4.886922e+00 , 4.886922e+00 , 4.886922e+00 , 4.886922e+00 , 4.886922e+00 , 4.886922e+00 , 4.886922e+00 , 4.886922e+00 , 4.886922e+00 , 4.886922e+00 , 4.886922e+00 , 4.886922e+00 ,]
