% ground truth for sim_inc30_az160.tif
% settings
number_of_spots = 50
pixel_size_nm = 51.200
image_size_nm = 14142.136
image_size_px = 275
wavelength = 500
par.objectiveNA = 2.17
objectiveFocalLength = 770
par.refractiveIndices = [1.310000e+00 , 2.170000e+00 , 2.170000e+00 ,]
par.nDiscretizationBFP = 129
par.backgroundNoise = 0.020
par.nPhotons = 500
positionX_nm_array = [-2.482508e+03 , -2.824095e+02 , -2.413196e+03 , -2.066870e+03 ,  2.404474e+03 ,  9.565774e+02 ,  4.560263e+03 ,  5.347430e+02 ,  2.245029e+03 , -2.463581e+03 , -3.593267e+03 , -3.172810e+03 ,  3.681496e+03 ,  1.158685e+03 ,  3.512020e+03 , -1.645606e+03 ,  9.269539e+01 ,  2.064622e+03 , -4.896314e+03 , -4.679524e+03 , -1.298602e+03 ,  1.252849e+03 ,  2.808633e+03 , -4.834545e+03 ,  3.087544e+03 ,  7.440254e+02 ,  4.177313e+03 , -9.307480e+02 ,  2.705497e+03 ,  1.587441e+03 , -1.493442e+03 ,  4.205695e+03 , -4.164294e+03 ,  1.137885e+03 ,  4.664129e+03 , -4.112607e+03 , -4.854496e+03 , -3.092898e+03 ,  4.619580e+03 , -2.432272e+03 , -1.253113e+03 , -1.329206e+03 , -3.589327e+03 ,  6.292847e+01 , -4.123185e+03 ,  3.832478e+03 , -4.515960e+03 ,  1.090860e+02 , -5.863896e+02 , -9.529045e+02 ,]
positionY_nm_array = [-4.243934e+03 ,  2.733107e+03 , -4.762392e+01 , -2.138533e+03 , -3.113908e+03 , -4.368198e+03 ,  2.189620e+03 , -3.421051e+02 ,  4.883109e+03 ,  2.158867e+03 ,  3.625066e+03 , -1.611436e+03 ,  3.501017e+03 ,  3.234997e+03 , -4.315345e+01 ,  2.780082e+03 ,  4.914251e+03 , -1.266725e+03 ,  1.262721e+03 , -3.337551e+03 , -8.624836e+02 ,  1.847040e+03 ,  7.833903e+02 ,  2.956278e+03 , -2.113634e+03 , -1.546147e+03 , -1.834779e+03 , -3.326660e+03 , -4.571783e+03 ,  7.004618e+01 , -4.904731e+03 , -4.406252e+03 , -2.404318e+03 , -3.099817e+03 ,  3.973074e+03 ,  4.822207e+03 ,  4.524461e+01 ,  8.658264e+02 ,  6.740329e+02 ,  4.708555e+03 ,  1.789297e+03 ,  4.835317e+03 , -3.616779e+03 , -3.475683e+03 , -1.014165e+03 , -2.819979e+03 , -4.786696e+03 ,  8.334719e+02 , -1.948312e+03 ,  3.639013e+03 ,]
angleInclination_array = [5.235988e-01 , 5.235988e-01 , 5.235988e-01 , 5.235988e-01 , 5.235988e-01 , 5.235988e-01 , 5.235988e-01 , 5.235988e-01 , 5.235988e-01 , 5.235988e-01 , 5.235988e-01 , 5.235988e-01 , 5.235988e-01 , 5.235988e-01 , 5.235988e-01 , 5.235988e-01 , 5.235988e-01 , 5.235988e-01 , 5.235988e-01 , 5.235988e-01 , 5.235988e-01 , 5.235988e-01 , 5.235988e-01 , 5.235988e-01 , 5.235988e-01 , 5.235988e-01 , 5.235988e-01 , 5.235988e-01 , 5.235988e-01 , 5.235988e-01 , 5.235988e-01 , 5.235988e-01 , 5.235988e-01 , 5.235988e-01 , 5.235988e-01 , 5.235988e-01 , 5.235988e-01 , 5.235988e-01 , 5.235988e-01 , 5.235988e-01 , 5.235988e-01 , 5.235988e-01 , 5.235988e-01 , 5.235988e-01 , 5.235988e-01 , 5.235988e-01 , 5.235988e-01 , 5.235988e-01 , 5.235988e-01 , 5.235988e-01 ,]
angleAzimuth_array = [2.792527e+00 , 2.792527e+00 , 2.792527e+00 , 2.792527e+00 , 2.792527e+00 , 2.792527e+00 , 2.792527e+00 , 2.792527e+00 , 2.792527e+00 , 2.792527e+00 , 2.792527e+00 , 2.792527e+00 , 2.792527e+00 , 2.792527e+00 , 2.792527e+00 , 2.792527e+00 , 2.792527e+00 , 2.792527e+00 , 2.792527e+00 , 2.792527e+00 , 2.792527e+00 , 2.792527e+00 , 2.792527e+00 , 2.792527e+00 , 2.792527e+00 , 2.792527e+00 , 2.792527e+00 , 2.792527e+00 , 2.792527e+00 , 2.792527e+00 , 2.792527e+00 , 2.792527e+00 , 2.792527e+00 , 2.792527e+00 , 2.792527e+00 , 2.792527e+00 , 2.792527e+00 , 2.792527e+00 , 2.792527e+00 , 2.792527e+00 , 2.792527e+00 , 2.792527e+00 , 2.792527e+00 , 2.792527e+00 , 2.792527e+00 , 2.792527e+00 , 2.792527e+00 , 2.792527e+00 , 2.792527e+00 , 2.792527e+00 ,]
