% ground truth for sim_inc100_az340.tif
% settings
number_of_spots = 50
pixel_size_nm = 51.200
image_size_nm = 14142.136
image_size_px = 275
wavelength = 500
par.objectiveNA = 2.17
objectiveFocalLength = 770
par.refractiveIndices = [1.310000e+00 , 2.170000e+00 , 2.170000e+00 ,]
par.nDiscretizationBFP = 129
par.backgroundNoise = 0.020
par.nPhotons = 500
positionX_nm_array = [-3.977743e+03 , -3.918420e+02 , -3.470036e+03 , -2.999493e+03 ,  1.806204e+03 , -4.711999e+03 ,  2.047058e+03 ,  3.014088e+03 ,  7.876705e+02 , -3.089982e+03 , -4.866310e+03 , -2.606662e+03 ,  4.006898e+03 , -1.639403e+02 ,  3.798295e+02 ,  2.160295e+03 ,  1.308200e+03 ,  1.546264e+03 , -1.964543e+03 , -1.627837e+03 , -4.467094e+03 , -3.378496e+03 ,  6.446888e+02 , -6.461950e+01 , -3.719754e+03 ,  3.595710e+03 ,  1.456890e+03 ,  4.516949e+03 , -1.662210e+03 ,  2.711456e+03 , -3.274719e+03 ,  3.462608e+03 ,  4.168191e+02 , -7.331325e+02 ,  4.371515e+03 ,  4.862434e+03 ,  2.537306e+03 ,  1.090428e+03 , -6.750505e+02 , -1.862968e+03 ,  3.701739e+03 ,  4.749340e+03 , -1.876521e+03 , -4.012229e+03 ,  3.226914e+03 , -1.624180e+03 ,  4.862877e+03 ,  3.931452e+03 , -2.115370e+03 , -9.638452e+02 ,]
positionY_nm_array = [3.200057e+03 ,  1.265631e+03 , -2.975974e+03 ,  1.647274e+03 ,  2.610853e+03 , -7.297634e+02 , -8.539465e+01 , -1.485299e+03 ,  5.550947e+02 ,  4.941901e+03 ,  4.246385e+03 , -4.843000e+03 ,  1.928336e+03 ,  8.816299e+01 ,  2.757123e+03 , -4.651129e+03 ,  4.260360e+03 , -2.218891e+03 , -1.711316e+03 ,  3.011273e+03 , -3.471771e+03 , -1.918707e+03 , -6.981121e+02 , -1.497108e+03 , -4.404373e+03 , -3.990496e+03 , -3.911740e+03 , -1.839990e+03 , -3.852235e+03 ,  3.494589e+03 , -7.450315e+02 ,  4.704260e+03 , -3.723931e+03 ,  4.819896e+03 ,  7.065699e+02 , -4.870005e+03 ,  1.928194e+03 ,  1.810600e+03 , -3.572296e+03 ,  4.233943e+03 ,  3.009981e+03 ,  3.070698e+03 ,  1.383668e+03 ,  9.179528e+02 ,  4.847034e+02 ,  3.584656e+02 , -3.750318e+03 , -4.917106e+02 , -2.882359e+03 , -8.887912e+02 ,]
angleInclination_array = [1.745329e+00 , 1.745329e+00 , 1.745329e+00 , 1.745329e+00 , 1.745329e+00 , 1.745329e+00 , 1.745329e+00 , 1.745329e+00 , 1.745329e+00 , 1.745329e+00 , 1.745329e+00 , 1.745329e+00 , 1.745329e+00 , 1.745329e+00 , 1.745329e+00 , 1.745329e+00 , 1.745329e+00 , 1.745329e+00 , 1.745329e+00 , 1.745329e+00 , 1.745329e+00 , 1.745329e+00 , 1.745329e+00 , 1.745329e+00 , 1.745329e+00 , 1.745329e+00 , 1.745329e+00 , 1.745329e+00 , 1.745329e+00 , 1.745329e+00 , 1.745329e+00 , 1.745329e+00 , 1.745329e+00 , 1.745329e+00 , 1.745329e+00 , 1.745329e+00 , 1.745329e+00 , 1.745329e+00 , 1.745329e+00 , 1.745329e+00 , 1.745329e+00 , 1.745329e+00 , 1.745329e+00 , 1.745329e+00 , 1.745329e+00 , 1.745329e+00 , 1.745329e+00 , 1.745329e+00 , 1.745329e+00 , 1.745329e+00 ,]
angleAzimuth_array = [5.934119e+00 , 5.934119e+00 , 5.934119e+00 , 5.934119e+00 , 5.934119e+00 , 5.934119e+00 , 5.934119e+00 , 5.934119e+00 , 5.934119e+00 , 5.934119e+00 , 5.934119e+00 , 5.934119e+00 , 5.934119e+00 , 5.934119e+00 , 5.934119e+00 , 5.934119e+00 , 5.934119e+00 , 5.934119e+00 , 5.934119e+00 , 5.934119e+00 , 5.934119e+00 , 5.934119e+00 , 5.934119e+00 , 5.934119e+00 , 5.934119e+00 , 5.934119e+00 , 5.934119e+00 , 5.934119e+00 , 5.934119e+00 , 5.934119e+00 , 5.934119e+00 , 5.934119e+00 , 5.934119e+00 , 5.934119e+00 , 5.934119e+00 , 5.934119e+00 , 5.934119e+00 , 5.934119e+00 , 5.934119e+00 , 5.934119e+00 , 5.934119e+00 , 5.934119e+00 , 5.934119e+00 , 5.934119e+00 , 5.934119e+00 , 5.934119e+00 , 5.934119e+00 , 5.934119e+00 , 5.934119e+00 , 5.934119e+00 ,]
