% ground truth for sim_inc140_az240.tif
% settings
number_of_spots = 50
pixel_size_nm = 51.200
image_size_nm = 14142.136
image_size_px = 275
wavelength = 500
par.objectiveNA = 2.17
objectiveFocalLength = 770
par.refractiveIndices = [1.310000e+00 , 2.170000e+00 , 2.170000e+00 ,]
par.nDiscretizationBFP = 129
par.backgroundNoise = 0.020
par.nPhotons = 500
positionX_nm_array = [-1.799373e+03 , -4.299301e+03 ,  1.168334e+03 ,  2.588180e+03 , -2.923808e+03 , -3.827002e+03 , -2.528059e+03 ,  1.008911e+03 ,  3.284784e+03 , -2.491113e+03 , -4.537734e+03 , -9.237370e+02 ,  3.047433e+03 , -3.934785e+03 ,  2.521038e+03 ,  4.133269e+03 , -3.444741e+01 , -2.589982e+03 ,  4.286009e+02 ,  1.245122e+03 , -1.308593e+03 ,  1.085883e+03 ,  3.496599e+02 ,  4.440218e+03 ,  2.995628e+03 ,  1.945529e+03 , -2.645138e+03 , -9.980236e+02 ,  4.310149e+03 ,  2.824685e+03 ,  1.350319e+03 , -3.695689e+03 , -1.372021e+02 , -4.683659e+03 , -4.812803e+03 ,  2.320686e+03 , -2.314634e+03 , -4.493339e+03 , -4.649142e+02 ,  3.798327e+03 , -3.201528e+02 ,  4.569046e+03 ,  2.789072e+03 ,  4.835653e+03 ,  5.299182e+02 , -2.886402e+03 , -1.193389e+03 ,  4.320885e+03 , -1.587147e+03 ,  2.181846e+03 ,]
positionY_nm_array = [4.725254e+03 ,  1.666575e+03 , -1.493523e+03 , -4.593295e+03 , -7.865967e+01 ,  2.935791e+03 ,  1.518193e+03 , -2.646015e+03 ,  4.089118e+02 , -3.303576e+03 , -4.917980e+02 , -2.746704e+03 ,  1.735232e+03 , -1.461563e+03 ,  3.885566e+03 , -3.640030e+03 , -1.354220e+03 ,  3.053712e+03 ,  4.453227e+03 , -2.442365e+02 ,  5.107530e+02 ,  2.004657e+03 ,  8.490954e+02 ,  3.204096e+03 , -1.807073e+03 ,  4.847142e+03 , -4.709049e+03 , -7.656807e+02 , -1.433128e+02 ,  2.744911e+03 , -3.896649e+03 , -4.120952e+03 , -4.116538e+03 ,  3.673192e+03 ,  6.646268e+02 , -8.581350e+02 , -1.602777e+03 , -4.896584e+03 ,  3.258831e+03 ,  4.169185e+03 ,  2.016605e+03 ,  1.240873e+03 , -3.263680e+03 , -4.439103e+03 ,  2.952008e+03 ,  4.059565e+03 , -4.416269e+03 , -1.423665e+03 ,  1.893648e+03 ,  1.144550e+03 ,]
angleInclination_array = [2.443461e+00 , 2.443461e+00 , 2.443461e+00 , 2.443461e+00 , 2.443461e+00 , 2.443461e+00 , 2.443461e+00 , 2.443461e+00 , 2.443461e+00 , 2.443461e+00 , 2.443461e+00 , 2.443461e+00 , 2.443461e+00 , 2.443461e+00 , 2.443461e+00 , 2.443461e+00 , 2.443461e+00 , 2.443461e+00 , 2.443461e+00 , 2.443461e+00 , 2.443461e+00 , 2.443461e+00 , 2.443461e+00 , 2.443461e+00 , 2.443461e+00 , 2.443461e+00 , 2.443461e+00 , 2.443461e+00 , 2.443461e+00 , 2.443461e+00 , 2.443461e+00 , 2.443461e+00 , 2.443461e+00 , 2.443461e+00 , 2.443461e+00 , 2.443461e+00 , 2.443461e+00 , 2.443461e+00 , 2.443461e+00 , 2.443461e+00 , 2.443461e+00 , 2.443461e+00 , 2.443461e+00 , 2.443461e+00 , 2.443461e+00 , 2.443461e+00 , 2.443461e+00 , 2.443461e+00 , 2.443461e+00 , 2.443461e+00 ,]
angleAzimuth_array = [4.188790e+00 , 4.188790e+00 , 4.188790e+00 , 4.188790e+00 , 4.188790e+00 , 4.188790e+00 , 4.188790e+00 , 4.188790e+00 , 4.188790e+00 , 4.188790e+00 , 4.188790e+00 , 4.188790e+00 , 4.188790e+00 , 4.188790e+00 , 4.188790e+00 , 4.188790e+00 , 4.188790e+00 , 4.188790e+00 , 4.188790e+00 , 4.188790e+00 , 4.188790e+00 , 4.188790e+00 , 4.188790e+00 , 4.188790e+00 , 4.188790e+00 , 4.188790e+00 , 4.188790e+00 , 4.188790e+00 , 4.188790e+00 , 4.188790e+00 , 4.188790e+00 , 4.188790e+00 , 4.188790e+00 , 4.188790e+00 , 4.188790e+00 , 4.188790e+00 , 4.188790e+00 , 4.188790e+00 , 4.188790e+00 , 4.188790e+00 , 4.188790e+00 , 4.188790e+00 , 4.188790e+00 , 4.188790e+00 , 4.188790e+00 , 4.188790e+00 , 4.188790e+00 , 4.188790e+00 , 4.188790e+00 , 4.188790e+00 ,]
