% ground truth for sim_inc20_az160.tif
% settings
number_of_spots = 50
pixel_size_nm = 51.200
image_size_nm = 14142.136
image_size_px = 275
wavelength = 500
par.objectiveNA = 2.17
objectiveFocalLength = 770
par.refractiveIndices = [1.310000e+00 , 2.170000e+00 , 2.170000e+00 ,]
par.nDiscretizationBFP = 129
par.backgroundNoise = 0.020
par.nPhotons = 500
positionX_nm_array = [-1.051257e+03 ,  8.306435e+02 , -2.665704e+03 , -3.166508e+02 , -2.710580e+03 , -3.259711e+03 , -3.205474e+03 , -2.836528e+03 ,  9.226649e+02 ,  3.822876e+03 , -1.195264e+03 , -3.963897e+03 ,  2.301097e+02 ,  1.395710e+03 ,  1.487780e+03 ,  3.937999e+03 , -3.738443e+03 , -6.278220e+02 , -1.906761e+03 ,  4.241124e+03 , -9.775981e+02 ,  2.675456e+03 ,  2.314083e+03 ,  1.245460e+03 ,  2.064268e+03 , -3.840804e+03 , -6.399433e+02 ,  3.108421e+03 ,  3.248626e+02 , -4.922711e+03 , -2.743098e+03 , -4.678820e+03 ,  3.263863e+03 , -1.424479e+03 , -1.417876e+03 , -4.514728e+02 ,  3.414087e+03 , -3.789942e+03 ,  4.437596e+03 ,  4.707606e+03 ,  4.836646e+03 ,  3.311487e+03 , -4.049940e+03 , -9.998896e+02 ,  6.094569e+02 ,  3.633113e+03 , -4.833879e+03 , -3.782384e+03 ,  2.303115e+03 ,  2.291938e+03 ,]
positionY_nm_array = [-7.244237e+02 , -2.731461e+03 , -2.065505e+02 , -2.587880e+03 , -2.647735e+03 , -4.076894e+03 ,  4.661612e+03 ,  2.267255e+03 ,  3.511238e+03 ,  3.654203e+03 ,  3.792037e+03 , -2.405488e+03 , -1.359830e+02 , -1.728850e+03 ,  2.406242e+03 , -3.833984e+03 , -8.173611e+02 ,  2.954173e+03 , -4.100618e+03 , -1.547586e+03 ,  9.418152e+02 , -9.498352e+02 ,  3.072885e+03 , -4.563155e+03 ,  4.257983e+02 ,  2.464622e+03 , -4.555357e+03 ,  2.707840e+02 ,  2.221302e+03 ,  1.539012e+03 ,  3.598113e+03 , -1.247867e+03 ,  1.564466e+03 ,  2.016530e+03 , -1.892106e+03 , -1.536762e+03 , -2.732263e+03 ,  3.811138e+03 ,  6.266651e+02 , -5.252663e+02 ,  3.454196e+03 ,  2.646974e+03 ,  4.370053e+02 , -3.601002e+03 ,  4.664961e+03 ,  4.725787e+03 ,  2.742326e+03 ,  1.437850e+03 , -4.162338e+03 , -2.772154e+03 ,]
angleInclination_array = [3.490659e-01 , 3.490659e-01 , 3.490659e-01 , 3.490659e-01 , 3.490659e-01 , 3.490659e-01 , 3.490659e-01 , 3.490659e-01 , 3.490659e-01 , 3.490659e-01 , 3.490659e-01 , 3.490659e-01 , 3.490659e-01 , 3.490659e-01 , 3.490659e-01 , 3.490659e-01 , 3.490659e-01 , 3.490659e-01 , 3.490659e-01 , 3.490659e-01 , 3.490659e-01 , 3.490659e-01 , 3.490659e-01 , 3.490659e-01 , 3.490659e-01 , 3.490659e-01 , 3.490659e-01 , 3.490659e-01 , 3.490659e-01 , 3.490659e-01 , 3.490659e-01 , 3.490659e-01 , 3.490659e-01 , 3.490659e-01 , 3.490659e-01 , 3.490659e-01 , 3.490659e-01 , 3.490659e-01 , 3.490659e-01 , 3.490659e-01 , 3.490659e-01 , 3.490659e-01 , 3.490659e-01 , 3.490659e-01 , 3.490659e-01 , 3.490659e-01 , 3.490659e-01 , 3.490659e-01 , 3.490659e-01 , 3.490659e-01 ,]
angleAzimuth_array = [2.792527e+00 , 2.792527e+00 , 2.792527e+00 , 2.792527e+00 , 2.792527e+00 , 2.792527e+00 , 2.792527e+00 , 2.792527e+00 , 2.792527e+00 , 2.792527e+00 , 2.792527e+00 , 2.792527e+00 , 2.792527e+00 , 2.792527e+00 , 2.792527e+00 , 2.792527e+00 , 2.792527e+00 , 2.792527e+00 , 2.792527e+00 , 2.792527e+00 , 2.792527e+00 , 2.792527e+00 , 2.792527e+00 , 2.792527e+00 , 2.792527e+00 , 2.792527e+00 , 2.792527e+00 , 2.792527e+00 , 2.792527e+00 , 2.792527e+00 , 2.792527e+00 , 2.792527e+00 , 2.792527e+00 , 2.792527e+00 , 2.792527e+00 , 2.792527e+00 , 2.792527e+00 , 2.792527e+00 , 2.792527e+00 , 2.792527e+00 , 2.792527e+00 , 2.792527e+00 , 2.792527e+00 , 2.792527e+00 , 2.792527e+00 , 2.792527e+00 , 2.792527e+00 , 2.792527e+00 , 2.792527e+00 , 2.792527e+00 ,]
