% ground truth for sim_inc90_az180.tif
% settings
number_of_spots = 50
pixel_size_nm = 51.200
image_size_nm = 14142.136
image_size_px = 275
wavelength = 500
par.objectiveNA = 2.17
objectiveFocalLength = 770
par.refractiveIndices = [1.310000e+00 , 2.170000e+00 , 2.170000e+00 ,]
par.nDiscretizationBFP = 129
par.backgroundNoise = 0.020
par.nPhotons = 500
positionX_nm_array = [-4.401324e+03 ,  1.600820e+03 , -3.037983e+03 ,  1.471989e+02 ,  3.460111e+03 , -1.558069e+03 , -2.895909e+03 ,  3.418756e+03 , -2.008958e+03 , -8.989633e-01 , -8.724708e+02 ,  1.613715e+02 , -1.760118e+03 ,  4.193885e+03 ,  4.310406e+03 ,  3.231155e+03 ,  4.769577e+00 ,  4.899793e+03 ,  1.094565e+03 ,  2.344715e+03 , -2.353376e+03 , -3.725895e+03 ,  4.519848e+03 ,  1.675747e+03 , -4.727909e+03 , -1.858219e+03 , -4.337121e+03 ,  4.479894e+02 ,  7.403568e+02 ,  4.915811e+03 , -4.491498e+03 ,  2.072641e+03 , -2.096385e+03 , -3.386864e+03 ,  4.606685e+03 , -5.001648e+02 , -4.173752e+03 , -7.631793e+02 ,  2.347498e+03 , -1.915816e+03 , -1.488409e+03 ,  2.464063e+03 ,  1.800502e+03 ,  2.323807e+03 , -2.855615e+03 , -4.558507e+03 ,  3.866794e+03 ,  3.750226e+03 ,  3.279701e+03 ,  1.129783e+03 ,]
positionY_nm_array = [1.817825e+03 ,  2.723270e+02 , -2.343912e+03 , -1.257099e+03 ,  2.941546e+03 , -9.838244e+02 ,  4.140276e+02 , -5.693687e+02 ,  1.227083e+03 , -3.147186e+03 , -4.423138e+03 ,  4.718865e+03 ,  4.672451e+03 , -3.682295e+03 ,  3.800467e+03 , -4.800945e+03 , -1.024007e+02 , -1.919078e+02 ,  3.370802e+03 , -7.638246e+02 , -4.883239e+03 ,  3.304525e+03 ,  1.466012e+03 , -4.704465e+03 ,  4.258916e+03 , -2.291692e+03 , -4.306278e+03 , -4.356966e+03 ,  2.103555e+03 , -2.105584e+03 , -7.071429e+02 , -2.105701e+03 ,  3.094532e+03 ,  1.354347e+03 ,  2.842793e+03 ,  3.317001e+03 , -2.290945e+03 ,  1.280932e+03 , -3.327414e+03 , -3.509325e+03 ,  2.106894e+02 ,  4.877335e+03 ,  2.598762e+03 ,  1.192163e+03 , -1.172337e+03 ,  6.147184e+02 ,  5.050846e+02 , -2.121214e+03 ,  1.509439e+03 , -3.280889e+03 ,]
angleInclination_array = [1.570796e+00 , 1.570796e+00 , 1.570796e+00 , 1.570796e+00 , 1.570796e+00 , 1.570796e+00 , 1.570796e+00 , 1.570796e+00 , 1.570796e+00 , 1.570796e+00 , 1.570796e+00 , 1.570796e+00 , 1.570796e+00 , 1.570796e+00 , 1.570796e+00 , 1.570796e+00 , 1.570796e+00 , 1.570796e+00 , 1.570796e+00 , 1.570796e+00 , 1.570796e+00 , 1.570796e+00 , 1.570796e+00 , 1.570796e+00 , 1.570796e+00 , 1.570796e+00 , 1.570796e+00 , 1.570796e+00 , 1.570796e+00 , 1.570796e+00 , 1.570796e+00 , 1.570796e+00 , 1.570796e+00 , 1.570796e+00 , 1.570796e+00 , 1.570796e+00 , 1.570796e+00 , 1.570796e+00 , 1.570796e+00 , 1.570796e+00 , 1.570796e+00 , 1.570796e+00 , 1.570796e+00 , 1.570796e+00 , 1.570796e+00 , 1.570796e+00 , 1.570796e+00 , 1.570796e+00 , 1.570796e+00 , 1.570796e+00 ,]
angleAzimuth_array = [3.141593e+00 , 3.141593e+00 , 3.141593e+00 , 3.141593e+00 , 3.141593e+00 , 3.141593e+00 , 3.141593e+00 , 3.141593e+00 , 3.141593e+00 , 3.141593e+00 , 3.141593e+00 , 3.141593e+00 , 3.141593e+00 , 3.141593e+00 , 3.141593e+00 , 3.141593e+00 , 3.141593e+00 , 3.141593e+00 , 3.141593e+00 , 3.141593e+00 , 3.141593e+00 , 3.141593e+00 , 3.141593e+00 , 3.141593e+00 , 3.141593e+00 , 3.141593e+00 , 3.141593e+00 , 3.141593e+00 , 3.141593e+00 , 3.141593e+00 , 3.141593e+00 , 3.141593e+00 , 3.141593e+00 , 3.141593e+00 , 3.141593e+00 , 3.141593e+00 , 3.141593e+00 , 3.141593e+00 , 3.141593e+00 , 3.141593e+00 , 3.141593e+00 , 3.141593e+00 , 3.141593e+00 , 3.141593e+00 , 3.141593e+00 , 3.141593e+00 , 3.141593e+00 , 3.141593e+00 , 3.141593e+00 , 3.141593e+00 ,]
