% ground truth for sim_inc80_az100.tif
% settings
number_of_spots = 50
pixel_size_nm = 51.200
image_size_nm = 14142.136
image_size_px = 275
wavelength = 500
par.objectiveNA = 2.17
objectiveFocalLength = 770
par.refractiveIndices = [1.310000e+00 , 2.170000e+00 , 2.170000e+00 ,]
par.nDiscretizationBFP = 129
par.backgroundNoise = 0.020
par.nPhotons = 500
positionX_nm_array = [9.393157e+02 ,  4.722018e+03 , -3.673697e+01 ,  2.901206e+03 , -4.196129e+03 ,  8.232361e+02 ,  1.472934e+03 , -1.563720e+03 , -3.850874e+03 , -2.229443e+03 ,  4.090216e+03 ,  2.738153e+03 , -2.914856e+03 , -3.032061e+03 , -4.905419e+03 , -3.395159e+03 ,  1.504789e+03 ,  1.992907e+03 , -4.944701e+03 , -1.490090e+03 , -9.933638e+02 , -4.432588e+03 ,  2.757548e+03 ,  1.700008e+02 ,  2.715227e+03 ,  2.382387e+02 ,  4.467944e+03 , -7.236661e+02 , -3.326815e+03 , -4.774821e+03 , -3.746633e+02 ,  9.407820e+02 ,  3.625264e+03 , -2.676675e+03 ,  1.661023e+03 ,  3.870003e+03 , -4.439164e+03 ,  5.736918e+02 , -1.977041e+03 , -1.845499e+03 ,  1.938377e+03 , -3.055615e+03 ,  3.629644e+03 , -4.942475e+03 , -2.101436e+03 ,  4.940104e+03 , -6.085839e+02 , -4.498881e+03 ,  2.629860e+03 , -1.763997e+03 ,]
positionY_nm_array = [4.715165e+03 , -4.857452e+03 ,  4.255702e+03 , -4.124626e+03 ,  1.209201e+03 ,  1.989393e+03 ,  3.525248e+03 , -6.399073e+01 ,  4.844387e+03 , -3.996701e+03 ,  4.197831e+01 ,  3.320121e+03 ,  2.933801e+03 ,  5.512678e+02 ,  2.746063e+03 , -1.725736e+03 , -2.602268e+03 ,  1.829719e+03 ,  1.766219e+02 ,  3.123851e+03 ,  8.011571e+02 , -9.043988e+02 , -2.648576e+02 , -2.402706e+03 , -2.838489e+03 , -1.357345e+02 , -2.490397e+03 , -4.440261e+03 , -3.219696e+03 ,  4.350741e+03 , -1.238666e+03 , -3.702179e+03 ,  4.570168e+03 , -4.417158e+02 , -1.144282e+03 ,  3.053700e+03 , -3.826823e+03 , -4.728152e+03 ,  1.382158e+03 , -2.671775e+03 , -4.487720e+03 ,  4.101047e+03 , -1.283390e+03 , -4.765981e+03 , -1.368663e+03 ,  1.342383e+03 ,  2.603073e+03 , -2.195709e+03 ,  4.771782e+03 ,  4.718480e+03 ,]
angleInclination_array = [1.396263e+00 , 1.396263e+00 , 1.396263e+00 , 1.396263e+00 , 1.396263e+00 , 1.396263e+00 , 1.396263e+00 , 1.396263e+00 , 1.396263e+00 , 1.396263e+00 , 1.396263e+00 , 1.396263e+00 , 1.396263e+00 , 1.396263e+00 , 1.396263e+00 , 1.396263e+00 , 1.396263e+00 , 1.396263e+00 , 1.396263e+00 , 1.396263e+00 , 1.396263e+00 , 1.396263e+00 , 1.396263e+00 , 1.396263e+00 , 1.396263e+00 , 1.396263e+00 , 1.396263e+00 , 1.396263e+00 , 1.396263e+00 , 1.396263e+00 , 1.396263e+00 , 1.396263e+00 , 1.396263e+00 , 1.396263e+00 , 1.396263e+00 , 1.396263e+00 , 1.396263e+00 , 1.396263e+00 , 1.396263e+00 , 1.396263e+00 , 1.396263e+00 , 1.396263e+00 , 1.396263e+00 , 1.396263e+00 , 1.396263e+00 , 1.396263e+00 , 1.396263e+00 , 1.396263e+00 , 1.396263e+00 , 1.396263e+00 ,]
angleAzimuth_array = [1.745329e+00 , 1.745329e+00 , 1.745329e+00 , 1.745329e+00 , 1.745329e+00 , 1.745329e+00 , 1.745329e+00 , 1.745329e+00 , 1.745329e+00 , 1.745329e+00 , 1.745329e+00 , 1.745329e+00 , 1.745329e+00 , 1.745329e+00 , 1.745329e+00 , 1.745329e+00 , 1.745329e+00 , 1.745329e+00 , 1.745329e+00 , 1.745329e+00 , 1.745329e+00 , 1.745329e+00 , 1.745329e+00 , 1.745329e+00 , 1.745329e+00 , 1.745329e+00 , 1.745329e+00 , 1.745329e+00 , 1.745329e+00 , 1.745329e+00 , 1.745329e+00 , 1.745329e+00 , 1.745329e+00 , 1.745329e+00 , 1.745329e+00 , 1.745329e+00 , 1.745329e+00 , 1.745329e+00 , 1.745329e+00 , 1.745329e+00 , 1.745329e+00 , 1.745329e+00 , 1.745329e+00 , 1.745329e+00 , 1.745329e+00 , 1.745329e+00 , 1.745329e+00 , 1.745329e+00 , 1.745329e+00 , 1.745329e+00 ,]
