% ground truth for sim_inc140_az220.tif
% settings
number_of_spots = 50
pixel_size_nm = 51.200
image_size_nm = 14142.136
image_size_px = 275
wavelength = 500
par.objectiveNA = 2.17
objectiveFocalLength = 770
par.refractiveIndices = [1.310000e+00 , 2.170000e+00 , 2.170000e+00 ,]
par.nDiscretizationBFP = 129
par.backgroundNoise = 0.020
par.nPhotons = 500
positionX_nm_array = [9.353693e+02 , -7.464408e+02 , -3.883994e+03 , -9.173294e+02 ,  2.142921e+03 ,  3.293445e+03 , -2.680622e+03 , -2.662574e+03 ,  4.877708e+03 ,  2.961164e+03 ,  2.039219e+03 , -4.286966e+03 ,  2.794194e+03 ,  1.963348e+02 , -3.472671e+03 ,  8.795894e+02 , -2.764822e+03 , -7.447237e+02 ,  3.616238e+03 ,  4.887430e+03 , -3.790857e+03 , -4.541238e+03 ,  3.710797e+03 ,  4.462037e+03 ,  4.330244e+03 , -1.458874e+03 , -4.532325e+03 , -1.879464e+03 ,  4.967345e+02 ,  4.103081e+03 , -3.827140e+03 ,  3.567206e+02 ,  4.595863e+03 , -2.705606e+03 , -1.668331e+03 ,  2.146510e+03 , -4.554347e+03 , -1.272077e+03 ,  6.665669e+02 , -4.504601e+03 , -9.508837e+02 , -2.602916e+03 , -2.595994e+03 , -3.825579e+03 ,  3.638177e+03 , -1.310850e+03 ,  3.001319e+03 ,  1.621570e+02 , -1.610356e+03 ,  4.697694e+03 ,]
positionY_nm_array = [2.988761e+03 , -2.708772e+03 , -1.352522e+03 , -1.039743e+03 , -3.702909e+03 , -4.096979e+03 ,  2.585859e+03 ,  3.829852e+03 ,  1.723897e+03 ,  3.446930e+03 , -5.415921e+02 , -3.057224e+02 , -2.734507e+03 ,  4.857451e+03 , -4.678152e+03 , -3.777971e+03 , -2.361701e+03 ,  4.044222e+03 , -2.152621e+03 ,  3.200306e+02 , -3.231135e+03 ,  1.077222e+03 ,  1.013536e+03 , -8.220728e+02 ,  4.220124e+03 ,  4.406808e+02 ,  3.282649e+03 , -3.229841e+03 , -2.142888e+03 , -4.898034e+03 ,  1.832912e+03 ,  2.044791e+03 , -2.583894e+03 , -9.876020e+02 , -2.072032e+03 ,  1.421702e+03 , -4.606306e+03 , -4.090883e+03 ,  2.780139e+02 , -2.191802e+03 ,  2.804893e+03 ,  3.721596e+02 ,  1.392263e+03 ,  4.195579e+03 ,  2.165625e+03 ,  1.553109e+03 , -9.438337e+02 , -4.785448e+03 ,  4.842672e+03 , -3.945859e+03 ,]
angleInclination_array = [2.443461e+00 , 2.443461e+00 , 2.443461e+00 , 2.443461e+00 , 2.443461e+00 , 2.443461e+00 , 2.443461e+00 , 2.443461e+00 , 2.443461e+00 , 2.443461e+00 , 2.443461e+00 , 2.443461e+00 , 2.443461e+00 , 2.443461e+00 , 2.443461e+00 , 2.443461e+00 , 2.443461e+00 , 2.443461e+00 , 2.443461e+00 , 2.443461e+00 , 2.443461e+00 , 2.443461e+00 , 2.443461e+00 , 2.443461e+00 , 2.443461e+00 , 2.443461e+00 , 2.443461e+00 , 2.443461e+00 , 2.443461e+00 , 2.443461e+00 , 2.443461e+00 , 2.443461e+00 , 2.443461e+00 , 2.443461e+00 , 2.443461e+00 , 2.443461e+00 , 2.443461e+00 , 2.443461e+00 , 2.443461e+00 , 2.443461e+00 , 2.443461e+00 , 2.443461e+00 , 2.443461e+00 , 2.443461e+00 , 2.443461e+00 , 2.443461e+00 , 2.443461e+00 , 2.443461e+00 , 2.443461e+00 , 2.443461e+00 ,]
angleAzimuth_array = [3.839724e+00 , 3.839724e+00 , 3.839724e+00 , 3.839724e+00 , 3.839724e+00 , 3.839724e+00 , 3.839724e+00 , 3.839724e+00 , 3.839724e+00 , 3.839724e+00 , 3.839724e+00 , 3.839724e+00 , 3.839724e+00 , 3.839724e+00 , 3.839724e+00 , 3.839724e+00 , 3.839724e+00 , 3.839724e+00 , 3.839724e+00 , 3.839724e+00 , 3.839724e+00 , 3.839724e+00 , 3.839724e+00 , 3.839724e+00 , 3.839724e+00 , 3.839724e+00 , 3.839724e+00 , 3.839724e+00 , 3.839724e+00 , 3.839724e+00 , 3.839724e+00 , 3.839724e+00 , 3.839724e+00 , 3.839724e+00 , 3.839724e+00 , 3.839724e+00 , 3.839724e+00 , 3.839724e+00 , 3.839724e+00 , 3.839724e+00 , 3.839724e+00 , 3.839724e+00 , 3.839724e+00 , 3.839724e+00 , 3.839724e+00 , 3.839724e+00 , 3.839724e+00 , 3.839724e+00 , 3.839724e+00 , 3.839724e+00 ,]
