% ground truth for sim_inc40_az180.tif
% settings
number_of_spots = 50
pixel_size_nm = 51.200
image_size_nm = 14142.136
image_size_px = 275
wavelength = 500
par.objectiveNA = 2.17
objectiveFocalLength = 770
par.refractiveIndices = [1.310000e+00 , 2.170000e+00 , 2.170000e+00 ,]
par.nDiscretizationBFP = 129
par.backgroundNoise = 0.020
par.nPhotons = 500
positionX_nm_array = [-4.361087e+02 ,  1.434349e+03 ,  1.788369e+03 , -2.621140e+03 ,  3.022014e+02 , -3.938479e+03 , -2.372423e+03 ,  4.808901e+03 ,  4.371304e+02 , -9.048057e+02 ,  2.215956e+03 ,  3.667622e+03 , -3.019644e+03 ,  3.008493e+03 ,  1.473575e+03 ,  4.219274e+03 , -1.039202e+03 , -6.947753e+02 , -3.007678e+03 ,  1.394767e+03 ,  2.710178e+03 , -2.309966e+03 , -4.354426e+03 ,  4.506936e+03 , -7.241268e+02 , -3.024859e+03 ,  4.440820e+03 , -3.995966e+03 , -3.810300e+03 ,  3.493225e+03 , -8.215402e+01 , -1.409696e+03 , -4.616749e+03 ,  2.885821e+03 ,  3.348120e+03 ,  1.767823e+03 ,  3.774466e+02 , -4.190659e+03 ,  9.907745e+01 , -3.531468e+03 ,  2.888670e+03 , -1.534739e+03 ,  4.930701e+03 ,  4.949125e+03 , -2.227592e+03 , -1.364316e+03 , -1.903679e+03 ,  9.403722e+02 ,  2.809713e+03 , -4.890143e+03 ,]
positionY_nm_array = [-8.474916e+02 ,  3.348993e+03 , -1.201284e+03 ,  2.040477e+03 ,  3.943552e+03 ,  4.211626e+03 , -1.237946e+03 ,  2.242930e+03 , -3.559152e+03 , -2.805897e+03 , -2.160656e+03 ,  3.938020e+03 , -3.770687e+03 , -3.699910e+03 , -2.982955e+03 , -1.122270e+03 , -4.797321e+03 ,  3.308244e+02 , -2.750852e+03 ,  2.063865e+03 ,  2.656204e+03 ,  4.873998e+03 ,  8.133888e+02 ,  1.048385e+03 ,  3.245330e+03 ,  3.649854e+03 , -3.371135e+03 , -1.948138e+03 ,  2.577601e+03 ,  1.511026e+03 , -1.823688e+03 ,  2.091992e+03 , -3.490925e+03 , -5.856747e+02 , -1.895686e+03 ,  4.536172e+02 ,  4.876972e+02 , -4.627048e+03 ,  2.187083e+03 ,  5.587219e+01 , -4.918827e+03 , -2.700405e+02 ,  4.215439e+03 , -1.499146e+02 ,  3.019133e+03 , -1.344431e+03 ,  6.982130e+02 , -5.034597e+02 ,  6.132949e+02 ,  3.746434e+03 ,]
angleInclination_array = [6.981317e-01 , 6.981317e-01 , 6.981317e-01 , 6.981317e-01 , 6.981317e-01 , 6.981317e-01 , 6.981317e-01 , 6.981317e-01 , 6.981317e-01 , 6.981317e-01 , 6.981317e-01 , 6.981317e-01 , 6.981317e-01 , 6.981317e-01 , 6.981317e-01 , 6.981317e-01 , 6.981317e-01 , 6.981317e-01 , 6.981317e-01 , 6.981317e-01 , 6.981317e-01 , 6.981317e-01 , 6.981317e-01 , 6.981317e-01 , 6.981317e-01 , 6.981317e-01 , 6.981317e-01 , 6.981317e-01 , 6.981317e-01 , 6.981317e-01 , 6.981317e-01 , 6.981317e-01 , 6.981317e-01 , 6.981317e-01 , 6.981317e-01 , 6.981317e-01 , 6.981317e-01 , 6.981317e-01 , 6.981317e-01 , 6.981317e-01 , 6.981317e-01 , 6.981317e-01 , 6.981317e-01 , 6.981317e-01 , 6.981317e-01 , 6.981317e-01 , 6.981317e-01 , 6.981317e-01 , 6.981317e-01 , 6.981317e-01 ,]
angleAzimuth_array = [3.141593e+00 , 3.141593e+00 , 3.141593e+00 , 3.141593e+00 , 3.141593e+00 , 3.141593e+00 , 3.141593e+00 , 3.141593e+00 , 3.141593e+00 , 3.141593e+00 , 3.141593e+00 , 3.141593e+00 , 3.141593e+00 , 3.141593e+00 , 3.141593e+00 , 3.141593e+00 , 3.141593e+00 , 3.141593e+00 , 3.141593e+00 , 3.141593e+00 , 3.141593e+00 , 3.141593e+00 , 3.141593e+00 , 3.141593e+00 , 3.141593e+00 , 3.141593e+00 , 3.141593e+00 , 3.141593e+00 , 3.141593e+00 , 3.141593e+00 , 3.141593e+00 , 3.141593e+00 , 3.141593e+00 , 3.141593e+00 , 3.141593e+00 , 3.141593e+00 , 3.141593e+00 , 3.141593e+00 , 3.141593e+00 , 3.141593e+00 , 3.141593e+00 , 3.141593e+00 , 3.141593e+00 , 3.141593e+00 , 3.141593e+00 , 3.141593e+00 , 3.141593e+00 , 3.141593e+00 , 3.141593e+00 , 3.141593e+00 ,]
