% ground truth for sim_inc100_az180.tif
% settings
number_of_spots = 50
pixel_size_nm = 51.200
image_size_nm = 14142.136
image_size_px = 275
wavelength = 500
par.objectiveNA = 2.17
objectiveFocalLength = 770
par.refractiveIndices = [1.310000e+00 , 2.170000e+00 , 2.170000e+00 ,]
par.nDiscretizationBFP = 129
par.backgroundNoise = 0.020
par.nPhotons = 500
positionX_nm_array = [-1.065756e+03 ,  4.220794e+03 , -4.704283e+03 ,  2.007173e+03 , -3.629850e+03 ,  4.867889e+02 ,  4.505354e+03 , -2.900781e+03 ,  4.686316e+02 ,  2.332696e+03 , -1.646921e+03 ,  5.244655e+02 ,  3.676541e+03 , -2.338020e+03 ,  2.298063e+03 ,  2.284708e+03 , -4.612763e+03 ,  2.909343e+03 , -3.163781e+03 , -5.521593e+02 ,  3.977790e+03 , -1.734430e+03 , -3.982909e+03 , -1.068234e+03 ,  3.271264e+03 , -1.207998e+03 , -4.282375e+03 ,  2.322269e+02 ,  2.331774e+03 ,  2.720617e+03 ,  4.609978e+03 , -2.290716e+03 ,  3.502386e+03 , -1.648979e+03 , -4.904133e+03 ,  6.321072e+02 ,  2.402871e+03 , -5.718474e+02 , -2.329253e+02 , -2.428055e-01 ,  3.337339e+03 , -4.738840e+03 , -3.840619e+03 , -3.306031e+02 ,  9.988255e+02 ,  3.641267e+03 ,  4.918511e+03 ,  4.766259e+03 , -1.253297e+03 , -3.329515e+03 ,]
positionY_nm_array = [-2.574295e+03 , -7.157717e+02 , -4.447406e+03 , -4.409553e+02 ,  3.624868e+03 , -4.252694e+03 , -1.943732e+03 , -2.515397e+03 ,  4.904450e+03 ,  2.304873e+03 , -1.051105e+03 , -3.190825e+03 ,  3.130098e+03 ,  6.817306e+02 ,  4.170150e+03 , -2.313811e+03 ,  2.001769e+03 ,  1.376181e+03 , -4.932702e+03 , -4.878722e+03 ,  1.660779e+03 ,  4.362564e+03 , -2.858488e+03 ,  1.400840e+03 , -1.112594e+03 , -3.648539e+03 , -1.594239e+03 ,  1.563736e+03 , -3.557881e+03 ,  3.023079e+02 ,  4.709318e+03 , -4.140287e+03 ,  4.328604e+03 ,  3.072361e+03 ,  7.147521e+02 , -6.545491e+02 , -4.888726e+03 ,  4.192036e+03 ,  4.838992e+02 ,  2.818094e+03 , -2.917183e+03 ,  3.805840e+03 , -2.723228e+01 , -1.193791e+03 , -1.901621e+03 , -4.603501e+03 ,  2.763867e+03 , -4.075741e+03 , -1.098571e+02 ,  2.389426e+03 ,]
angleInclination_array = [1.745329e+00 , 1.745329e+00 , 1.745329e+00 , 1.745329e+00 , 1.745329e+00 , 1.745329e+00 , 1.745329e+00 , 1.745329e+00 , 1.745329e+00 , 1.745329e+00 , 1.745329e+00 , 1.745329e+00 , 1.745329e+00 , 1.745329e+00 , 1.745329e+00 , 1.745329e+00 , 1.745329e+00 , 1.745329e+00 , 1.745329e+00 , 1.745329e+00 , 1.745329e+00 , 1.745329e+00 , 1.745329e+00 , 1.745329e+00 , 1.745329e+00 , 1.745329e+00 , 1.745329e+00 , 1.745329e+00 , 1.745329e+00 , 1.745329e+00 , 1.745329e+00 , 1.745329e+00 , 1.745329e+00 , 1.745329e+00 , 1.745329e+00 , 1.745329e+00 , 1.745329e+00 , 1.745329e+00 , 1.745329e+00 , 1.745329e+00 , 1.745329e+00 , 1.745329e+00 , 1.745329e+00 , 1.745329e+00 , 1.745329e+00 , 1.745329e+00 , 1.745329e+00 , 1.745329e+00 , 1.745329e+00 , 1.745329e+00 ,]
angleAzimuth_array = [3.141593e+00 , 3.141593e+00 , 3.141593e+00 , 3.141593e+00 , 3.141593e+00 , 3.141593e+00 , 3.141593e+00 , 3.141593e+00 , 3.141593e+00 , 3.141593e+00 , 3.141593e+00 , 3.141593e+00 , 3.141593e+00 , 3.141593e+00 , 3.141593e+00 , 3.141593e+00 , 3.141593e+00 , 3.141593e+00 , 3.141593e+00 , 3.141593e+00 , 3.141593e+00 , 3.141593e+00 , 3.141593e+00 , 3.141593e+00 , 3.141593e+00 , 3.141593e+00 , 3.141593e+00 , 3.141593e+00 , 3.141593e+00 , 3.141593e+00 , 3.141593e+00 , 3.141593e+00 , 3.141593e+00 , 3.141593e+00 , 3.141593e+00 , 3.141593e+00 , 3.141593e+00 , 3.141593e+00 , 3.141593e+00 , 3.141593e+00 , 3.141593e+00 , 3.141593e+00 , 3.141593e+00 , 3.141593e+00 , 3.141593e+00 , 3.141593e+00 , 3.141593e+00 , 3.141593e+00 , 3.141593e+00 , 3.141593e+00 ,]
