% ground truth for sim_inc30_az360.tif
% settings
number_of_spots = 50
pixel_size_nm = 51.200
image_size_nm = 14142.136
image_size_px = 275
wavelength = 500
par.objectiveNA = 2.17
objectiveFocalLength = 770
par.refractiveIndices = [1.310000e+00 , 2.170000e+00 , 2.170000e+00 ,]
par.nDiscretizationBFP = 129
par.backgroundNoise = 0.020
par.nPhotons = 500
positionX_nm_array = [-4.600905e+03 ,  4.162128e+03 , -1.622306e+03 , -2.152128e+03 , -6.263888e+02 ,  2.651255e+03 ,  4.386749e+03 ,  4.073051e+03 , -3.393440e+03 , -5.494801e+02 , -3.649259e+03 , -1.526157e+03 ,  1.606935e+03 ,  1.583439e+03 , -3.877559e+02 , -3.761862e+02 ,  3.515164e+02 , -3.534542e+03 , -3.955005e+03 ,  3.306833e+03 , -4.517819e+03 , -1.795084e+03 ,  1.899662e+03 , -1.142843e+02 ,  4.278699e+03 ,  2.612855e+03 , -2.216629e+03 ,  2.498347e+03 , -4.897867e+03 ,  8.223018e+02 ,  3.928660e+03 , -1.715155e+02 , -3.218701e+03 ,  4.761405e+03 ,  4.625206e+03 , -1.443187e+03 ,  1.416635e+03 ,  7.048533e+02 ,  3.540158e+03 ,  2.636784e+03 , -4.840355e+03 ,  4.108092e+03 , -3.519689e+03 ,  1.556296e+03 ,  1.071539e+03 , -3.177728e+03 ,  4.750412e+03 ,  6.116538e+02 ,  3.463353e+03 ,  5.220287e+02 ,]
positionY_nm_array = [4.692412e+03 ,  7.750157e+02 , -2.819955e+03 ,  3.806001e+03 ,  1.706126e+03 , -2.412635e+03 , -2.934812e+03 ,  3.548066e+03 , -1.578990e+03 ,  4.832175e+03 ,  3.479517e+03 , -3.977517e+03 , -3.815124e+03 ,  2.936657e+03 ,  3.199631e+03 , -4.008308e+03 , -4.515778e+02 , -3.369465e+03 ,  9.426445e+02 , -4.614427e+03 , -4.261874e+02 ,  1.446339e+03 ,  6.856351e+02 , -2.116796e+03 , -4.863899e+03 ,  4.106120e+03 , -1.368009e+02 ,  1.683110e+03 , -2.176072e+03 ,  3.608323e+03 , -1.750130e+03 ,  4.884404e+02 , -4.620721e+03 , -6.754921e+02 ,  2.285497e+03 , -9.372358e+02 , -4.915774e+03 ,  1.515584e+03 , -3.569496e+03 , -4.392292e+02 ,  3.097333e+03 ,  4.569100e+03 , -1.093826e+02 , -1.078524e+03 , -2.007584e+03 ,  1.868183e+03 , -3.928363e+03 , -2.955455e+03 ,  2.661720e+03 ,  2.528560e+03 ,]
angleInclination_array = [5.235988e-01 , 5.235988e-01 , 5.235988e-01 , 5.235988e-01 , 5.235988e-01 , 5.235988e-01 , 5.235988e-01 , 5.235988e-01 , 5.235988e-01 , 5.235988e-01 , 5.235988e-01 , 5.235988e-01 , 5.235988e-01 , 5.235988e-01 , 5.235988e-01 , 5.235988e-01 , 5.235988e-01 , 5.235988e-01 , 5.235988e-01 , 5.235988e-01 , 5.235988e-01 , 5.235988e-01 , 5.235988e-01 , 5.235988e-01 , 5.235988e-01 , 5.235988e-01 , 5.235988e-01 , 5.235988e-01 , 5.235988e-01 , 5.235988e-01 , 5.235988e-01 , 5.235988e-01 , 5.235988e-01 , 5.235988e-01 , 5.235988e-01 , 5.235988e-01 , 5.235988e-01 , 5.235988e-01 , 5.235988e-01 , 5.235988e-01 , 5.235988e-01 , 5.235988e-01 , 5.235988e-01 , 5.235988e-01 , 5.235988e-01 , 5.235988e-01 , 5.235988e-01 , 5.235988e-01 , 5.235988e-01 , 5.235988e-01 ,]
angleAzimuth_array = [6.283185e+00 , 6.283185e+00 , 6.283185e+00 , 6.283185e+00 , 6.283185e+00 , 6.283185e+00 , 6.283185e+00 , 6.283185e+00 , 6.283185e+00 , 6.283185e+00 , 6.283185e+00 , 6.283185e+00 , 6.283185e+00 , 6.283185e+00 , 6.283185e+00 , 6.283185e+00 , 6.283185e+00 , 6.283185e+00 , 6.283185e+00 , 6.283185e+00 , 6.283185e+00 , 6.283185e+00 , 6.283185e+00 , 6.283185e+00 , 6.283185e+00 , 6.283185e+00 , 6.283185e+00 , 6.283185e+00 , 6.283185e+00 , 6.283185e+00 , 6.283185e+00 , 6.283185e+00 , 6.283185e+00 , 6.283185e+00 , 6.283185e+00 , 6.283185e+00 , 6.283185e+00 , 6.283185e+00 , 6.283185e+00 , 6.283185e+00 , 6.283185e+00 , 6.283185e+00 , 6.283185e+00 , 6.283185e+00 , 6.283185e+00 , 6.283185e+00 , 6.283185e+00 , 6.283185e+00 , 6.283185e+00 , 6.283185e+00 ,]
