% ground truth for sim_inc80_az360.tif
% settings
number_of_spots = 50
pixel_size_nm = 51.200
image_size_nm = 14142.136
image_size_px = 275
wavelength = 500
par.objectiveNA = 2.17
objectiveFocalLength = 770
par.refractiveIndices = [1.310000e+00 , 2.170000e+00 , 2.170000e+00 ,]
par.nDiscretizationBFP = 129
par.backgroundNoise = 0.020
par.nPhotons = 500
positionX_nm_array = [-3.851576e+02 , -3.044038e+03 ,  4.797577e+03 ,  3.133458e+03 ,  1.290143e+03 ,  5.593054e+02 , -4.225688e+03 ,  9.723051e+02 ,  3.642380e+03 ,  4.105796e+03 , -1.229741e+03 , -4.392534e+03 ,  3.180028e+03 , -2.742890e+03 , -4.887906e+03 , -6.629866e+02 ,  2.099257e+02 ,  4.027644e+03 ,  1.625396e+03 ,  2.191559e+03 ,  2.320908e+03 , -1.964591e+03 , -4.593109e+03 ,  2.221442e+03 ,  1.137484e+03 , -2.557899e+03 , -6.516575e+02 ,  4.649997e+03 ,  4.546347e+03 ,  1.766375e+02 ,  2.916145e+02 ,  2.498509e+03 ,  4.680284e+03 , -1.805646e+03 , -3.147900e+03 , -6.116197e+01 , -4.871212e+03 , -3.092155e+03 , -5.670150e+02 ,  3.222500e+03 , -4.524657e+03 ,  4.889886e+03 ,  1.295375e+02 , -1.988724e+03 ,  1.683731e+03 ,  1.149093e+03 , -2.054866e+03 , -3.814570e+03 ,  3.742620e+03 ,  2.128330e+03 ,]
positionY_nm_array = [-2.563089e+03 ,  4.882213e+03 , -4.381690e+03 ,  3.883536e+03 , -2.687504e+02 ,  4.134394e+03 ,  8.873540e+02 , -4.144873e+03 , -2.410731e+03 ,  8.691810e+02 , -6.362170e+02 ,  3.824532e+03 , -3.673489e+02 , -3.913563e+03 ,  4.943701e+03 ,  2.345357e+03 ,  1.637781e+03 , -9.332727e+02 ,  3.254630e+03 ,  4.809037e+03 , -3.750311e+03 ,  4.551169e+03 , -3.279312e+03 ,  6.168367e+02 , -2.451807e+03 ,  5.571654e+02 , -4.228185e+03 , -1.985413e+03 ,  2.962649e+03 , -4.109342e+02 ,  2.766773e+03 , -1.369827e+03 ,  4.068515e+03 , -2.517020e+03 , -3.956623e+02 , -1.546033e+03 ,  2.536620e+03 ,  2.315924e+03 ,  1.007573e+03 , -4.624247e+03 , -2.466131e+02 ,  1.605087e+03 , -3.500839e+03 ,  3.226358e+03 , -4.944272e+03 ,  1.134462e+03 , -1.298915e+03 , -1.922398e+03 , -3.666530e+03 ,  2.098797e+03 ,]
angleInclination_array = [1.396263e+00 , 1.396263e+00 , 1.396263e+00 , 1.396263e+00 , 1.396263e+00 , 1.396263e+00 , 1.396263e+00 , 1.396263e+00 , 1.396263e+00 , 1.396263e+00 , 1.396263e+00 , 1.396263e+00 , 1.396263e+00 , 1.396263e+00 , 1.396263e+00 , 1.396263e+00 , 1.396263e+00 , 1.396263e+00 , 1.396263e+00 , 1.396263e+00 , 1.396263e+00 , 1.396263e+00 , 1.396263e+00 , 1.396263e+00 , 1.396263e+00 , 1.396263e+00 , 1.396263e+00 , 1.396263e+00 , 1.396263e+00 , 1.396263e+00 , 1.396263e+00 , 1.396263e+00 , 1.396263e+00 , 1.396263e+00 , 1.396263e+00 , 1.396263e+00 , 1.396263e+00 , 1.396263e+00 , 1.396263e+00 , 1.396263e+00 , 1.396263e+00 , 1.396263e+00 , 1.396263e+00 , 1.396263e+00 , 1.396263e+00 , 1.396263e+00 , 1.396263e+00 , 1.396263e+00 , 1.396263e+00 , 1.396263e+00 ,]
angleAzimuth_array = [6.283185e+00 , 6.283185e+00 , 6.283185e+00 , 6.283185e+00 , 6.283185e+00 , 6.283185e+00 , 6.283185e+00 , 6.283185e+00 , 6.283185e+00 , 6.283185e+00 , 6.283185e+00 , 6.283185e+00 , 6.283185e+00 , 6.283185e+00 , 6.283185e+00 , 6.283185e+00 , 6.283185e+00 , 6.283185e+00 , 6.283185e+00 , 6.283185e+00 , 6.283185e+00 , 6.283185e+00 , 6.283185e+00 , 6.283185e+00 , 6.283185e+00 , 6.283185e+00 , 6.283185e+00 , 6.283185e+00 , 6.283185e+00 , 6.283185e+00 , 6.283185e+00 , 6.283185e+00 , 6.283185e+00 , 6.283185e+00 , 6.283185e+00 , 6.283185e+00 , 6.283185e+00 , 6.283185e+00 , 6.283185e+00 , 6.283185e+00 , 6.283185e+00 , 6.283185e+00 , 6.283185e+00 , 6.283185e+00 , 6.283185e+00 , 6.283185e+00 , 6.283185e+00 , 6.283185e+00 , 6.283185e+00 , 6.283185e+00 ,]
