% ground truth for sim_inc0_az120.tif
% settings
number_of_spots = 50
pixel_size_nm = 51.200
image_size_nm = 14142.136
image_size_px = 275
wavelength = 500
par.objectiveNA = 2.17
objectiveFocalLength = 770
par.refractiveIndices = [1.310000e+00 , 2.170000e+00 , 2.170000e+00 ,]
par.nDiscretizationBFP = 129
par.backgroundNoise = 0.020
par.nPhotons = 500
positionX_nm_array = [-6.324037e+02 ,  2.469956e+03 , -1.549901e+03 ,  1.533467e+03 , -4.128004e+03 , -1.381695e+03 ,  1.600786e+03 ,  2.819564e+03 ,  3.396735e+03 , -2.037071e+03 ,  4.528926e+03 ,  3.481744e+03 , -4.247648e+03 ,  2.096555e+03 , -1.614160e+03 , -1.746710e+03 ,  1.402889e+03 ,  3.706049e+02 , -3.670123e+03 ,  8.597949e+01 ,  4.880640e+02 ,  3.906265e+03 ,  5.682769e+02 ,  4.938978e+03 , -3.197541e+03 ,  2.963191e+03 , -4.569774e+03 , -5.172861e+02 ,  4.828281e+03 ,  4.439478e+03 , -2.760904e+03 ,  4.934285e+03 , -4.871760e+03 ,  1.431266e+03 , -2.875166e+03 , -3.138409e+03 , -3.385749e+03 ,  2.575412e+03 ,  5.746598e+02 , -6.186320e+02 , -1.207264e+03 , -4.919897e+03 ,  3.619641e+02 , -2.380277e+03 ,  5.317294e+02 , -4.417848e+03 , -9.964685e+02 , -4.084344e+03 , -4.760651e+03 ,  3.370894e+03 ,]
positionY_nm_array = [-3.738018e+03 , -2.490105e+03 ,  2.436360e+03 ,  3.224322e+03 , -1.911766e+03 ,  5.380804e+02 , -4.838050e+03 ,  1.474845e+03 , -8.457005e+02 , -2.720081e+03 ,  2.999558e+03 ,  2.764440e+03 , -4.596770e+03 , -9.689417e+02 ,  3.691153e+03 , -4.201656e+03 , -1.844870e+03 , -2.090111e+03 ,  2.376882e+03 , -2.627473e+02 ,  9.080669e+02 ,  7.462175e+02 ,  3.749248e+03 , -1.148195e+03 ,  1.548445e+02 ,  4.811910e+03 ,  4.275105e+03 ,  1.364106e+03 , -3.364858e+03 ,  1.798421e+03 , -4.459611e+03 ,  4.844240e+03 ,  3.955624e+02 , -3.427718e+03 , -1.602432e+03 ,  3.753719e+03 , -3.629708e+03 ,  3.451948e+03 ,  4.795416e+03 ,  3.488936e+03 , -1.124761e+03 ,  2.166401e+03 ,  2.404724e+03 ,  1.080535e+03 , -4.815024e+03 ,  3.139370e+03 ,  4.820031e+03 , -4.719562e+02 , -2.906998e+03 , -3.289433e+03 ,]
angleInclination_array = [0 , 0 , 0 , 0 , 0 , 0 , 0 , 0 , 0 , 0 , 0 , 0 , 0 , 0 , 0 , 0 , 0 , 0 , 0 , 0 , 0 , 0 , 0 , 0 , 0 , 0 , 0 , 0 , 0 , 0 , 0 , 0 , 0 , 0 , 0 , 0 , 0 , 0 , 0 , 0 , 0 , 0 , 0 , 0 , 0 , 0 , 0 , 0 , 0 , 0 ,]
angleAzimuth_array = [2.094395e+00 , 2.094395e+00 , 2.094395e+00 , 2.094395e+00 , 2.094395e+00 , 2.094395e+00 , 2.094395e+00 , 2.094395e+00 , 2.094395e+00 , 2.094395e+00 , 2.094395e+00 , 2.094395e+00 , 2.094395e+00 , 2.094395e+00 , 2.094395e+00 , 2.094395e+00 , 2.094395e+00 , 2.094395e+00 , 2.094395e+00 , 2.094395e+00 , 2.094395e+00 , 2.094395e+00 , 2.094395e+00 , 2.094395e+00 , 2.094395e+00 , 2.094395e+00 , 2.094395e+00 , 2.094395e+00 , 2.094395e+00 , 2.094395e+00 , 2.094395e+00 , 2.094395e+00 , 2.094395e+00 , 2.094395e+00 , 2.094395e+00 , 2.094395e+00 , 2.094395e+00 , 2.094395e+00 , 2.094395e+00 , 2.094395e+00 , 2.094395e+00 , 2.094395e+00 , 2.094395e+00 , 2.094395e+00 , 2.094395e+00 , 2.094395e+00 , 2.094395e+00 , 2.094395e+00 , 2.094395e+00 , 2.094395e+00 ,]
