% ground truth for sim_inc170_az320.tif
% settings
number_of_spots = 50
pixel_size_nm = 51.200
image_size_nm = 14142.136
image_size_px = 275
wavelength = 500
par.objectiveNA = 2.17
objectiveFocalLength = 770
par.refractiveIndices = [1.310000e+00 , 2.170000e+00 , 2.170000e+00 ,]
par.nDiscretizationBFP = 129
par.backgroundNoise = 0.020
par.nPhotons = 500
positionX_nm_array = [2.577916e+02 , -5.729651e+02 , -5.884787e+02 ,  3.672116e+03 ,  1.354501e+03 , -1.265832e+03 ,  4.307556e+03 , -2.728955e+03 ,  1.583663e+03 , -2.350318e+03 ,  1.086350e+02 , -4.084267e+03 ,  3.361511e+03 ,  2.766265e+03 , -4.052932e+03 , -4.725229e+03 ,  3.663432e+03 ,  4.676356e+03 ,  1.759915e+03 , -4.857305e+03 , -7.187353e+02 ,  2.928611e+03 , -2.333495e+03 , -2.529254e+03 ,  9.284635e+02 , -1.641740e+03 ,  1.423710e+03 ,  4.885389e+03 , -2.822962e+03 , -4.174983e+02 , -1.326829e+03 , -3.321147e+03 ,  4.736063e+03 ,  1.111817e+03 , -2.302810e+03 ,  3.656236e+03 , -2.455136e+03 , -1.800460e+02 , -4.821363e+03 , -3.965194e+03 ,  4.772391e+02 , -3.697768e+03 , -3.373822e+03 ,  2.617098e+03 ,  2.657248e+03 ,  4.328809e+03 , -4.302866e+01 ,  4.776130e+03 ,  2.086108e+03 , -2.201920e+03 ,]
positionY_nm_array = [-2.242632e+03 ,  4.030483e+02 , -1.552081e+03 ,  1.606640e+03 , -1.272969e+03 , -3.999989e+03 , -9.088583e+02 , -1.076956e+03 , -1.847769e+02 ,  3.221421e+03 , -3.710232e+03 ,  3.759895e+03 ,  4.536526e+03 , -4.320415e+03 , -1.786936e+03 , -2.870501e+03 , -4.810508e+03 , -2.069464e+03 , -2.251768e+03 ,  4.643437e+03 ,  4.722747e+03 ,  3.101305e+03 , -2.702804e+03 ,  4.074101e+02 ,  2.707162e+03 ,  1.000778e+03 , -3.898683e+03 , -3.712059e+03 , -3.726515e+03 , -4.633108e+03 ,  3.493494e+03 ,  2.788522e+03 ,  2.529465e+02 ,  4.316419e+03 ,  2.187699e+03 , -3.227633e+03 ,  4.432234e+03 ,  2.288350e+03 ,  3.709784e+02 , -4.355897e+03 ,  8.489736e+02 , -7.586634e+02 , -2.809976e+03 , -2.782187e+03 , -1.326571e+03 ,  3.962438e+03 ,  3.286952e+03 ,  2.605417e+03 ,  1.234741e+03 , -4.901610e+03 ,]
angleInclination_array = [2.967060e+00 , 2.967060e+00 , 2.967060e+00 , 2.967060e+00 , 2.967060e+00 , 2.967060e+00 , 2.967060e+00 , 2.967060e+00 , 2.967060e+00 , 2.967060e+00 , 2.967060e+00 , 2.967060e+00 , 2.967060e+00 , 2.967060e+00 , 2.967060e+00 , 2.967060e+00 , 2.967060e+00 , 2.967060e+00 , 2.967060e+00 , 2.967060e+00 , 2.967060e+00 , 2.967060e+00 , 2.967060e+00 , 2.967060e+00 , 2.967060e+00 , 2.967060e+00 , 2.967060e+00 , 2.967060e+00 , 2.967060e+00 , 2.967060e+00 , 2.967060e+00 , 2.967060e+00 , 2.967060e+00 , 2.967060e+00 , 2.967060e+00 , 2.967060e+00 , 2.967060e+00 , 2.967060e+00 , 2.967060e+00 , 2.967060e+00 , 2.967060e+00 , 2.967060e+00 , 2.967060e+00 , 2.967060e+00 , 2.967060e+00 , 2.967060e+00 , 2.967060e+00 , 2.967060e+00 , 2.967060e+00 , 2.967060e+00 ,]
angleAzimuth_array = [5.585054e+00 , 5.585054e+00 , 5.585054e+00 , 5.585054e+00 , 5.585054e+00 , 5.585054e+00 , 5.585054e+00 , 5.585054e+00 , 5.585054e+00 , 5.585054e+00 , 5.585054e+00 , 5.585054e+00 , 5.585054e+00 , 5.585054e+00 , 5.585054e+00 , 5.585054e+00 , 5.585054e+00 , 5.585054e+00 , 5.585054e+00 , 5.585054e+00 , 5.585054e+00 , 5.585054e+00 , 5.585054e+00 , 5.585054e+00 , 5.585054e+00 , 5.585054e+00 , 5.585054e+00 , 5.585054e+00 , 5.585054e+00 , 5.585054e+00 , 5.585054e+00 , 5.585054e+00 , 5.585054e+00 , 5.585054e+00 , 5.585054e+00 , 5.585054e+00 , 5.585054e+00 , 5.585054e+00 , 5.585054e+00 , 5.585054e+00 , 5.585054e+00 , 5.585054e+00 , 5.585054e+00 , 5.585054e+00 , 5.585054e+00 , 5.585054e+00 , 5.585054e+00 , 5.585054e+00 , 5.585054e+00 , 5.585054e+00 ,]
