% ground truth for sim_inc60_az200.tif
% settings
number_of_spots = 50
pixel_size_nm = 51.200
image_size_nm = 14142.136
image_size_px = 275
wavelength = 500
par.objectiveNA = 2.17
objectiveFocalLength = 770
par.refractiveIndices = [1.310000e+00 , 2.170000e+00 , 2.170000e+00 ,]
par.nDiscretizationBFP = 129
par.backgroundNoise = 0.020
par.nPhotons = 500
positionX_nm_array = [4.077348e+03 ,  4.060121e+03 , -2.407158e+03 , -2.038683e+03 , -3.875564e+03 ,  2.108694e+03 ,  1.770129e+03 , -1.428795e+02 , -3.279010e+03 , -1.099851e+03 , -4.935074e+03 , -1.557563e+03 ,  3.109364e+03 ,  3.160002e+02 , -4.127563e+03 ,  3.620521e+03 , -4.522267e+03 ,  1.376538e+03 ,  2.914804e+03 ,  1.798099e+02 , -4.923716e+03 ,  2.270685e+02 ,  7.563507e+02 ,  4.635321e+03 ,  3.175985e+03 ,  2.858253e+03 , -2.683122e+03 , -3.136170e+03 ,  1.830564e+03 ,  1.050732e+03 , -1.558052e+03 , -2.512401e+03 , -5.080499e+02 ,  4.837169e+03 , -3.247346e+03 , -3.985055e+03 ,  4.846679e+03 ,  1.254314e+03 ,  6.932475e+02 , -3.903249e+03 ,  1.743765e+03 , -1.177057e+03 , -6.231368e+02 ,  2.730826e+03 ,  4.437757e+03 , -3.647239e+02 ,  2.226911e+03 , -9.628064e+02 ,  3.571433e+03 ,  2.410144e+03 ,]
positionY_nm_array = [2.059152e+03 , -3.881380e+03 , -2.254895e+03 , -5.382906e+02 ,  2.179261e+03 , -3.856153e+03 , -1.106589e+03 ,  3.430591e+03 , -4.003396e+03 , -2.691811e+03 ,  2.066061e+03 ,  2.135711e+03 ,  9.296759e+02 ,  7.455644e+02 , -1.542032e+03 ,  4.239218e+03 , -2.037965e+02 ,  4.832231e+02 , -1.435276e+03 ,  4.662891e+03 , -3.562581e+03 , -3.252410e+03 , -1.469176e+03 , -2.801156e+03 , -2.900514e+03 ,  2.973232e+03 ,  3.230666e+03 ,  4.415276e+03 ,  3.907474e+03 ,  1.520531e+03 , -4.168292e+03 ,  4.769729e+02 , -3.459109e+02 ,  1.759268e+02 , -6.346111e+02 ,  3.691314e+03 ,  3.689495e+03 , -4.457406e+03 ,  2.535978e+03 , -3.123201e+03 ,  2.667565e+03 ,  4.764875e+03 ,  1.495209e+03 , -4.909611e+03 , -4.925613e+03 , -4.349903e+03 ,  1.607442e+03 , -1.611281e+03 , -3.697709e+02 , -3.247949e+01 ,]
angleInclination_array = [1.047198e+00 , 1.047198e+00 , 1.047198e+00 , 1.047198e+00 , 1.047198e+00 , 1.047198e+00 , 1.047198e+00 , 1.047198e+00 , 1.047198e+00 , 1.047198e+00 , 1.047198e+00 , 1.047198e+00 , 1.047198e+00 , 1.047198e+00 , 1.047198e+00 , 1.047198e+00 , 1.047198e+00 , 1.047198e+00 , 1.047198e+00 , 1.047198e+00 , 1.047198e+00 , 1.047198e+00 , 1.047198e+00 , 1.047198e+00 , 1.047198e+00 , 1.047198e+00 , 1.047198e+00 , 1.047198e+00 , 1.047198e+00 , 1.047198e+00 , 1.047198e+00 , 1.047198e+00 , 1.047198e+00 , 1.047198e+00 , 1.047198e+00 , 1.047198e+00 , 1.047198e+00 , 1.047198e+00 , 1.047198e+00 , 1.047198e+00 , 1.047198e+00 , 1.047198e+00 , 1.047198e+00 , 1.047198e+00 , 1.047198e+00 , 1.047198e+00 , 1.047198e+00 , 1.047198e+00 , 1.047198e+00 , 1.047198e+00 ,]
angleAzimuth_array = [3.490659e+00 , 3.490659e+00 , 3.490659e+00 , 3.490659e+00 , 3.490659e+00 , 3.490659e+00 , 3.490659e+00 , 3.490659e+00 , 3.490659e+00 , 3.490659e+00 , 3.490659e+00 , 3.490659e+00 , 3.490659e+00 , 3.490659e+00 , 3.490659e+00 , 3.490659e+00 , 3.490659e+00 , 3.490659e+00 , 3.490659e+00 , 3.490659e+00 , 3.490659e+00 , 3.490659e+00 , 3.490659e+00 , 3.490659e+00 , 3.490659e+00 , 3.490659e+00 , 3.490659e+00 , 3.490659e+00 , 3.490659e+00 , 3.490659e+00 , 3.490659e+00 , 3.490659e+00 , 3.490659e+00 , 3.490659e+00 , 3.490659e+00 , 3.490659e+00 , 3.490659e+00 , 3.490659e+00 , 3.490659e+00 , 3.490659e+00 , 3.490659e+00 , 3.490659e+00 , 3.490659e+00 , 3.490659e+00 , 3.490659e+00 , 3.490659e+00 , 3.490659e+00 , 3.490659e+00 , 3.490659e+00 , 3.490659e+00 ,]
