% ground truth for sim_inc100_az20.tif
% settings
number_of_spots = 50
pixel_size_nm = 51.200
image_size_nm = 14142.136
image_size_px = 275
wavelength = 500
par.objectiveNA = 2.17
objectiveFocalLength = 770
par.refractiveIndices = [1.310000e+00 , 2.170000e+00 , 2.170000e+00 ,]
par.nDiscretizationBFP = 129
par.backgroundNoise = 0.020
par.nPhotons = 500
positionX_nm_array = [1.140788e+03 ,  9.130323e+02 ,  2.490031e+03 , -2.400376e+03 , -4.100266e+03 , -3.680624e+02 ,  2.154438e+02 ,  2.733805e+02 , -2.550076e+03 , -1.480675e+03 , -3.330035e+03 , -3.204909e+03 , -1.875038e+03 ,  4.781902e+03 ,  2.799711e+03 , -2.312959e+03 , -4.894767e+03 , -2.368345e+01 , -4.220460e+03 , -4.885947e+03 ,  2.165347e+03 ,  4.770795e+03 ,  3.487220e+03 , -5.849129e+01 , -4.916490e+03 ,  4.440818e+03 ,  3.674145e+03 , -3.838208e+03 ,  4.747698e+03 ,  1.251073e+03 ,  7.968478e+02 ,  1.064554e+03 , -6.116219e+02 ,  3.145596e+03 , -1.778150e+03 ,  1.906106e+03 ,  2.992585e+03 ,  4.685526e+03 ,  5.503273e+02 ,  2.417148e+03 , -3.791762e+03 ,  2.171530e+03 ,  3.678438e+03 , -3.040885e+03 ,  3.259610e+03 ,  3.754432e+03 ,  2.258018e+03 , -2.823544e+02 , -1.290612e+03 ,  4.785604e+03 ,]
positionY_nm_array = [3.525465e+03 , -3.291693e+03 , -1.542666e+03 ,  2.515547e+03 ,  1.865772e+03 , -4.873554e+03 ,  1.137894e+03 , -1.303051e+03 ,  5.177844e+02 ,  4.083297e+03 , -4.179445e+02 , -4.712547e+03 , -8.621980e+02 ,  1.647352e+03 ,  1.071687e+03 , -2.934091e+03 , -2.146704e+03 , -3.662809e+03 , -3.429437e+03 , -7.283440e+02 , -4.251372e+03 , -6.780909e+02 , -1.235932e+03 ,  4.053523e+03 , -4.224213e+03 , -4.899353e+03 ,  4.670864e+03 , -1.456068e+03 ,  4.787540e+03 , -1.886083e+03 , -4.409621e+02 ,  4.703203e+03 , -4.487147e+02 ,  3.393504e+03 , -4.758262e+03 ,  1.899353e+03 , -4.894719e+03 ,  3.521547e+03 ,  2.532718e+03 , -3.079826e+03 ,  8.382874e+02 ,  4.163401e+01 , -3.061778e+03 ,  3.655756e+03 , -1.745116e+02 ,  1.775865e+03 ,  4.736734e+03 , -2.166260e+03 ,  3.386502e+02 , -2.857979e+03 ,]
angleInclination_array = [1.745329e+00 , 1.745329e+00 , 1.745329e+00 , 1.745329e+00 , 1.745329e+00 , 1.745329e+00 , 1.745329e+00 , 1.745329e+00 , 1.745329e+00 , 1.745329e+00 , 1.745329e+00 , 1.745329e+00 , 1.745329e+00 , 1.745329e+00 , 1.745329e+00 , 1.745329e+00 , 1.745329e+00 , 1.745329e+00 , 1.745329e+00 , 1.745329e+00 , 1.745329e+00 , 1.745329e+00 , 1.745329e+00 , 1.745329e+00 , 1.745329e+00 , 1.745329e+00 , 1.745329e+00 , 1.745329e+00 , 1.745329e+00 , 1.745329e+00 , 1.745329e+00 , 1.745329e+00 , 1.745329e+00 , 1.745329e+00 , 1.745329e+00 , 1.745329e+00 , 1.745329e+00 , 1.745329e+00 , 1.745329e+00 , 1.745329e+00 , 1.745329e+00 , 1.745329e+00 , 1.745329e+00 , 1.745329e+00 , 1.745329e+00 , 1.745329e+00 , 1.745329e+00 , 1.745329e+00 , 1.745329e+00 , 1.745329e+00 ,]
angleAzimuth_array = [3.490659e-01 , 3.490659e-01 , 3.490659e-01 , 3.490659e-01 , 3.490659e-01 , 3.490659e-01 , 3.490659e-01 , 3.490659e-01 , 3.490659e-01 , 3.490659e-01 , 3.490659e-01 , 3.490659e-01 , 3.490659e-01 , 3.490659e-01 , 3.490659e-01 , 3.490659e-01 , 3.490659e-01 , 3.490659e-01 , 3.490659e-01 , 3.490659e-01 , 3.490659e-01 , 3.490659e-01 , 3.490659e-01 , 3.490659e-01 , 3.490659e-01 , 3.490659e-01 , 3.490659e-01 , 3.490659e-01 , 3.490659e-01 , 3.490659e-01 , 3.490659e-01 , 3.490659e-01 , 3.490659e-01 , 3.490659e-01 , 3.490659e-01 , 3.490659e-01 , 3.490659e-01 , 3.490659e-01 , 3.490659e-01 , 3.490659e-01 , 3.490659e-01 , 3.490659e-01 , 3.490659e-01 , 3.490659e-01 , 3.490659e-01 , 3.490659e-01 , 3.490659e-01 , 3.490659e-01 , 3.490659e-01 , 3.490659e-01 ,]
