% ground truth for sim_inc30_az120.tif
% settings
number_of_spots = 50
pixel_size_nm = 51.200
image_size_nm = 14142.136
image_size_px = 275
wavelength = 500
par.objectiveNA = 2.17
objectiveFocalLength = 770
par.refractiveIndices = [1.310000e+00 , 2.170000e+00 , 2.170000e+00 ,]
par.nDiscretizationBFP = 129
par.backgroundNoise = 0.020
par.nPhotons = 500
positionX_nm_array = [3.584526e+03 ,  1.016924e+03 , -3.477636e+03 ,  3.693352e+03 , -3.300397e+03 ,  9.819156e+02 ,  3.847444e+03 , -3.287406e+03 ,  4.701088e+03 ,  2.560610e+03 , -5.835367e+02 , -4.013677e+03 , -4.074076e+03 , -4.419622e+03 ,  4.772105e+03 , -1.683851e+03 , -3.295222e+03 ,  1.788430e+03 , -3.387477e+03 , -1.981237e+03 , -1.482370e+03 , -2.898647e+03 , -5.869054e+02 , -3.626925e+02 ,  1.812407e+02 , -4.664722e+03 ,  1.299142e+03 ,  3.592118e+03 , -9.449685e+02 ,  2.353193e+03 , -4.551461e+03 ,  7.805212e+02 ,  2.449586e+03 ,  1.229968e+03 , -1.987735e+03 ,  4.031434e+03 , -1.895124e+03 ,  1.376196e+03 ,  4.408769e+03 , -2.583429e+03 ,  3.628228e+03 ,  4.378176e+00 , -2.451579e+03 ,  4.754121e+03 ,  2.824275e+03 ,  1.917869e+03 , -2.379072e+03 , -1.127318e+03 ,  3.941306e+03 ,  2.424417e+03 ,]
positionY_nm_array = [-2.283708e+03 ,  2.420219e+03 ,  4.333640e+03 , -1.288154e+03 , -3.529056e+03 , -3.270272e+03 ,  2.544366e+03 ,  2.669151e+03 , -2.309164e+03 ,  1.218319e+03 , -2.614809e+03 , -4.824118e+03 ,  3.376013e+03 , -3.405645e+03 , -3.685658e+03 , -2.632199e+03 , -2.326708e+03 ,  3.311848e+03 , -4.924691e+02 ,  8.182465e+02 , -1.445347e+03 ,  1.638091e+03 , -4.429193e+03 ,  4.264188e+03 ,  4.623995e+02 ,  9.971586e+02 , -1.994292e+03 ,  3.561818e+03 ,  2.350229e+03 , -3.983375e+03 , -9.969779e+02 ,  4.817331e+03 , -8.994538e+01 , -4.551944e+03 ,  2.318269e+03 ,  4.823691e+03 ,  3.926375e+03 ,  6.637044e+02 ,  1.551275e+03 , -1.373901e+03 , -3.651289e+03 , -7.266384e+02 ,  4.824797e+03 ,  3.973688e+03 ,  2.351404e+03 ,  4.326690e+03 , -4.265249e+03 , -1.478371e+02 , -1.339032e+02 , -2.980625e+03 ,]
angleInclination_array = [5.235988e-01 , 5.235988e-01 , 5.235988e-01 , 5.235988e-01 , 5.235988e-01 , 5.235988e-01 , 5.235988e-01 , 5.235988e-01 , 5.235988e-01 , 5.235988e-01 , 5.235988e-01 , 5.235988e-01 , 5.235988e-01 , 5.235988e-01 , 5.235988e-01 , 5.235988e-01 , 5.235988e-01 , 5.235988e-01 , 5.235988e-01 , 5.235988e-01 , 5.235988e-01 , 5.235988e-01 , 5.235988e-01 , 5.235988e-01 , 5.235988e-01 , 5.235988e-01 , 5.235988e-01 , 5.235988e-01 , 5.235988e-01 , 5.235988e-01 , 5.235988e-01 , 5.235988e-01 , 5.235988e-01 , 5.235988e-01 , 5.235988e-01 , 5.235988e-01 , 5.235988e-01 , 5.235988e-01 , 5.235988e-01 , 5.235988e-01 , 5.235988e-01 , 5.235988e-01 , 5.235988e-01 , 5.235988e-01 , 5.235988e-01 , 5.235988e-01 , 5.235988e-01 , 5.235988e-01 , 5.235988e-01 , 5.235988e-01 ,]
angleAzimuth_array = [2.094395e+00 , 2.094395e+00 , 2.094395e+00 , 2.094395e+00 , 2.094395e+00 , 2.094395e+00 , 2.094395e+00 , 2.094395e+00 , 2.094395e+00 , 2.094395e+00 , 2.094395e+00 , 2.094395e+00 , 2.094395e+00 , 2.094395e+00 , 2.094395e+00 , 2.094395e+00 , 2.094395e+00 , 2.094395e+00 , 2.094395e+00 , 2.094395e+00 , 2.094395e+00 , 2.094395e+00 , 2.094395e+00 , 2.094395e+00 , 2.094395e+00 , 2.094395e+00 , 2.094395e+00 , 2.094395e+00 , 2.094395e+00 , 2.094395e+00 , 2.094395e+00 , 2.094395e+00 , 2.094395e+00 , 2.094395e+00 , 2.094395e+00 , 2.094395e+00 , 2.094395e+00 , 2.094395e+00 , 2.094395e+00 , 2.094395e+00 , 2.094395e+00 , 2.094395e+00 , 2.094395e+00 , 2.094395e+00 , 2.094395e+00 , 2.094395e+00 , 2.094395e+00 , 2.094395e+00 , 2.094395e+00 , 2.094395e+00 ,]
