% ground truth for sim_inc120_az180.tif
% settings
number_of_spots = 50
pixel_size_nm = 51.200
image_size_nm = 14142.136
image_size_px = 275
wavelength = 500
par.objectiveNA = 2.17
objectiveFocalLength = 770
par.refractiveIndices = [1.310000e+00 , 2.170000e+00 , 2.170000e+00 ,]
par.nDiscretizationBFP = 129
par.backgroundNoise = 0.020
par.nPhotons = 500
positionX_nm_array = [1.403806e+03 , -2.242037e+03 , -3.160568e+03 ,  3.854296e+03 ,  3.388848e+03 , -3.038240e+03 ,  1.722994e+03 , -2.003980e+03 , -1.055952e+03 ,  3.118955e+03 , -1.775206e+02 , -9.361917e+02 , -3.884186e+03 ,  4.835101e+02 ,  3.673101e+03 , -4.893852e+03 ,  3.502071e+03 ,  1.444546e+03 ,  3.335105e+03 , -2.171991e+02 , -1.562149e+02 , -3.973040e+03 , -1.497964e+03 ,  4.358416e+03 , -2.034868e+03 , -8.117252e+01 , -4.486033e+03 , -4.040645e+03 ,  4.694364e+03 , -2.813282e+03 ,  4.101661e+03 , -4.778527e+03 , -3.907616e+03 ,  4.738472e+03 ,  4.369597e+03 ,  2.488890e+03 , -2.899530e+03 , -1.567739e+03 , -3.252313e+03 , -1.651704e+03 ,  2.419316e+03 ,  2.067500e+03 ,  2.605152e+03 ,  4.383444e+03 , -2.310566e+03 , -4.219883e+03 ,  1.295678e+03 ,  1.306000e+03 ,  1.280222e+03 ,  3.405475e+03 ,]
positionY_nm_array = [-4.064282e+03 , -4.709450e+02 ,  2.738263e+03 , -7.173796e+01 ,  2.350267e+03 ,  5.115275e+02 ,  2.562833e+03 ,  3.572082e+03 , -1.996741e+03 , -8.320686e+02 , -5.104958e+02 ,  3.188845e+03 ,  3.444653e+03 ,  3.991503e+03 , -2.029067e+03 , -2.448002e+03 ,  1.306381e+03 , -1.360404e+03 , -4.021280e+03 , -4.465264e+03 ,  1.276906e+03 , -1.287548e+03 ,  4.490145e+03 ,  3.766069e+03 ,  1.506691e+03 , -2.810001e+03 ,  5.731127e+02 , -3.718234e+03 ,  7.928221e+02 , -1.871183e+03 , -4.859094e+03 ,  4.501569e+03 ,  1.723834e+03 ,  2.199575e+03 , -3.869071e+03 ,  3.295093e+03 ,  4.518943e+03 ,  2.765332e+02 , -4.372597e+03 , -4.201644e+03 ,  1.295618e+03 ,  4.607394e+03 , -2.807619e+03 , -9.489270e+02 , -3.229329e+03 , -4.856468e+03 , -2.789015e+03 ,  1.630946e+03 ,  4.438753e+02 ,  4.125737e+03 ,]
angleInclination_array = [2.094395e+00 , 2.094395e+00 , 2.094395e+00 , 2.094395e+00 , 2.094395e+00 , 2.094395e+00 , 2.094395e+00 , 2.094395e+00 , 2.094395e+00 , 2.094395e+00 , 2.094395e+00 , 2.094395e+00 , 2.094395e+00 , 2.094395e+00 , 2.094395e+00 , 2.094395e+00 , 2.094395e+00 , 2.094395e+00 , 2.094395e+00 , 2.094395e+00 , 2.094395e+00 , 2.094395e+00 , 2.094395e+00 , 2.094395e+00 , 2.094395e+00 , 2.094395e+00 , 2.094395e+00 , 2.094395e+00 , 2.094395e+00 , 2.094395e+00 , 2.094395e+00 , 2.094395e+00 , 2.094395e+00 , 2.094395e+00 , 2.094395e+00 , 2.094395e+00 , 2.094395e+00 , 2.094395e+00 , 2.094395e+00 , 2.094395e+00 , 2.094395e+00 , 2.094395e+00 , 2.094395e+00 , 2.094395e+00 , 2.094395e+00 , 2.094395e+00 , 2.094395e+00 , 2.094395e+00 , 2.094395e+00 , 2.094395e+00 ,]
angleAzimuth_array = [3.141593e+00 , 3.141593e+00 , 3.141593e+00 , 3.141593e+00 , 3.141593e+00 , 3.141593e+00 , 3.141593e+00 , 3.141593e+00 , 3.141593e+00 , 3.141593e+00 , 3.141593e+00 , 3.141593e+00 , 3.141593e+00 , 3.141593e+00 , 3.141593e+00 , 3.141593e+00 , 3.141593e+00 , 3.141593e+00 , 3.141593e+00 , 3.141593e+00 , 3.141593e+00 , 3.141593e+00 , 3.141593e+00 , 3.141593e+00 , 3.141593e+00 , 3.141593e+00 , 3.141593e+00 , 3.141593e+00 , 3.141593e+00 , 3.141593e+00 , 3.141593e+00 , 3.141593e+00 , 3.141593e+00 , 3.141593e+00 , 3.141593e+00 , 3.141593e+00 , 3.141593e+00 , 3.141593e+00 , 3.141593e+00 , 3.141593e+00 , 3.141593e+00 , 3.141593e+00 , 3.141593e+00 , 3.141593e+00 , 3.141593e+00 , 3.141593e+00 , 3.141593e+00 , 3.141593e+00 , 3.141593e+00 , 3.141593e+00 ,]
