% ground truth for sim_inc130_az140.tif
% settings
number_of_spots = 50
pixel_size_nm = 51.200
image_size_nm = 14142.136
image_size_px = 275
wavelength = 500
par.objectiveNA = 2.17
objectiveFocalLength = 770
par.refractiveIndices = [1.310000e+00 , 2.170000e+00 , 2.170000e+00 ,]
par.nDiscretizationBFP = 129
par.backgroundNoise = 0.020
par.nPhotons = 500
positionX_nm_array = [-6.481108e+01 ,  3.681003e+03 , -2.354143e+03 ,  4.145811e+03 , -5.026406e+02 ,  7.346842e+02 ,  4.161462e+03 ,  1.865533e+02 ,  1.594312e+03 ,  2.308165e+03 , -3.058715e+03 ,  2.082091e+02 ,  2.119786e+03 , -3.322176e+03 ,  3.926473e+02 , -3.866574e+03 ,  4.776928e+03 ,  1.172326e+03 , -4.919341e+03 , -3.418175e+03 , -8.309851e+02 ,  1.683619e+02 ,  2.769747e+03 , -1.525535e+03 ,  3.588010e+03 , -3.287443e+03 , -3.679329e+03 , -4.503618e+03 , -1.400669e+03 ,  2.855005e+03 , -2.625781e+03 ,  3.244179e+03 , -1.950602e+03 , -4.205470e+03 , -9.610089e+02 , -2.953431e+03 ,  1.816687e+03 , -1.628112e+03 , -3.033542e+02 ,  4.467950e+03 , -4.304441e+03 ,  2.936160e+03 , -4.483553e+03 ,  6.243622e+02 ,  3.923698e+03 , -4.937381e+03 , -2.445488e+03 , -1.678499e+03 ,  4.493328e+03 ,  2.465493e+03 ,]
positionY_nm_array = [3.991026e+03 ,  1.473026e+03 , -2.118553e+03 ,  3.167610e+03 ,  2.719624e+03 , -4.787011e+03 ,  4.535121e+03 , -3.749997e+03 , -2.032415e+03 , -3.579372e+03 , -3.825728e+03 ,  1.597438e+03 ,  2.332229e+03 , -1.061500e+03 , -1.886663e+03 ,  3.057458e+02 ,  6.711514e+02 ,  3.843737e+03 ,  5.791661e+02 ,  3.914172e+03 ,  1.374221e+03 , -1.125928e+02 ,  4.827630e+03 , -5.722396e+02 , -1.850073e+03 ,  1.525870e+03 ,  2.705585e+03 , -3.937120e+03 , -4.127086e+03 , -1.059921e+02 ,  2.833309e+03 , -4.591533e+03 ,  1.360494e+03 , -1.885999e+03 , -2.174721e+03 ,  4.812191e+03 ,  9.428776e+02 ,  3.982040e+03 , -1.132956e+03 , -1.174405e+03 , -7.338144e+02 ,  2.911663e+03 ,  3.514884e+03 ,  4.755925e+03 , -1.395227e+02 ,  4.651901e+03 ,  3.055274e+02 , -2.895278e+03 , -3.256125e+03 , -1.118944e+03 ,]
angleInclination_array = [2.268928e+00 , 2.268928e+00 , 2.268928e+00 , 2.268928e+00 , 2.268928e+00 , 2.268928e+00 , 2.268928e+00 , 2.268928e+00 , 2.268928e+00 , 2.268928e+00 , 2.268928e+00 , 2.268928e+00 , 2.268928e+00 , 2.268928e+00 , 2.268928e+00 , 2.268928e+00 , 2.268928e+00 , 2.268928e+00 , 2.268928e+00 , 2.268928e+00 , 2.268928e+00 , 2.268928e+00 , 2.268928e+00 , 2.268928e+00 , 2.268928e+00 , 2.268928e+00 , 2.268928e+00 , 2.268928e+00 , 2.268928e+00 , 2.268928e+00 , 2.268928e+00 , 2.268928e+00 , 2.268928e+00 , 2.268928e+00 , 2.268928e+00 , 2.268928e+00 , 2.268928e+00 , 2.268928e+00 , 2.268928e+00 , 2.268928e+00 , 2.268928e+00 , 2.268928e+00 , 2.268928e+00 , 2.268928e+00 , 2.268928e+00 , 2.268928e+00 , 2.268928e+00 , 2.268928e+00 , 2.268928e+00 , 2.268928e+00 ,]
angleAzimuth_array = [2.443461e+00 , 2.443461e+00 , 2.443461e+00 , 2.443461e+00 , 2.443461e+00 , 2.443461e+00 , 2.443461e+00 , 2.443461e+00 , 2.443461e+00 , 2.443461e+00 , 2.443461e+00 , 2.443461e+00 , 2.443461e+00 , 2.443461e+00 , 2.443461e+00 , 2.443461e+00 , 2.443461e+00 , 2.443461e+00 , 2.443461e+00 , 2.443461e+00 , 2.443461e+00 , 2.443461e+00 , 2.443461e+00 , 2.443461e+00 , 2.443461e+00 , 2.443461e+00 , 2.443461e+00 , 2.443461e+00 , 2.443461e+00 , 2.443461e+00 , 2.443461e+00 , 2.443461e+00 , 2.443461e+00 , 2.443461e+00 , 2.443461e+00 , 2.443461e+00 , 2.443461e+00 , 2.443461e+00 , 2.443461e+00 , 2.443461e+00 , 2.443461e+00 , 2.443461e+00 , 2.443461e+00 , 2.443461e+00 , 2.443461e+00 , 2.443461e+00 , 2.443461e+00 , 2.443461e+00 , 2.443461e+00 , 2.443461e+00 ,]
