% ground truth for sim_inc180_az160.tif
% settings
number_of_spots = 50
pixel_size_nm = 51.200
image_size_nm = 14142.136
image_size_px = 275
wavelength = 500
par.objectiveNA = 2.17
objectiveFocalLength = 770
par.refractiveIndices = [1.310000e+00 , 2.170000e+00 , 2.170000e+00 ,]
par.nDiscretizationBFP = 129
par.backgroundNoise = 0.020
par.nPhotons = 500
positionX_nm_array = [8.531434e+02 , -1.645700e+03 ,  7.685854e+02 ,  1.788594e+03 ,  4.718521e+03 ,  1.929084e+02 ,  2.628311e+03 , -2.034273e+03 , -3.859657e+03 ,  3.639111e+03 ,  4.303925e+03 ,  1.253898e+03 , -1.436583e+03 ,  2.863006e+03 ,  3.433940e+03 , -4.845978e+03 , -2.598899e+03 , -8.335563e+01 , -5.715684e+02 ,  3.905361e+03 , -2.961595e+03 ,  8.529729e+02 ,  4.869165e+03 ,  3.015610e+03 , -1.350009e+03 , -1.013207e+03 , -1.897452e+03 ,  8.114001e+02 ,  3.775618e+03 , -3.678722e+03 , -4.914121e+02 ,  1.678456e+03 ,  1.818886e+03 , -4.265127e+03 ,  5.715089e+02 ,  2.375089e+03 , -2.950137e+03 ,  2.335173e+03 , -3.091454e+03 ,  2.867632e+03 ,  2.847206e+03 , -2.643726e+03 , -4.996819e+02 ,  4.881581e+03 , -3.525955e+03 , -4.689090e+03 ,  4.612808e+03 , -4.835416e+03 , -4.852841e+03 ,  4.890060e+03 ,]
positionY_nm_array = [1.494675e+03 ,  2.633458e+03 , -3.176913e+02 , -4.341663e+03 ,  2.374082e+03 , -1.680489e+03 , -4.938666e+02 , -4.332141e+03 ,  3.581556e+03 ,  3.212885e+02 , -4.312406e+03 , -1.611615e+03 , -2.415808e+03 ,  2.663348e+03 ,  1.668884e+03 , -2.354955e+03 , -1.590069e+03 ,  3.251244e+03 ,  4.629864e+03 , -1.759120e+03 ,  5.575487e+02 , -2.751436e+03 , -1.202369e+03 , -2.956467e+03 , -2.819003e+02 ,  1.291754e+03 ,  4.157782e+03 ,  4.027848e+03 ,  3.113307e+03 , -1.532251e+03 ,  3.392612e+02 ,  3.493953e+03 , -3.167873e+03 ,  5.203720e+02 , -4.932615e+03 ,  5.468129e+02 , -3.302823e+03 , -1.533017e+03 ,  1.618998e+03 ,  3.846999e+03 ,  4.883610e+03 ,  3.163982e+03 , -3.506478e+03 , -2.793721e+03 , -4.333613e+03 , -1.231126e+03 , -1.497233e+02 ,  4.207720e+03 , -3.437867e+03 ,  4.085782e+03 ,]
angleInclination_array = [3.141593e+00 , 3.141593e+00 , 3.141593e+00 , 3.141593e+00 , 3.141593e+00 , 3.141593e+00 , 3.141593e+00 , 3.141593e+00 , 3.141593e+00 , 3.141593e+00 , 3.141593e+00 , 3.141593e+00 , 3.141593e+00 , 3.141593e+00 , 3.141593e+00 , 3.141593e+00 , 3.141593e+00 , 3.141593e+00 , 3.141593e+00 , 3.141593e+00 , 3.141593e+00 , 3.141593e+00 , 3.141593e+00 , 3.141593e+00 , 3.141593e+00 , 3.141593e+00 , 3.141593e+00 , 3.141593e+00 , 3.141593e+00 , 3.141593e+00 , 3.141593e+00 , 3.141593e+00 , 3.141593e+00 , 3.141593e+00 , 3.141593e+00 , 3.141593e+00 , 3.141593e+00 , 3.141593e+00 , 3.141593e+00 , 3.141593e+00 , 3.141593e+00 , 3.141593e+00 , 3.141593e+00 , 3.141593e+00 , 3.141593e+00 , 3.141593e+00 , 3.141593e+00 , 3.141593e+00 , 3.141593e+00 , 3.141593e+00 ,]
angleAzimuth_array = [2.792527e+00 , 2.792527e+00 , 2.792527e+00 , 2.792527e+00 , 2.792527e+00 , 2.792527e+00 , 2.792527e+00 , 2.792527e+00 , 2.792527e+00 , 2.792527e+00 , 2.792527e+00 , 2.792527e+00 , 2.792527e+00 , 2.792527e+00 , 2.792527e+00 , 2.792527e+00 , 2.792527e+00 , 2.792527e+00 , 2.792527e+00 , 2.792527e+00 , 2.792527e+00 , 2.792527e+00 , 2.792527e+00 , 2.792527e+00 , 2.792527e+00 , 2.792527e+00 , 2.792527e+00 , 2.792527e+00 , 2.792527e+00 , 2.792527e+00 , 2.792527e+00 , 2.792527e+00 , 2.792527e+00 , 2.792527e+00 , 2.792527e+00 , 2.792527e+00 , 2.792527e+00 , 2.792527e+00 , 2.792527e+00 , 2.792527e+00 , 2.792527e+00 , 2.792527e+00 , 2.792527e+00 , 2.792527e+00 , 2.792527e+00 , 2.792527e+00 , 2.792527e+00 , 2.792527e+00 , 2.792527e+00 , 2.792527e+00 ,]
