% ground truth for sim_inc0_az100.tif
% settings
number_of_spots = 50
pixel_size_nm = 51.200
image_size_nm = 14142.136
image_size_px = 275
wavelength = 500
par.objectiveNA = 2.17
objectiveFocalLength = 770
par.refractiveIndices = [1.310000e+00 , 2.170000e+00 , 2.170000e+00 ,]
par.nDiscretizationBFP = 129
par.backgroundNoise = 0.020
par.nPhotons = 500
positionX_nm_array = [9.753452e+02 , -2.634952e+02 , -1.868674e+03 ,  3.859192e+03 , -3.145140e+03 ,  3.799118e+03 , -2.300486e+03 , -4.081404e+03 , -3.854729e+03 ,  1.647187e+03 ,  3.578853e+03 , -4.041719e+02 ,  2.822836e+03 ,  1.842128e+03 , -2.489003e+03 ,  3.032884e+03 , -3.713572e+02 ,  4.850210e+03 ,  4.071686e+03 ,  2.735053e+03 ,  1.632011e+03 ,  4.169354e+03 , -4.874802e+03 , -1.131711e+01 , -3.819262e+02 , -1.973823e+03 , -1.348658e+03 , -3.340092e+03 ,  2.889241e+03 ,  1.392035e+03 , -2.420750e+03 , -4.698143e+03 ,  1.916801e+03 , -3.569872e+03 ,  7.373902e+02 , -2.120694e+03 ,  3.177454e+03 ,  3.722433e+03 , -1.532898e+03 , -3.812855e+03 , -4.215412e+03 , -1.200557e+03 ,  4.704760e+03 , -5.537711e+02 , -2.590815e+03 , -1.177524e+03 , -2.763632e+01 ,  9.770036e+02 ,  6.200955e+02 ,  4.349258e+03 ,]
positionY_nm_array = [-3.931541e+03 , -5.556530e+02 ,  2.874897e+03 , -7.754038e+02 , -1.076108e+03 , -4.884016e+03 ,  9.462937e+01 , -2.596342e+03 ,  1.387069e+03 ,  3.342654e+03 ,  8.217297e+02 ,  3.085638e+03 ,  2.563757e+03 , -1.925136e+03 , -3.656995e+03 , -1.660603e+03 , -1.768959e+03 , -2.251397e+03 ,  3.039824e+03 , -3.421560e+01 ,  1.223595e+03 ,  4.253715e+03 ,  4.715217e+02 ,  4.086503e+03 , -2.989783e+03 , -2.736632e+03 , -6.134163e+02 ,  4.031029e+03 , -4.368264e+03 , -7.584829e+02 ,  1.725876e+03 ,  2.052999e+03 ,  4.462631e+03 ,  1.649375e+02 ,  2.414947e+03 , -1.736059e+03 ,  4.560157e+03 , -2.720433e+03 ,  4.604381e+03 , -4.896502e+03 , -1.482366e+03 , -4.428831e+03 ,  1.639463e+03 ,  7.337710e+02 ,  4.769390e+03 ,  1.770405e+03 , -4.548279e+03 , -2.822108e+03 , -5.180090e+01 , -3.637133e+03 ,]
angleInclination_array = [0 , 0 , 0 , 0 , 0 , 0 , 0 , 0 , 0 , 0 , 0 , 0 , 0 , 0 , 0 , 0 , 0 , 0 , 0 , 0 , 0 , 0 , 0 , 0 , 0 , 0 , 0 , 0 , 0 , 0 , 0 , 0 , 0 , 0 , 0 , 0 , 0 , 0 , 0 , 0 , 0 , 0 , 0 , 0 , 0 , 0 , 0 , 0 , 0 , 0 ,]
angleAzimuth_array = [1.745329e+00 , 1.745329e+00 , 1.745329e+00 , 1.745329e+00 , 1.745329e+00 , 1.745329e+00 , 1.745329e+00 , 1.745329e+00 , 1.745329e+00 , 1.745329e+00 , 1.745329e+00 , 1.745329e+00 , 1.745329e+00 , 1.745329e+00 , 1.745329e+00 , 1.745329e+00 , 1.745329e+00 , 1.745329e+00 , 1.745329e+00 , 1.745329e+00 , 1.745329e+00 , 1.745329e+00 , 1.745329e+00 , 1.745329e+00 , 1.745329e+00 , 1.745329e+00 , 1.745329e+00 , 1.745329e+00 , 1.745329e+00 , 1.745329e+00 , 1.745329e+00 , 1.745329e+00 , 1.745329e+00 , 1.745329e+00 , 1.745329e+00 , 1.745329e+00 , 1.745329e+00 , 1.745329e+00 , 1.745329e+00 , 1.745329e+00 , 1.745329e+00 , 1.745329e+00 , 1.745329e+00 , 1.745329e+00 , 1.745329e+00 , 1.745329e+00 , 1.745329e+00 , 1.745329e+00 , 1.745329e+00 , 1.745329e+00 ,]
