% ground truth for sim_inc70_az0.tif
% settings
number_of_spots = 50
pixel_size_nm = 51.200
image_size_nm = 14142.136
image_size_px = 275
wavelength = 500
par.objectiveNA = 2.17
objectiveFocalLength = 770
par.refractiveIndices = [1.310000e+00 , 2.170000e+00 , 2.170000e+00 ,]
par.nDiscretizationBFP = 129
par.backgroundNoise = 0.020
par.nPhotons = 500
positionX_nm_array = [-1.194114e+03 ,  2.398309e+03 ,  1.256719e+03 , -3.367942e+03 ,  2.448639e+03 ,  4.430421e+03 , -4.870864e+03 ,  4.402597e+03 , -2.059294e+03 , -3.380328e+03 ,  4.047895e+03 ,  1.022055e+02 , -3.267952e+03 ,  3.918781e+02 ,  1.844633e+03 ,  1.676511e+03 ,  2.263759e+03 , -4.049621e+02 ,  1.386100e+03 , -3.372450e+03 , -1.418133e+03 ,  2.568646e+02 , -4.649597e+03 , -9.519351e+02 ,  3.522575e+03 , -2.137643e+03 , -2.264775e+03 ,  2.117006e+03 ,  4.169644e+03 , -2.582503e+03 , -1.825688e+02 ,  3.357813e+03 , -4.661055e+03 ,  2.703533e+03 ,  5.825998e+02 , -1.360026e+03 , -3.994305e+03 , -2.041668e+03 , -4.298603e+02 ,  2.970079e+03 ,  5.120094e+02 ,  1.306250e+03 , -2.875926e+02 ,  4.215920e+03 , -4.629458e+03 , -3.114224e+03 ,  4.346429e+03 , -3.625388e+03 ,  4.039083e+03 ,  2.951336e+03 ,]
positionY_nm_array = [4.887448e+03 ,  4.852148e+03 ,  3.800774e+03 ,  4.473276e+03 ,  3.174545e+03 , -4.106711e+02 ,  1.206575e+03 , -2.470386e+03 ,  4.733409e+02 , -1.960300e+03 ,  6.597673e+02 ,  4.700857e+02 , -3.138277e+03 , -7.158577e+02 , -4.344152e+03 ,  2.055727e+03 , -2.257122e+03 ,  1.952791e+03 , -2.821824e+03 ,  3.344310e+03 , -3.320749e+03 , -2.152077e+03 , -2.420990e+03 , -4.302990e+03 ,  3.844372e+03 ,  2.042325e+03 , -8.793898e+02 ,  6.271188e+02 ,  2.726889e+03 , -4.823530e+03 ,  3.396313e+03 , -2.959090e+03 ,  3.621702e+03 , -3.723174e+03 , -4.343228e+03 , -1.964214e+03 ,  2.253784e+03 ,  3.557198e+03 , -1.390216e+03 , -4.716285e+03 ,  4.821536e+03 , -1.522225e+03 , -3.458846e+03 , -3.854251e+03 , -4.209729e+03 , -9.745481e+01 ,  4.899863e+03 , -4.719809e+03 , -1.410344e+03 ,  1.920359e+03 ,]
angleInclination_array = [1.221730e+00 , 1.221730e+00 , 1.221730e+00 , 1.221730e+00 , 1.221730e+00 , 1.221730e+00 , 1.221730e+00 , 1.221730e+00 , 1.221730e+00 , 1.221730e+00 , 1.221730e+00 , 1.221730e+00 , 1.221730e+00 , 1.221730e+00 , 1.221730e+00 , 1.221730e+00 , 1.221730e+00 , 1.221730e+00 , 1.221730e+00 , 1.221730e+00 , 1.221730e+00 , 1.221730e+00 , 1.221730e+00 , 1.221730e+00 , 1.221730e+00 , 1.221730e+00 , 1.221730e+00 , 1.221730e+00 , 1.221730e+00 , 1.221730e+00 , 1.221730e+00 , 1.221730e+00 , 1.221730e+00 , 1.221730e+00 , 1.221730e+00 , 1.221730e+00 , 1.221730e+00 , 1.221730e+00 , 1.221730e+00 , 1.221730e+00 , 1.221730e+00 , 1.221730e+00 , 1.221730e+00 , 1.221730e+00 , 1.221730e+00 , 1.221730e+00 , 1.221730e+00 , 1.221730e+00 , 1.221730e+00 , 1.221730e+00 ,]
angleAzimuth_array = [0 , 0 , 0 , 0 , 0 , 0 , 0 , 0 , 0 , 0 , 0 , 0 , 0 , 0 , 0 , 0 , 0 , 0 , 0 , 0 , 0 , 0 , 0 , 0 , 0 , 0 , 0 , 0 , 0 , 0 , 0 , 0 , 0 , 0 , 0 , 0 , 0 , 0 , 0 , 0 , 0 , 0 , 0 , 0 , 0 , 0 , 0 , 0 , 0 , 0 ,]
