% ground truth for sim_inc90_az280.tif
% settings
number_of_spots = 50
pixel_size_nm = 51.200
image_size_nm = 14142.136
image_size_px = 275
wavelength = 500
par.objectiveNA = 2.17
objectiveFocalLength = 770
par.refractiveIndices = [1.310000e+00 , 2.170000e+00 , 2.170000e+00 ,]
par.nDiscretizationBFP = 129
par.backgroundNoise = 0.020
par.nPhotons = 500
positionX_nm_array = [-2.596882e+03 , -3.631531e+03 ,  3.836901e+03 ,  1.590773e+03 , -3.752336e+03 , -3.730107e+02 ,  1.258080e+03 , -1.925469e+02 , -2.817909e+03 ,  1.417116e+03 ,  1.000091e+03 , -1.517148e+03 ,  3.908493e+03 ,  2.439007e+03 ,  4.226811e+03 , -1.560954e+03 , -3.128907e+03 , -2.633676e+03 , -4.114455e+03 ,  2.626519e+02 , -3.883704e+03 ,  2.982019e+02 , -1.746613e+03 , -3.938148e+03 ,  8.437422e+02 , -1.396035e+03 ,  2.627186e+03 , -1.565125e+03 ,  7.235637e+02 ,  3.391185e+03 ,  2.338637e+03 ,  4.316466e+03 ,  4.612003e+03 , -1.203241e+03 ,  2.700369e+03 ,  4.557799e+03 ,  2.922234e+03 , -1.027413e+03 ,  3.372860e+03 , -2.929259e+03 , -3.931603e+02 , -4.926099e+03 ,  4.703214e+03 ,  4.790564e+03 ,  1.614248e+03 ,  2.281121e+03 ,  5.231893e+01 , -4.369995e+03 ,  2.573186e+03 ,  4.847574e+03 ,]
positionY_nm_array = [2.988113e+03 , -1.999276e+03 ,  1.022025e+03 , -1.257379e+03 , -8.492193e+02 ,  4.966387e+02 , -3.374955e+03 ,  1.915433e+03 , -4.833864e+03 , -4.512627e+03 ,  3.361867e+02 , -1.544777e+03 , -2.611205e+03 ,  3.322080e+03 ,  2.507011e+03 , -2.795158e+03 , -3.627469e+03 ,  2.899016e+02 ,  6.949746e+02 ,  4.613208e+03 ,  3.984220e+03 , -3.028671e+03 ,  1.276656e+03 ,  2.824447e+03 ,  1.452017e+03 ,  3.419988e+03 , -1.596979e+03 , -4.310439e+03 ,  2.997725e+03 , -2.654752e+02 ,  1.127559e+03 , -4.431277e+03 , -1.851600e+03 ,  4.791924e+03 , -2.867699e+03 , -3.428779e+03 , -4.915084e+03 , -4.537138e+02 ,  4.145761e+03 ,  1.568548e+03 ,  3.177975e+03 , -3.544714e+03 ,  4.887706e+03 , -3.542175e+02 ,  4.489006e+03 , -2.343309e+02 , -4.783756e+03 ,  1.762469e+03 ,  2.176689e+03 ,  3.364891e+03 ,]
angleInclination_array = [1.570796e+00 , 1.570796e+00 , 1.570796e+00 , 1.570796e+00 , 1.570796e+00 , 1.570796e+00 , 1.570796e+00 , 1.570796e+00 , 1.570796e+00 , 1.570796e+00 , 1.570796e+00 , 1.570796e+00 , 1.570796e+00 , 1.570796e+00 , 1.570796e+00 , 1.570796e+00 , 1.570796e+00 , 1.570796e+00 , 1.570796e+00 , 1.570796e+00 , 1.570796e+00 , 1.570796e+00 , 1.570796e+00 , 1.570796e+00 , 1.570796e+00 , 1.570796e+00 , 1.570796e+00 , 1.570796e+00 , 1.570796e+00 , 1.570796e+00 , 1.570796e+00 , 1.570796e+00 , 1.570796e+00 , 1.570796e+00 , 1.570796e+00 , 1.570796e+00 , 1.570796e+00 , 1.570796e+00 , 1.570796e+00 , 1.570796e+00 , 1.570796e+00 , 1.570796e+00 , 1.570796e+00 , 1.570796e+00 , 1.570796e+00 , 1.570796e+00 , 1.570796e+00 , 1.570796e+00 , 1.570796e+00 , 1.570796e+00 ,]
angleAzimuth_array = [4.886922e+00 , 4.886922e+00 , 4.886922e+00 , 4.886922e+00 , 4.886922e+00 , 4.886922e+00 , 4.886922e+00 , 4.886922e+00 , 4.886922e+00 , 4.886922e+00 , 4.886922e+00 , 4.886922e+00 , 4.886922e+00 , 4.886922e+00 , 4.886922e+00 , 4.886922e+00 , 4.886922e+00 , 4.886922e+00 , 4.886922e+00 , 4.886922e+00 , 4.886922e+00 , 4.886922e+00 , 4.886922e+00 , 4.886922e+00 , 4.886922e+00 , 4.886922e+00 , 4.886922e+00 , 4.886922e+00 , 4.886922e+00 , 4.886922e+00 , 4.886922e+00 , 4.886922e+00 , 4.886922e+00 , 4.886922e+00 , 4.886922e+00 , 4.886922e+00 , 4.886922e+00 , 4.886922e+00 , 4.886922e+00 , 4.886922e+00 , 4.886922e+00 , 4.886922e+00 , 4.886922e+00 , 4.886922e+00 , 4.886922e+00 , 4.886922e+00 , 4.886922e+00 , 4.886922e+00 , 4.886922e+00 , 4.886922e+00 ,]
