% ground truth for sim_inc70_az120.tif
% settings
number_of_spots = 50
pixel_size_nm = 51.200
image_size_nm = 14142.136
image_size_px = 275
wavelength = 500
par.objectiveNA = 2.17
objectiveFocalLength = 770
par.refractiveIndices = [1.310000e+00 , 2.170000e+00 , 2.170000e+00 ,]
par.nDiscretizationBFP = 129
par.backgroundNoise = 0.020
par.nPhotons = 500
positionX_nm_array = [4.031254e+00 , -2.876861e+03 ,  4.240758e+03 , -1.884820e+02 ,  3.099414e+03 ,  4.164650e+03 ,  1.806866e+03 ,  5.797833e+01 , -1.811226e+03 , -2.465138e+03 ,  4.238292e+03 ,  8.923702e+02 , -2.498326e+03 ,  3.565274e+02 ,  3.374077e+03 ,  1.692092e+03 , -1.443296e+03 ,  4.681659e+03 , -2.910561e+03 , -1.165988e+03 , -4.336461e+03 , -4.167427e+03 , -3.881290e+03 ,  2.628541e+03 , -4.811268e+03 ,  1.399348e+03 , -2.745517e+03 , -3.867653e+03 ,  3.418609e+03 , -2.492089e+03 ,  4.830042e+03 , -6.905584e+02 ,  1.620192e+02 , -3.205284e+03 ,  1.729370e+03 ,  2.257761e+03 ,  1.351523e+03 , -2.060477e+02 ,  4.748994e+03 , -1.858659e+03 ,  2.955575e+03 , -4.901824e+03 ,  4.141058e+03 ,  1.843818e+03 , -1.773195e+03 ,  8.146614e+02 , -4.586404e+03 , -2.223940e+02 , -2.061216e+03 , -6.987671e+02 ,]
positionY_nm_array = [-7.101614e+02 ,  3.395773e+03 ,  4.863030e+03 , -2.126114e+03 ,  3.715923e+03 , -4.936906e+03 , -3.915099e+02 , -3.329141e+03 , -7.512108e+01 ,  2.258594e+03 , -3.585714e+03 ,  3.224335e+03 , -2.534496e+03 , -4.540666e+03 , -7.069338e+02 , -1.498752e+03 ,  4.226754e+03 ,  3.401665e+03 , -4.148900e+03 , -1.009236e+03 ,  2.928103e+03 , -3.439209e+03 , -4.749935e+03 , -3.381719e+03 , -1.928528e+03 , -4.148008e+03 ,  4.731157e+03 ,  2.233280e+02 ,  2.310723e+03 , -8.280233e+02 ,  1.087030e+03 , -4.500943e+03 ,  4.538935e+03 , -1.591378e+03 ,  3.971959e+03 ,  1.443852e+03 ,  7.649450e+02 ,  3.280928e+03 , -1.732216e+03 , -3.553016e+03 , -1.927644e+03 ,  4.677371e+03 ,  8.271660e+01 ,  2.906779e+03 ,  1.015038e+03 ,  2.083402e+03 , -6.834587e+02 ,  1.213934e+03 , -4.703612e+03 ,  2.144128e+03 ,]
angleInclination_array = [1.221730e+00 , 1.221730e+00 , 1.221730e+00 , 1.221730e+00 , 1.221730e+00 , 1.221730e+00 , 1.221730e+00 , 1.221730e+00 , 1.221730e+00 , 1.221730e+00 , 1.221730e+00 , 1.221730e+00 , 1.221730e+00 , 1.221730e+00 , 1.221730e+00 , 1.221730e+00 , 1.221730e+00 , 1.221730e+00 , 1.221730e+00 , 1.221730e+00 , 1.221730e+00 , 1.221730e+00 , 1.221730e+00 , 1.221730e+00 , 1.221730e+00 , 1.221730e+00 , 1.221730e+00 , 1.221730e+00 , 1.221730e+00 , 1.221730e+00 , 1.221730e+00 , 1.221730e+00 , 1.221730e+00 , 1.221730e+00 , 1.221730e+00 , 1.221730e+00 , 1.221730e+00 , 1.221730e+00 , 1.221730e+00 , 1.221730e+00 , 1.221730e+00 , 1.221730e+00 , 1.221730e+00 , 1.221730e+00 , 1.221730e+00 , 1.221730e+00 , 1.221730e+00 , 1.221730e+00 , 1.221730e+00 , 1.221730e+00 ,]
angleAzimuth_array = [2.094395e+00 , 2.094395e+00 , 2.094395e+00 , 2.094395e+00 , 2.094395e+00 , 2.094395e+00 , 2.094395e+00 , 2.094395e+00 , 2.094395e+00 , 2.094395e+00 , 2.094395e+00 , 2.094395e+00 , 2.094395e+00 , 2.094395e+00 , 2.094395e+00 , 2.094395e+00 , 2.094395e+00 , 2.094395e+00 , 2.094395e+00 , 2.094395e+00 , 2.094395e+00 , 2.094395e+00 , 2.094395e+00 , 2.094395e+00 , 2.094395e+00 , 2.094395e+00 , 2.094395e+00 , 2.094395e+00 , 2.094395e+00 , 2.094395e+00 , 2.094395e+00 , 2.094395e+00 , 2.094395e+00 , 2.094395e+00 , 2.094395e+00 , 2.094395e+00 , 2.094395e+00 , 2.094395e+00 , 2.094395e+00 , 2.094395e+00 , 2.094395e+00 , 2.094395e+00 , 2.094395e+00 , 2.094395e+00 , 2.094395e+00 , 2.094395e+00 , 2.094395e+00 , 2.094395e+00 , 2.094395e+00 , 2.094395e+00 ,]
