% ground truth for sim_inc60_az340.tif
% settings
number_of_spots = 50
pixel_size_nm = 51.200
image_size_nm = 14142.136
image_size_px = 275
wavelength = 500
par.objectiveNA = 2.17
objectiveFocalLength = 770
par.refractiveIndices = [1.310000e+00 , 2.170000e+00 , 2.170000e+00 ,]
par.nDiscretizationBFP = 129
par.backgroundNoise = 0.020
par.nPhotons = 500
positionX_nm_array = [-3.424704e+03 ,  4.156290e+03 , -2.164340e+03 , -4.411564e+03 ,  5.499096e+02 ,  3.299065e+02 , -3.224306e+03 ,  3.996269e+03 ,  1.371318e+03 ,  9.580388e+02 , -1.054577e+03 ,  1.091412e+03 , -4.750121e+03 ,  1.996471e+03 , -3.505761e+03 ,  3.337796e+03 , -2.268507e+03 ,  3.700879e+03 , -1.851293e+03 , -4.800557e+03 , -1.208693e+03 ,  2.127315e+03 , -2.254905e+03 ,  4.318230e+03 ,  4.620181e+03 , -1.870998e+02 ,  4.309410e+03 ,  2.542601e+03 ,  4.436626e+03 , -2.729346e+02 ,  1.720334e+03 , -1.479805e+03 , -4.005389e+03 ,  3.247110e+03 , -1.196580e+03 , -4.476765e+03 ,  8.676144e+02 , -3.522379e+03 ,  2.749158e+03 , -2.705839e+03 ,  3.033411e+03 , -5.248378e+02 ,  4.728572e+03 , -4.724161e+03 , -8.104159e+02 ,  2.159544e+03 ,  2.026664e+03 ,  4.597989e+03 , -3.324086e+03 , -4.620259e+03 ,]
positionY_nm_array = [-2.411958e+03 , -5.828418e+02 ,  1.211735e+03 , -4.497600e+03 ,  2.563650e+03 ,  1.420069e+03 ,  3.287440e+03 ,  4.876587e+03 ,  3.496648e+03 , -1.816718e+03 , -3.706960e+03 , -2.639192e+02 ,  1.870893e+03 ,  4.181687e+02 ,  1.534850e+03 , -2.448215e+03 , -4.942132e+03 , -3.506370e+03 ,  2.984451e+03 ,  3.281613e+03 ,  4.735472e+03 , -3.016325e+03 , -1.308852e+03 , -1.602951e+03 ,  2.886269e+03 , -2.400733e+03 ,  8.860159e+02 ,  4.849386e+03 , -4.649964e+03 ,  3.429229e+03 , -4.364993e+03 , -2.532393e+03 , -8.295134e+02 ,  7.999084e+02 ,  1.337647e+01 , -1.882463e+03 , -3.652915e+03 ,  3.451220e+02 , -7.133422e+02 ,  4.605516e+03 ,  3.752800e+03 , -1.200365e+03 , -2.724553e+03 , -3.142457e+03 ,  1.123613e+03 ,  2.309208e+03 , -1.695980e+03 ,  3.961982e+03 , -4.636562e+03 ,  4.551995e+03 ,]
angleInclination_array = [1.047198e+00 , 1.047198e+00 , 1.047198e+00 , 1.047198e+00 , 1.047198e+00 , 1.047198e+00 , 1.047198e+00 , 1.047198e+00 , 1.047198e+00 , 1.047198e+00 , 1.047198e+00 , 1.047198e+00 , 1.047198e+00 , 1.047198e+00 , 1.047198e+00 , 1.047198e+00 , 1.047198e+00 , 1.047198e+00 , 1.047198e+00 , 1.047198e+00 , 1.047198e+00 , 1.047198e+00 , 1.047198e+00 , 1.047198e+00 , 1.047198e+00 , 1.047198e+00 , 1.047198e+00 , 1.047198e+00 , 1.047198e+00 , 1.047198e+00 , 1.047198e+00 , 1.047198e+00 , 1.047198e+00 , 1.047198e+00 , 1.047198e+00 , 1.047198e+00 , 1.047198e+00 , 1.047198e+00 , 1.047198e+00 , 1.047198e+00 , 1.047198e+00 , 1.047198e+00 , 1.047198e+00 , 1.047198e+00 , 1.047198e+00 , 1.047198e+00 , 1.047198e+00 , 1.047198e+00 , 1.047198e+00 , 1.047198e+00 ,]
angleAzimuth_array = [5.934119e+00 , 5.934119e+00 , 5.934119e+00 , 5.934119e+00 , 5.934119e+00 , 5.934119e+00 , 5.934119e+00 , 5.934119e+00 , 5.934119e+00 , 5.934119e+00 , 5.934119e+00 , 5.934119e+00 , 5.934119e+00 , 5.934119e+00 , 5.934119e+00 , 5.934119e+00 , 5.934119e+00 , 5.934119e+00 , 5.934119e+00 , 5.934119e+00 , 5.934119e+00 , 5.934119e+00 , 5.934119e+00 , 5.934119e+00 , 5.934119e+00 , 5.934119e+00 , 5.934119e+00 , 5.934119e+00 , 5.934119e+00 , 5.934119e+00 , 5.934119e+00 , 5.934119e+00 , 5.934119e+00 , 5.934119e+00 , 5.934119e+00 , 5.934119e+00 , 5.934119e+00 , 5.934119e+00 , 5.934119e+00 , 5.934119e+00 , 5.934119e+00 , 5.934119e+00 , 5.934119e+00 , 5.934119e+00 , 5.934119e+00 , 5.934119e+00 , 5.934119e+00 , 5.934119e+00 , 5.934119e+00 , 5.934119e+00 ,]
