% ground truth for sim_inc70_az40.tif
% settings
number_of_spots = 50
pixel_size_nm = 51.200
image_size_nm = 14142.136
image_size_px = 275
wavelength = 500
par.objectiveNA = 2.17
objectiveFocalLength = 770
par.refractiveIndices = [1.310000e+00 , 2.170000e+00 , 2.170000e+00 ,]
par.nDiscretizationBFP = 129
par.backgroundNoise = 0.020
par.nPhotons = 500
positionX_nm_array = [3.302632e+03 , -1.277202e+03 ,  4.728756e+03 ,  3.547659e+03 , -2.096566e+01 ,  4.540388e+03 , -2.237546e+03 , -3.941074e+03 ,  2.226880e+03 ,  1.562285e+03 , -3.220439e+03 ,  1.170869e+03 , -3.131424e+02 ,  1.827221e+03 , -1.447291e+03 ,  1.683842e+02 ,  3.972669e+03 ,  4.174802e+03 ,  2.408827e+03 , -4.725309e+03 , -1.734039e+03 ,  2.197011e+03 , -3.116181e+03 ,  1.178486e+03 ,  2.829011e+03 , -3.506245e+03 ,  4.347095e+03 , -4.055077e+03 ,  4.644434e+03 , -6.919333e+02 , -2.249701e+02 , -3.571094e+03 , -4.694351e+03 ,  1.993669e+03 ,  1.036042e+03 , -4.569522e+03 , -1.412541e+03 , -5.937011e+02 , -1.801685e+03 ,  6.227575e+02 ,  3.037857e+03 , -2.330356e+03 , -4.746599e+03 ,  1.267118e+03 , -2.138826e+02 , -2.591874e+03 ,  2.378410e+03 ,  9.076830e+02 , -4.616058e+03 ,  3.394934e+03 ,]
positionY_nm_array = [-2.430215e+03 ,  4.396351e+03 , -4.246128e+03 ,  1.330420e+03 ,  1.093089e+03 ,  1.191018e+03 ,  3.260192e+03 ,  2.617222e+03 ,  9.703398e+02 , -6.295755e+00 , -4.813143e+03 ,  4.415076e+03 ,  2.659879e+03 ,  2.585164e+03 ,  6.931578e+02 , -1.001957e+03 ,  4.463148e+03 , -3.906592e+02 , -1.333904e+03 , -1.441346e+03 , -1.669489e+03 ,  4.812862e+03 ,  1.478174e+03 , -1.091722e+03 , -3.095336e+02 , -2.963464e+03 ,  2.928086e+03 , -4.147108e+03 , -2.760317e+03 , -4.530191e+02 , -2.205482e+03 , -9.391562e+02 ,  4.763485e+03 , -3.088238e+03 , -2.198053e+03 ,  1.626140e+03 , -3.018740e+03 , -4.599842e+03 ,  2.280722e+03 ,  3.163675e+03 ,  2.224605e+03 , -2.057517e+02 ,  7.734390e+01 , -4.111745e+03 ,  4.781491e+03 , -3.603767e+03 , -4.633098e+03 ,  1.989944e+03 ,  3.708321e+03 , -3.754349e+03 ,]
angleInclination_array = [1.221730e+00 , 1.221730e+00 , 1.221730e+00 , 1.221730e+00 , 1.221730e+00 , 1.221730e+00 , 1.221730e+00 , 1.221730e+00 , 1.221730e+00 , 1.221730e+00 , 1.221730e+00 , 1.221730e+00 , 1.221730e+00 , 1.221730e+00 , 1.221730e+00 , 1.221730e+00 , 1.221730e+00 , 1.221730e+00 , 1.221730e+00 , 1.221730e+00 , 1.221730e+00 , 1.221730e+00 , 1.221730e+00 , 1.221730e+00 , 1.221730e+00 , 1.221730e+00 , 1.221730e+00 , 1.221730e+00 , 1.221730e+00 , 1.221730e+00 , 1.221730e+00 , 1.221730e+00 , 1.221730e+00 , 1.221730e+00 , 1.221730e+00 , 1.221730e+00 , 1.221730e+00 , 1.221730e+00 , 1.221730e+00 , 1.221730e+00 , 1.221730e+00 , 1.221730e+00 , 1.221730e+00 , 1.221730e+00 , 1.221730e+00 , 1.221730e+00 , 1.221730e+00 , 1.221730e+00 , 1.221730e+00 , 1.221730e+00 ,]
angleAzimuth_array = [6.981317e-01 , 6.981317e-01 , 6.981317e-01 , 6.981317e-01 , 6.981317e-01 , 6.981317e-01 , 6.981317e-01 , 6.981317e-01 , 6.981317e-01 , 6.981317e-01 , 6.981317e-01 , 6.981317e-01 , 6.981317e-01 , 6.981317e-01 , 6.981317e-01 , 6.981317e-01 , 6.981317e-01 , 6.981317e-01 , 6.981317e-01 , 6.981317e-01 , 6.981317e-01 , 6.981317e-01 , 6.981317e-01 , 6.981317e-01 , 6.981317e-01 , 6.981317e-01 , 6.981317e-01 , 6.981317e-01 , 6.981317e-01 , 6.981317e-01 , 6.981317e-01 , 6.981317e-01 , 6.981317e-01 , 6.981317e-01 , 6.981317e-01 , 6.981317e-01 , 6.981317e-01 , 6.981317e-01 , 6.981317e-01 , 6.981317e-01 , 6.981317e-01 , 6.981317e-01 , 6.981317e-01 , 6.981317e-01 , 6.981317e-01 , 6.981317e-01 , 6.981317e-01 , 6.981317e-01 , 6.981317e-01 , 6.981317e-01 ,]
