% ground truth for sim_inc80_az200.tif
% settings
number_of_spots = 50
pixel_size_nm = 51.200
image_size_nm = 14142.136
image_size_px = 275
wavelength = 500
par.objectiveNA = 2.17
objectiveFocalLength = 770
par.refractiveIndices = [1.310000e+00 , 2.170000e+00 , 2.170000e+00 ,]
par.nDiscretizationBFP = 129
par.backgroundNoise = 0.020
par.nPhotons = 500
positionX_nm_array = [-4.172360e+03 ,  3.365166e+03 ,  2.273712e+02 , -1.875380e+03 ,  4.834150e+03 ,  2.790252e+02 ,  1.479309e+03 , -4.193465e+03 , -7.064367e+02 , -2.582432e+03 ,  3.024529e+03 ,  1.476214e+03 ,  3.782794e+03 ,  1.187900e+03 ,  2.662785e+03 , -2.210552e+03 , -2.149744e+03 , -2.256291e+02 , -3.668468e+03 ,  3.588641e+02 , -2.102070e+03 , -3.194273e+03 , -4.445953e+03 , -3.266681e+03 ,  2.291925e+03 ,  4.736507e+03 , -3.626562e+03 ,  3.372037e+03 ,  3.199920e+02 , -4.729399e+03 ,  4.746049e+03 , -2.257355e+03 , -3.296461e+03 ,  3.701142e+03 , -3.537109e+03 , -1.155910e+03 ,  4.693620e+03 ,  4.300121e+03 , -9.107544e+02 , -4.594346e+03 ,  5.528032e+02 ,  2.071783e+03 , -7.395781e+02 ,  4.890699e+00 , -1.177591e+03 , -2.052002e+03 ,  3.449531e+03 ,  1.631208e+03 ,  4.791143e+03 ,  2.587608e+03 ,]
positionY_nm_array = [3.454640e+03 , -1.650717e+02 ,  3.771903e+03 ,  3.477394e+03 ,  1.328134e+03 ,  5.399546e+02 ,  2.352904e+03 , -6.315126e+02 ,  9.628222e+02 ,  4.225047e+03 ,  4.483689e+03 , -3.586118e+03 ,  3.711386e+03 , -2.438578e+02 , -3.962878e+03 ,  1.761193e+03 , -3.310619e+03 , -2.252968e+03 ,  4.647500e+03 , -4.827355e+03 , -1.189122e+03 , -1.058823e+02 ,  7.447624e+02 , -3.391008e+03 , -1.195137e+03 , -9.673465e+02 ,  2.616222e+03 ,  1.671070e+03 , -3.479114e+03 , -4.923534e+03 ,  4.182761e+03 , -4.739569e+03 , -1.172585e+03 , -1.570641e+03 , -4.754567e+03 ,  2.689455e+03 ,  3.022135e+03 , -4.169735e+03 , -3.915570e+02 ,  2.156234e+03 , -1.569775e+03 ,  4.638994e+02 , -3.674085e+03 ,  2.143913e+03 ,  4.609725e+03 ,  1.557532e+02 , -4.816068e+03 ,  4.337939e+03 ,  2.722108e+02 ,  2.686119e+03 ,]
angleInclination_array = [1.396263e+00 , 1.396263e+00 , 1.396263e+00 , 1.396263e+00 , 1.396263e+00 , 1.396263e+00 , 1.396263e+00 , 1.396263e+00 , 1.396263e+00 , 1.396263e+00 , 1.396263e+00 , 1.396263e+00 , 1.396263e+00 , 1.396263e+00 , 1.396263e+00 , 1.396263e+00 , 1.396263e+00 , 1.396263e+00 , 1.396263e+00 , 1.396263e+00 , 1.396263e+00 , 1.396263e+00 , 1.396263e+00 , 1.396263e+00 , 1.396263e+00 , 1.396263e+00 , 1.396263e+00 , 1.396263e+00 , 1.396263e+00 , 1.396263e+00 , 1.396263e+00 , 1.396263e+00 , 1.396263e+00 , 1.396263e+00 , 1.396263e+00 , 1.396263e+00 , 1.396263e+00 , 1.396263e+00 , 1.396263e+00 , 1.396263e+00 , 1.396263e+00 , 1.396263e+00 , 1.396263e+00 , 1.396263e+00 , 1.396263e+00 , 1.396263e+00 , 1.396263e+00 , 1.396263e+00 , 1.396263e+00 , 1.396263e+00 ,]
angleAzimuth_array = [3.490659e+00 , 3.490659e+00 , 3.490659e+00 , 3.490659e+00 , 3.490659e+00 , 3.490659e+00 , 3.490659e+00 , 3.490659e+00 , 3.490659e+00 , 3.490659e+00 , 3.490659e+00 , 3.490659e+00 , 3.490659e+00 , 3.490659e+00 , 3.490659e+00 , 3.490659e+00 , 3.490659e+00 , 3.490659e+00 , 3.490659e+00 , 3.490659e+00 , 3.490659e+00 , 3.490659e+00 , 3.490659e+00 , 3.490659e+00 , 3.490659e+00 , 3.490659e+00 , 3.490659e+00 , 3.490659e+00 , 3.490659e+00 , 3.490659e+00 , 3.490659e+00 , 3.490659e+00 , 3.490659e+00 , 3.490659e+00 , 3.490659e+00 , 3.490659e+00 , 3.490659e+00 , 3.490659e+00 , 3.490659e+00 , 3.490659e+00 , 3.490659e+00 , 3.490659e+00 , 3.490659e+00 , 3.490659e+00 , 3.490659e+00 , 3.490659e+00 , 3.490659e+00 , 3.490659e+00 , 3.490659e+00 , 3.490659e+00 ,]
