% ground truth for sim_inc130_az0.tif
% settings
number_of_spots = 50
pixel_size_nm = 51.200
image_size_nm = 14142.136
image_size_px = 275
wavelength = 500
par.objectiveNA = 2.17
objectiveFocalLength = 770
par.refractiveIndices = [1.310000e+00 , 2.170000e+00 , 2.170000e+00 ,]
par.nDiscretizationBFP = 129
par.backgroundNoise = 0.020
par.nPhotons = 500
positionX_nm_array = [2.446056e+03 , -1.958534e+03 , -4.637951e+03 , -9.953288e+01 ,  2.821815e+02 , -1.415194e+03 ,  2.751137e+03 ,  4.077431e+03 ,  5.865557e+02 ,  1.235699e+02 , -1.371178e+03 , -4.877883e+03 , -2.215276e+03 ,  9.394873e+02 ,  2.074266e+03 , -4.080473e+03 , -1.026336e+03 , -4.225681e+03 ,  3.006204e+03 , -4.625763e+02 , -3.136726e+03 ,  4.047405e+03 ,  1.192441e+03 ,  3.332997e+03 ,  4.131838e+03 ,  1.929734e+03 , -3.232643e+03 ,  4.569336e+03 ,  2.550136e+03 ,  7.568049e+02 ,  1.289461e+03 , -4.861417e+03 , -2.565587e+03 , -2.257030e+03 ,  2.049159e+03 ,  4.433896e+03 ,  3.176486e+03 ,  3.455638e+03 , -1.868520e+03 , -2.746843e+03 , -4.936790e+03 , -2.544154e+03 ,  7.290201e+01 , -8.873646e+02 ,  4.440458e+03 ,  1.674782e+03 , -2.815581e+03 ,  4.022328e+03 ,  1.648918e+03 ,  1.393679e+03 ,]
positionY_nm_array = [9.951690e+02 ,  5.192538e+02 ,  3.869008e+03 ,  3.568838e+03 ,  3.961442e+02 ,  2.394796e+03 , -2.915634e+03 , -4.819620e+01 , -1.873103e+03 ,  2.247679e+03 , -3.755343e+03 , -4.149012e+03 ,  4.080951e+03 , -3.767052e+03 ,  6.571190e+01 ,  2.182160e+03 , -2.334896e+03 , -8.648761e+02 ,  4.419582e+03 , -4.587998e+03 ,  3.238416e+02 ,  4.221548e+03 ,  1.675573e+03 ,  2.896184e+03 , -3.583711e+03 , -3.624523e+03 , -4.608726e+03 ,  2.558983e+03 , -1.584408e+03 ,  4.591401e+03 ,  2.753384e+03 , -2.326285e+03 ,  2.531181e+03 , -2.390105e+03 ,  4.761262e+03 , -1.436825e+03 , -4.064893e+03 , -2.140497e+03 , -4.725115e+03 , -6.566120e+02 ,  9.535586e+02 , -3.527150e+03 , -9.779874e+02 ,  4.836365e+03 , -4.949538e+03 , -8.834323e+02 ,  1.530250e+03 ,  1.073948e+03 , -2.352539e+03 , -4.721533e+03 ,]
angleInclination_array = [2.268928e+00 , 2.268928e+00 , 2.268928e+00 , 2.268928e+00 , 2.268928e+00 , 2.268928e+00 , 2.268928e+00 , 2.268928e+00 , 2.268928e+00 , 2.268928e+00 , 2.268928e+00 , 2.268928e+00 , 2.268928e+00 , 2.268928e+00 , 2.268928e+00 , 2.268928e+00 , 2.268928e+00 , 2.268928e+00 , 2.268928e+00 , 2.268928e+00 , 2.268928e+00 , 2.268928e+00 , 2.268928e+00 , 2.268928e+00 , 2.268928e+00 , 2.268928e+00 , 2.268928e+00 , 2.268928e+00 , 2.268928e+00 , 2.268928e+00 , 2.268928e+00 , 2.268928e+00 , 2.268928e+00 , 2.268928e+00 , 2.268928e+00 , 2.268928e+00 , 2.268928e+00 , 2.268928e+00 , 2.268928e+00 , 2.268928e+00 , 2.268928e+00 , 2.268928e+00 , 2.268928e+00 , 2.268928e+00 , 2.268928e+00 , 2.268928e+00 , 2.268928e+00 , 2.268928e+00 , 2.268928e+00 , 2.268928e+00 ,]
angleAzimuth_array = [0 , 0 , 0 , 0 , 0 , 0 , 0 , 0 , 0 , 0 , 0 , 0 , 0 , 0 , 0 , 0 , 0 , 0 , 0 , 0 , 0 , 0 , 0 , 0 , 0 , 0 , 0 , 0 , 0 , 0 , 0 , 0 , 0 , 0 , 0 , 0 , 0 , 0 , 0 , 0 , 0 , 0 , 0 , 0 , 0 , 0 , 0 , 0 , 0 , 0 ,]
