% ground truth for sim_inc20_az180.tif
% settings
number_of_spots = 50
pixel_size_nm = 51.200
image_size_nm = 14142.136
image_size_px = 275
wavelength = 500
par.objectiveNA = 2.17
objectiveFocalLength = 770
par.refractiveIndices = [1.310000e+00 , 2.170000e+00 , 2.170000e+00 ,]
par.nDiscretizationBFP = 129
par.backgroundNoise = 0.020
par.nPhotons = 500
positionX_nm_array = [-4.726003e+03 , -1.057081e+03 , -3.288325e+03 ,  2.988122e+03 , -4.464694e+03 , -2.473149e+03 , -4.090382e+03 ,  7.766565e+02 ,  1.293125e+03 , -1.896637e+03 , -4.202858e+03 , -4.235428e+03 ,  3.926071e+03 ,  2.953406e+03 ,  3.715191e+02 , -3.020850e+03 ,  4.067885e+03 , -1.494535e+03 ,  1.484110e+03 ,  4.383854e+03 , -2.635057e+03 ,  1.172131e+03 ,  4.178232e+03 ,  2.137351e+03 , -5.067892e+02 ,  2.107771e+03 ,  3.332257e+03 , -1.050459e+03 ,  1.980370e+03 , -8.148585e+02 , -3.930701e+03 ,  2.999879e+03 , -2.918588e+03 , -2.358665e+02 , -1.524607e+03 ,  7.496365e+02 ,  2.473282e+03 , -1.233506e+03 ,  1.140024e+03 ,  4.296612e+03 ,  3.957014e+03 ,  4.916626e+03 , -1.016803e+02 , -4.678149e+03 , -3.705313e+03 , -3.109799e+03 ,  5.998626e+02 , -2.121659e+03 , -3.450453e+03 , -2.899430e+03 ,]
positionY_nm_array = [3.905482e+03 ,  5.185350e+02 ,  1.533705e+01 ,  2.088703e+02 ,  1.770155e+02 , -2.876331e+03 , -2.380878e+03 , -2.120778e+03 ,  2.538188e+03 ,  2.526102e+03 , -4.281797e+03 ,  2.160867e+03 ,  1.981035e+03 ,  4.054011e+03 ,  7.244217e+02 ,  3.608860e+03 , -2.111193e+03 , -1.147399e+03 ,  3.730250e+02 , -3.993215e+02 , -4.615347e+03 ,  3.571734e+03 , -4.552861e+03 , -1.724483e+03 ,  1.823607e+03 , -3.955247e+03 , -3.129290e+03 , -3.435589e+03 , -2.742388e+03 , -4.871998e+03 , -1.247437e+03 , -4.645901e+03 ,  1.841311e+03 , -1.438458e+03 ,  4.807265e+03 , -3.609878e+03 ,  3.126462e+03 ,  3.493091e+03 , -6.413374e+02 ,  3.217261e+03 ,  5.321527e+02 ,  2.146922e+03 , -3.038846e+03 , -3.226579e+03 ,  9.938119e+02 , -3.714559e+03 ,  4.705754e+03 , -2.481243e+02 ,  4.946833e+03 , -1.482966e+03 ,]
angleInclination_array = [3.490659e-01 , 3.490659e-01 , 3.490659e-01 , 3.490659e-01 , 3.490659e-01 , 3.490659e-01 , 3.490659e-01 , 3.490659e-01 , 3.490659e-01 , 3.490659e-01 , 3.490659e-01 , 3.490659e-01 , 3.490659e-01 , 3.490659e-01 , 3.490659e-01 , 3.490659e-01 , 3.490659e-01 , 3.490659e-01 , 3.490659e-01 , 3.490659e-01 , 3.490659e-01 , 3.490659e-01 , 3.490659e-01 , 3.490659e-01 , 3.490659e-01 , 3.490659e-01 , 3.490659e-01 , 3.490659e-01 , 3.490659e-01 , 3.490659e-01 , 3.490659e-01 , 3.490659e-01 , 3.490659e-01 , 3.490659e-01 , 3.490659e-01 , 3.490659e-01 , 3.490659e-01 , 3.490659e-01 , 3.490659e-01 , 3.490659e-01 , 3.490659e-01 , 3.490659e-01 , 3.490659e-01 , 3.490659e-01 , 3.490659e-01 , 3.490659e-01 , 3.490659e-01 , 3.490659e-01 , 3.490659e-01 , 3.490659e-01 ,]
angleAzimuth_array = [3.141593e+00 , 3.141593e+00 , 3.141593e+00 , 3.141593e+00 , 3.141593e+00 , 3.141593e+00 , 3.141593e+00 , 3.141593e+00 , 3.141593e+00 , 3.141593e+00 , 3.141593e+00 , 3.141593e+00 , 3.141593e+00 , 3.141593e+00 , 3.141593e+00 , 3.141593e+00 , 3.141593e+00 , 3.141593e+00 , 3.141593e+00 , 3.141593e+00 , 3.141593e+00 , 3.141593e+00 , 3.141593e+00 , 3.141593e+00 , 3.141593e+00 , 3.141593e+00 , 3.141593e+00 , 3.141593e+00 , 3.141593e+00 , 3.141593e+00 , 3.141593e+00 , 3.141593e+00 , 3.141593e+00 , 3.141593e+00 , 3.141593e+00 , 3.141593e+00 , 3.141593e+00 , 3.141593e+00 , 3.141593e+00 , 3.141593e+00 , 3.141593e+00 , 3.141593e+00 , 3.141593e+00 , 3.141593e+00 , 3.141593e+00 , 3.141593e+00 , 3.141593e+00 , 3.141593e+00 , 3.141593e+00 , 3.141593e+00 ,]
