% ground truth for sim_inc150_az160.tif
% settings
number_of_spots = 50
pixel_size_nm = 51.200
image_size_nm = 14142.136
image_size_px = 275
wavelength = 500
par.objectiveNA = 2.17
objectiveFocalLength = 770
par.refractiveIndices = [1.310000e+00 , 2.170000e+00 , 2.170000e+00 ,]
par.nDiscretizationBFP = 129
par.backgroundNoise = 0.020
par.nPhotons = 500
positionX_nm_array = [2.041368e+03 , -4.572283e+03 ,  1.470024e+03 , -3.767688e+03 , -2.858757e+03 , -2.305978e+02 , -3.222432e+03 ,  7.140998e+02 ,  4.599278e+03 ,  3.322034e+03 ,  4.451618e+03 ,  3.462700e+03 , -1.873998e+03 ,  1.013999e+03 , -1.087862e+03 , -4.540137e+03 , -3.964235e+03 , -9.947622e+02 , -1.281402e+03 ,  2.493300e+03 , -4.095873e+03 , -2.192213e+03 ,  9.451962e+01 ,  1.631265e+03 ,  2.683540e+03 , -4.606075e+03 ,  4.811414e+03 , -1.075006e+03 ,  3.973665e+02 , -4.603267e+03 , -1.811485e+03 ,  1.175511e+03 ,  2.368139e+03 ,  4.015921e+03 ,  2.571242e+02 ,  9.354440e+02 , -1.133199e+03 , -2.437969e+03 ,  4.861313e+03 ,  4.002886e+03 ,  3.406192e+03 ,  3.548319e+03 , -3.235783e+03 ,  2.519977e+03 , -2.215424e+03 , -2.900677e+03 ,  4.320871e+03 , -4.521623e+03 ,  6.022039e+01 ,  2.150656e+03 ,]
positionY_nm_array = [-3.452416e+03 ,  8.590726e+02 ,  3.756773e+03 , -1.886644e+02 , -3.411819e+03 ,  4.505782e+03 , -1.718326e+03 , -1.786653e+00 , -4.301758e+03 , -4.842714e+03 , -3.420401e+02 , -3.168508e+03 ,  1.663509e+03 , -4.741183e+03 ,  7.889784e+02 ,  2.879831e+03 , -4.908026e+03 , -2.037613e+03 , -3.904556e+03 , -1.950938e+03 ,  3.942943e+03 ,  4.454921e+03 ,  3.478508e+03 , -5.281378e+02 ,  3.990906e+03 , -3.687711e+03 , -1.488666e+03 ,  3.486963e+03 , -1.166119e+03 , -1.024161e+03 , -9.047813e+01 , -1.861367e+03 ,  2.076064e+03 ,  1.179739e+03 , -3.151114e+03 ,  1.476531e+03 , -9.096211e+02 ,  3.100710e+03 ,  2.748626e+03 ,  4.248572e+03 , -4.723579e+02 ,  2.472035e+03 ,  1.646524e+03 ,  8.160947e+02 , -1.330228e+03 , -4.773180e+03 , -2.500197e+03 , -2.334584e+03 ,  2.074955e+03 , -4.498073e+03 ,]
angleInclination_array = [2.617994e+00 , 2.617994e+00 , 2.617994e+00 , 2.617994e+00 , 2.617994e+00 , 2.617994e+00 , 2.617994e+00 , 2.617994e+00 , 2.617994e+00 , 2.617994e+00 , 2.617994e+00 , 2.617994e+00 , 2.617994e+00 , 2.617994e+00 , 2.617994e+00 , 2.617994e+00 , 2.617994e+00 , 2.617994e+00 , 2.617994e+00 , 2.617994e+00 , 2.617994e+00 , 2.617994e+00 , 2.617994e+00 , 2.617994e+00 , 2.617994e+00 , 2.617994e+00 , 2.617994e+00 , 2.617994e+00 , 2.617994e+00 , 2.617994e+00 , 2.617994e+00 , 2.617994e+00 , 2.617994e+00 , 2.617994e+00 , 2.617994e+00 , 2.617994e+00 , 2.617994e+00 , 2.617994e+00 , 2.617994e+00 , 2.617994e+00 , 2.617994e+00 , 2.617994e+00 , 2.617994e+00 , 2.617994e+00 , 2.617994e+00 , 2.617994e+00 , 2.617994e+00 , 2.617994e+00 , 2.617994e+00 , 2.617994e+00 ,]
angleAzimuth_array = [2.792527e+00 , 2.792527e+00 , 2.792527e+00 , 2.792527e+00 , 2.792527e+00 , 2.792527e+00 , 2.792527e+00 , 2.792527e+00 , 2.792527e+00 , 2.792527e+00 , 2.792527e+00 , 2.792527e+00 , 2.792527e+00 , 2.792527e+00 , 2.792527e+00 , 2.792527e+00 , 2.792527e+00 , 2.792527e+00 , 2.792527e+00 , 2.792527e+00 , 2.792527e+00 , 2.792527e+00 , 2.792527e+00 , 2.792527e+00 , 2.792527e+00 , 2.792527e+00 , 2.792527e+00 , 2.792527e+00 , 2.792527e+00 , 2.792527e+00 , 2.792527e+00 , 2.792527e+00 , 2.792527e+00 , 2.792527e+00 , 2.792527e+00 , 2.792527e+00 , 2.792527e+00 , 2.792527e+00 , 2.792527e+00 , 2.792527e+00 , 2.792527e+00 , 2.792527e+00 , 2.792527e+00 , 2.792527e+00 , 2.792527e+00 , 2.792527e+00 , 2.792527e+00 , 2.792527e+00 , 2.792527e+00 , 2.792527e+00 ,]
