% ground truth for sim_inc120_az20.tif
% settings
number_of_spots = 50
pixel_size_nm = 51.200
image_size_nm = 14142.136
image_size_px = 275
wavelength = 500
par.objectiveNA = 2.17
objectiveFocalLength = 770
par.refractiveIndices = [1.310000e+00 , 2.170000e+00 , 2.170000e+00 ,]
par.nDiscretizationBFP = 129
par.backgroundNoise = 0.020
par.nPhotons = 500
positionX_nm_array = [-1.823651e+03 ,  3.977907e+03 ,  4.013222e+02 ,  1.788487e+03 ,  4.570491e+03 ,  3.192768e+03 ,  2.883859e+03 , -4.951337e+02 , -3.437406e+03 ,  3.071133e+03 ,  2.820103e+03 , -3.202274e+03 , -4.326589e+03 ,  4.840607e+03 ,  9.435916e+02 ,  3.138999e+02 , -3.372137e+03 ,  5.846241e+02 , -1.215159e+03 , -4.312434e+03 ,  9.151062e+01 , -4.242579e+02 , -3.570966e+03 , -4.785343e+03 , -4.733971e+03 ,  4.198934e+03 , -1.029990e+03 ,  3.888352e+03 ,  2.132845e+03 , -2.617203e+03 , -2.119447e+03 ,  1.144923e+03 , -2.128491e+02 , -4.240408e+02 ,  4.015601e+03 , -4.882278e+03 ,  2.194710e+03 ,  3.196742e+03 ,  8.017866e+02 ,  1.899064e+03 , -9.891071e+02 , -2.169451e+03 , -4.882670e+03 ,  2.338111e+03 , -2.386339e+03 ,  1.760688e+03 , -4.586699e+03 , -1.146937e+03 ,  3.976660e+03 , -1.478926e+03 ,]
positionY_nm_array = [6.166311e+02 , -1.143611e+03 ,  2.163950e+03 ,  3.283866e+03 , -3.451654e+03 ,  3.978767e+03 , -1.862774e+03 ,  1.402492e+03 , -5.829377e+01 ,  2.587728e+03 ,  1.179973e+03 , -2.916242e+03 , -1.048242e+03 ,  4.365394e+03 , -3.653139e+02 , -4.576509e+03 ,  2.617953e+03 ,  3.288922e+03 , -2.013072e+03 ,  3.090958e+03 ,  4.764107e+03 ,  3.692138e+03 , -4.262506e+03 ,  4.613237e+03 , -2.090618e+03 , -4.622704e+03 ,  4.781999e+03 ,  1.907876e+03 , -3.843852e+03 ,  4.005892e+03 , -3.431116e+03 , -2.894175e+03 ,  2.861483e+02 , -3.133920e+03 ,  2.671540e+02 ,  7.958010e+02 ,  3.584024e+02 , -4.406261e+03 ,  8.282048e+02 , -1.077910e+03 , -4.394848e+03 , -1.044929e+03 , -4.575244e+03 ,  4.885460e+03 , -2.029384e+03 ,  1.675249e+03 , -3.618928e+03 , -3.529908e+02 , -2.437734e+03 ,  2.644558e+03 ,]
angleInclination_array = [2.094395e+00 , 2.094395e+00 , 2.094395e+00 , 2.094395e+00 , 2.094395e+00 , 2.094395e+00 , 2.094395e+00 , 2.094395e+00 , 2.094395e+00 , 2.094395e+00 , 2.094395e+00 , 2.094395e+00 , 2.094395e+00 , 2.094395e+00 , 2.094395e+00 , 2.094395e+00 , 2.094395e+00 , 2.094395e+00 , 2.094395e+00 , 2.094395e+00 , 2.094395e+00 , 2.094395e+00 , 2.094395e+00 , 2.094395e+00 , 2.094395e+00 , 2.094395e+00 , 2.094395e+00 , 2.094395e+00 , 2.094395e+00 , 2.094395e+00 , 2.094395e+00 , 2.094395e+00 , 2.094395e+00 , 2.094395e+00 , 2.094395e+00 , 2.094395e+00 , 2.094395e+00 , 2.094395e+00 , 2.094395e+00 , 2.094395e+00 , 2.094395e+00 , 2.094395e+00 , 2.094395e+00 , 2.094395e+00 , 2.094395e+00 , 2.094395e+00 , 2.094395e+00 , 2.094395e+00 , 2.094395e+00 , 2.094395e+00 ,]
angleAzimuth_array = [3.490659e-01 , 3.490659e-01 , 3.490659e-01 , 3.490659e-01 , 3.490659e-01 , 3.490659e-01 , 3.490659e-01 , 3.490659e-01 , 3.490659e-01 , 3.490659e-01 , 3.490659e-01 , 3.490659e-01 , 3.490659e-01 , 3.490659e-01 , 3.490659e-01 , 3.490659e-01 , 3.490659e-01 , 3.490659e-01 , 3.490659e-01 , 3.490659e-01 , 3.490659e-01 , 3.490659e-01 , 3.490659e-01 , 3.490659e-01 , 3.490659e-01 , 3.490659e-01 , 3.490659e-01 , 3.490659e-01 , 3.490659e-01 , 3.490659e-01 , 3.490659e-01 , 3.490659e-01 , 3.490659e-01 , 3.490659e-01 , 3.490659e-01 , 3.490659e-01 , 3.490659e-01 , 3.490659e-01 , 3.490659e-01 , 3.490659e-01 , 3.490659e-01 , 3.490659e-01 , 3.490659e-01 , 3.490659e-01 , 3.490659e-01 , 3.490659e-01 , 3.490659e-01 , 3.490659e-01 , 3.490659e-01 , 3.490659e-01 ,]
