% ground truth for sim_inc160_az140.tif
% settings
number_of_spots = 50
pixel_size_nm = 51.200
image_size_nm = 14142.136
image_size_px = 275
wavelength = 500
par.objectiveNA = 2.17
objectiveFocalLength = 770
par.refractiveIndices = [1.310000e+00 , 2.170000e+00 , 2.170000e+00 ,]
par.nDiscretizationBFP = 129
par.backgroundNoise = 0.020
par.nPhotons = 500
positionX_nm_array = [-4.600059e+03 , -1.057611e+03 ,  4.301319e+03 , -3.864353e+03 ,  3.631969e+03 , -2.618702e+03 ,  3.236198e+03 ,  8.968879e+02 , -3.229725e+03 , -2.232443e+03 , -4.947774e+03 ,  3.149694e+03 , -4.160777e+03 , -3.072828e+03 , -6.127794e+01 ,  2.834780e+03 ,  3.533566e+03 ,  2.036870e+03 ,  4.182025e+03 , -8.673860e+02 ,  6.308851e+02 , -1.712999e+03 ,  1.341171e+03 ,  2.742728e+03 ,  4.766251e+03 ,  4.803633e+03 ,  4.492644e+03 ,  4.998090e+02 ,  2.867954e+03 ,  1.819325e+03 , -4.626106e+03 ,  4.294307e+03 ,  8.489124e+02 , -2.464641e+03 , -3.120228e+03 , -9.372462e+02 , -1.209926e+02 , -4.872687e+03 ,  1.712319e+03 ,  4.904183e+02 , -4.617747e+03 , -1.801972e+03 ,  4.903074e+03 , -8.932713e+02 ,  1.361894e+03 ,  7.179741e+02 ,  2.013606e+03 , -4.085987e+03 , -5.510893e+02 , -2.640343e+03 ,]
positionY_nm_array = [4.454573e+03 ,  7.292320e+02 ,  3.999679e+03 , -2.874234e+02 , -7.070793e+02 ,  2.695528e+03 ,  8.520106e+02 ,  4.768883e+03 , -1.661356e+03 , -1.546719e+03 ,  6.015682e+02 , -4.390410e+03 ,  2.020972e+03 , -4.163516e+03 , -3.475707e+03 ,  4.814628e+03 ,  2.381907e+03 , -3.655967e+03 , -2.007970e+03 , -2.058177e+03 ,  2.581347e+03 , -3.149908e+03 ,  1.825275e+03 , -2.310517e+02 , -3.202081e+03 , -7.752028e+02 , -4.842382e+03 , -2.065387e+03 , -2.685245e+03 ,  2.874238e+03 , -3.006645e+03 ,  1.126946e+03 ,  3.563900e+03 ,  3.947673e+03 ,  8.258910e+02 ,  3.027011e+03 ,  4.280775e+03 , -1.379280e+03 ,  4.081545e+03 , -9.617810e+02 ,  3.150405e+03 , -3.574457e+02 ,  2.051898e+03 , -4.515969e+03 ,  3.471273e+02 , -4.371840e+03 , -2.158378e+03 , -4.419801e+03 ,  1.638028e+03 , -2.611092e+03 ,]
angleInclination_array = [2.792527e+00 , 2.792527e+00 , 2.792527e+00 , 2.792527e+00 , 2.792527e+00 , 2.792527e+00 , 2.792527e+00 , 2.792527e+00 , 2.792527e+00 , 2.792527e+00 , 2.792527e+00 , 2.792527e+00 , 2.792527e+00 , 2.792527e+00 , 2.792527e+00 , 2.792527e+00 , 2.792527e+00 , 2.792527e+00 , 2.792527e+00 , 2.792527e+00 , 2.792527e+00 , 2.792527e+00 , 2.792527e+00 , 2.792527e+00 , 2.792527e+00 , 2.792527e+00 , 2.792527e+00 , 2.792527e+00 , 2.792527e+00 , 2.792527e+00 , 2.792527e+00 , 2.792527e+00 , 2.792527e+00 , 2.792527e+00 , 2.792527e+00 , 2.792527e+00 , 2.792527e+00 , 2.792527e+00 , 2.792527e+00 , 2.792527e+00 , 2.792527e+00 , 2.792527e+00 , 2.792527e+00 , 2.792527e+00 , 2.792527e+00 , 2.792527e+00 , 2.792527e+00 , 2.792527e+00 , 2.792527e+00 , 2.792527e+00 ,]
angleAzimuth_array = [2.443461e+00 , 2.443461e+00 , 2.443461e+00 , 2.443461e+00 , 2.443461e+00 , 2.443461e+00 , 2.443461e+00 , 2.443461e+00 , 2.443461e+00 , 2.443461e+00 , 2.443461e+00 , 2.443461e+00 , 2.443461e+00 , 2.443461e+00 , 2.443461e+00 , 2.443461e+00 , 2.443461e+00 , 2.443461e+00 , 2.443461e+00 , 2.443461e+00 , 2.443461e+00 , 2.443461e+00 , 2.443461e+00 , 2.443461e+00 , 2.443461e+00 , 2.443461e+00 , 2.443461e+00 , 2.443461e+00 , 2.443461e+00 , 2.443461e+00 , 2.443461e+00 , 2.443461e+00 , 2.443461e+00 , 2.443461e+00 , 2.443461e+00 , 2.443461e+00 , 2.443461e+00 , 2.443461e+00 , 2.443461e+00 , 2.443461e+00 , 2.443461e+00 , 2.443461e+00 , 2.443461e+00 , 2.443461e+00 , 2.443461e+00 , 2.443461e+00 , 2.443461e+00 , 2.443461e+00 , 2.443461e+00 , 2.443461e+00 ,]
