% ground truth for sim_inc120_az240.tif
% settings
number_of_spots = 50
pixel_size_nm = 51.200
image_size_nm = 14142.136
image_size_px = 275
wavelength = 500
par.objectiveNA = 2.17
objectiveFocalLength = 770
par.refractiveIndices = [1.310000e+00 , 2.170000e+00 , 2.170000e+00 ,]
par.nDiscretizationBFP = 129
par.backgroundNoise = 0.020
par.nPhotons = 500
positionX_nm_array = [-3.480979e+03 ,  1.906893e+03 ,  5.291051e+02 , -4.654374e+03 ,  4.083665e+03 ,  1.977181e+03 ,  9.507505e+02 , -4.627814e+03 , -1.205825e+03 , -2.714815e+03 , -5.889052e+02 , -3.318739e+03 ,  3.709568e+03 , -3.602080e+03 , -3.406614e+03 , -8.694008e+01 ,  4.583349e+02 ,  4.364475e+03 , -2.256565e+03 ,  2.799380e+03 ,  3.089124e+03 , -1.457815e+03 , -2.497879e+03 , -4.018011e+03 , -1.776649e+03 ,  1.648887e+03 ,  4.657157e+03 ,  2.027603e+03 ,  2.284634e+03 , -4.620002e+03 ,  7.900513e+02 , -1.905199e+03 ,  4.949106e+03 , -4.889585e+03 ,  4.676547e+03 ,  1.226010e+03 , -2.270112e+03 ,  4.032856e+03 , -4.539347e+03 , -3.555136e+03 ,  4.940851e+03 ,  3.609615e+02 , -6.760492e+02 ,  1.789106e+03 ,  4.501635e+03 ,  3.022630e+03 ,  3.372193e+03 ,  3.267025e+03 , -8.960067e+01 ,  7.212012e+02 ,]
positionY_nm_array = [2.291632e+03 , -2.223935e+03 , -4.544134e+03 ,  2.147702e+03 , -1.138410e+03 , -6.069551e+02 , -3.185817e+03 ,  1.945708e+02 ,  1.708168e+03 ,  9.932305e+02 , -2.163146e+03 , -1.288139e+03 , -3.993508e+03 , -2.658262e+03 , -4.477047e+03 ,  4.111174e+03 , -1.414282e+02 , -2.498822e+03 ,  3.235079e+03 ,  1.113294e+03 ,  2.945349e+03 , -3.065039e+03 , -3.324764e+03 ,  3.503744e+03 , -4.182306e+03 ,  1.601199e+03 ,  4.630847e+03 ,  4.530920e+03 , -3.491091e+03 ,  4.910672e+03 ,  2.748607e+03 , -6.277794e+02 , -4.880069e+03 , -1.400334e+03 ,  1.260681e+03 ,  6.064401e+02 ,  4.516511e+03 ,  3.762603e+03 , -4.018658e+03 ,  4.410941e+03 , -4.910454e+01 ,  1.174404e+03 ,  2.573123e+03 ,  3.150754e+03 ,  2.285970e+03 ,  4.093310e+03 , -2.336797e+02 , -1.868599e+03 , -3.053129e+03 ,  4.847566e+03 ,]
angleInclination_array = [2.094395e+00 , 2.094395e+00 , 2.094395e+00 , 2.094395e+00 , 2.094395e+00 , 2.094395e+00 , 2.094395e+00 , 2.094395e+00 , 2.094395e+00 , 2.094395e+00 , 2.094395e+00 , 2.094395e+00 , 2.094395e+00 , 2.094395e+00 , 2.094395e+00 , 2.094395e+00 , 2.094395e+00 , 2.094395e+00 , 2.094395e+00 , 2.094395e+00 , 2.094395e+00 , 2.094395e+00 , 2.094395e+00 , 2.094395e+00 , 2.094395e+00 , 2.094395e+00 , 2.094395e+00 , 2.094395e+00 , 2.094395e+00 , 2.094395e+00 , 2.094395e+00 , 2.094395e+00 , 2.094395e+00 , 2.094395e+00 , 2.094395e+00 , 2.094395e+00 , 2.094395e+00 , 2.094395e+00 , 2.094395e+00 , 2.094395e+00 , 2.094395e+00 , 2.094395e+00 , 2.094395e+00 , 2.094395e+00 , 2.094395e+00 , 2.094395e+00 , 2.094395e+00 , 2.094395e+00 , 2.094395e+00 , 2.094395e+00 ,]
angleAzimuth_array = [4.188790e+00 , 4.188790e+00 , 4.188790e+00 , 4.188790e+00 , 4.188790e+00 , 4.188790e+00 , 4.188790e+00 , 4.188790e+00 , 4.188790e+00 , 4.188790e+00 , 4.188790e+00 , 4.188790e+00 , 4.188790e+00 , 4.188790e+00 , 4.188790e+00 , 4.188790e+00 , 4.188790e+00 , 4.188790e+00 , 4.188790e+00 , 4.188790e+00 , 4.188790e+00 , 4.188790e+00 , 4.188790e+00 , 4.188790e+00 , 4.188790e+00 , 4.188790e+00 , 4.188790e+00 , 4.188790e+00 , 4.188790e+00 , 4.188790e+00 , 4.188790e+00 , 4.188790e+00 , 4.188790e+00 , 4.188790e+00 , 4.188790e+00 , 4.188790e+00 , 4.188790e+00 , 4.188790e+00 , 4.188790e+00 , 4.188790e+00 , 4.188790e+00 , 4.188790e+00 , 4.188790e+00 , 4.188790e+00 , 4.188790e+00 , 4.188790e+00 , 4.188790e+00 , 4.188790e+00 , 4.188790e+00 , 4.188790e+00 ,]
