% ground truth for sim_inc40_az0.tif
% settings
number_of_spots = 50
pixel_size_nm = 51.200
image_size_nm = 14142.136
image_size_px = 275
wavelength = 500
par.objectiveNA = 2.17
objectiveFocalLength = 770
par.refractiveIndices = [1.310000e+00 , 2.170000e+00 , 2.170000e+00 ,]
par.nDiscretizationBFP = 129
par.backgroundNoise = 0.020
par.nPhotons = 500
positionX_nm_array = [-1.127909e+03 , -3.879557e+03 , -1.544266e+03 ,  3.865686e+03 ,  4.671369e+03 ,  3.315739e+02 , -1.612565e+01 ,  1.344258e+03 ,  5.583231e+01 ,  4.272374e+03 ,  2.097294e+03 ,  1.607121e+03 ,  3.618519e+03 , -4.408398e+03 ,  4.498211e+03 , -1.683216e+03 ,  4.787522e+03 , -3.954464e+03 , -9.309241e+02 , -4.856707e+03 ,  2.650476e+03 ,  2.601100e+03 ,  2.745515e+03 , -5.080431e+02 ,  3.303575e+03 ,  1.395866e+03 , -2.822843e+03 , -2.571672e+03 , -1.153859e+03 , -3.984665e+03 , -1.969981e+03 , -1.711192e+03 , -3.828770e+03 , -2.754657e+03 , -3.852571e+03 , -6.830211e+02 ,  1.963049e+03 ,  1.793897e+03 , -2.248422e+03 , -2.631153e+03 , -2.761104e+03 ,  6.749526e+02 ,  2.793924e+03 ,  4.025274e+03 , -3.666575e+03 ,  4.155203e+03 ,  2.864894e+03 , -1.931378e+02 ,  4.904464e+03 ,  5.099227e+02 ,]
positionY_nm_array = [1.782546e+03 , -9.312639e+02 , -1.303888e+03 ,  4.532291e+03 ,  2.216397e+03 , -1.065877e+03 ,  3.218408e+03 , -2.579735e+03 ,  4.452854e+03 , -4.484162e+03 ,  4.324559e+03 ,  2.760778e+03 ,  2.447155e+03 , -3.756879e+03 ,  3.679585e+03 ,  3.143536e+03 , -2.149315e+02 , -2.587434e+03 , -2.284901e+02 ,  2.129742e+03 ,  5.646884e+02 , -3.950727e+03 , -1.499124e+03 ,  8.367953e+02 , -5.697259e+02 , -1.499773e+03 ,  3.755384e+03 ,  2.322338e+03 , -3.598090e+03 ,  6.480159e+02 ,  4.786774e+03 ,  8.344083e+02 , -4.663412e+03 , -4.200334e+03 ,  4.499372e+03 , -4.542457e+03 ,  1.689091e+03 , -3.302691e+02 , -3.234080e+02 , -2.991038e+03 ,  7.784130e+02 ,  4.549883e+00 , -2.916932e+03 ,  1.391614e+03 ,  2.379374e+03 , -1.242367e+03 ,  3.273265e+03 , -3.186680e+03 , -2.884699e+03 ,  1.376935e+03 ,]
angleInclination_array = [6.981317e-01 , 6.981317e-01 , 6.981317e-01 , 6.981317e-01 , 6.981317e-01 , 6.981317e-01 , 6.981317e-01 , 6.981317e-01 , 6.981317e-01 , 6.981317e-01 , 6.981317e-01 , 6.981317e-01 , 6.981317e-01 , 6.981317e-01 , 6.981317e-01 , 6.981317e-01 , 6.981317e-01 , 6.981317e-01 , 6.981317e-01 , 6.981317e-01 , 6.981317e-01 , 6.981317e-01 , 6.981317e-01 , 6.981317e-01 , 6.981317e-01 , 6.981317e-01 , 6.981317e-01 , 6.981317e-01 , 6.981317e-01 , 6.981317e-01 , 6.981317e-01 , 6.981317e-01 , 6.981317e-01 , 6.981317e-01 , 6.981317e-01 , 6.981317e-01 , 6.981317e-01 , 6.981317e-01 , 6.981317e-01 , 6.981317e-01 , 6.981317e-01 , 6.981317e-01 , 6.981317e-01 , 6.981317e-01 , 6.981317e-01 , 6.981317e-01 , 6.981317e-01 , 6.981317e-01 , 6.981317e-01 , 6.981317e-01 ,]
angleAzimuth_array = [0 , 0 , 0 , 0 , 0 , 0 , 0 , 0 , 0 , 0 , 0 , 0 , 0 , 0 , 0 , 0 , 0 , 0 , 0 , 0 , 0 , 0 , 0 , 0 , 0 , 0 , 0 , 0 , 0 , 0 , 0 , 0 , 0 , 0 , 0 , 0 , 0 , 0 , 0 , 0 , 0 , 0 , 0 , 0 , 0 , 0 , 0 , 0 , 0 , 0 ,]
