% ground truth for sim_inc150_az120.tif
% settings
number_of_spots = 50
pixel_size_nm = 51.200
image_size_nm = 14142.136
image_size_px = 275
wavelength = 500
par.objectiveNA = 2.17
objectiveFocalLength = 770
par.refractiveIndices = [1.310000e+00 , 2.170000e+00 , 2.170000e+00 ,]
par.nDiscretizationBFP = 129
par.backgroundNoise = 0.020
par.nPhotons = 500
positionX_nm_array = [-7.311999e+02 ,  2.457287e+03 , -3.934226e+03 ,  1.409005e+02 , -3.719014e+03 , -8.962679e+02 ,  3.316259e+03 , -2.935622e+03 ,  8.144214e+02 ,  3.718172e+03 ,  4.128482e+03 ,  1.837791e+03 , -1.783250e+03 , -7.904668e+02 , -7.032686e+02 , -2.525623e+03 ,  2.303408e+03 ,  3.106434e+03 , -4.194738e+03 ,  1.335875e+03 ,  7.403655e+02 , -2.643015e+03 ,  4.102428e+03 ,  5.665598e+02 , -4.754600e+03 , -2.056254e+03 ,  1.673853e+03 , -2.472285e+03 ,  4.001828e+03 , -1.369503e+03 ,  4.784227e+03 , -4.208928e+03 ,  4.369624e+03 ,  8.349571e+02 ,  1.653073e+03 , -4.820301e+03 ,  2.741445e+03 , -1.182525e+03 , -1.675108e+03 ,  5.006205e+02 , -4.797245e+03 , -3.534839e+03 , -4.480242e+03 ,  4.412597e+03 ,  3.661820e+03 , -6.233238e+02 , -3.684470e+03 ,  3.339159e+03 ,  3.281565e+03 , -6.964007e+02 ,]
positionY_nm_array = [-1.285605e+03 , -1.021069e+03 , -3.406128e+03 , -4.068231e+03 ,  2.419102e+03 ,  2.212777e+03 ,  4.433431e+03 ,  4.074815e+03 , -8.404921e+02 ,  5.916880e+02 , -1.910649e+03 , -1.962745e+03 ,  3.128763e+03 , -3.356212e+03 ,  4.926973e+03 , -2.767259e+03 ,  2.973317e+03 , -2.829397e+03 , -2.391745e+02 ,  2.500444e+03 , -2.590353e+03 , -4.351905e+03 ,  1.530724e+03 ,  1.385252e+03 , -2.555078e+03 , -9.750572e+02 , -3.594422e+03 ,  2.434957e+02 , -7.772467e+02 , -4.945270e+03 , -3.578518e+03 , -4.377006e+03 ,  4.761520e+03 ,  4.699904e+03 ,  1.213454e+02 , -1.233824e+03 ,  1.131921e+03 , -2.541753e+02 ,  1.480835e+03 ,  3.265488e+03 ,  3.139245e+03 ,  1.020392e+03 ,  1.555875e+03 ,  2.899524e+03 , -3.671777e+03 ,  3.603295e+03 , -1.563638e+03 , -4.825336e+03 ,  2.144505e+03 ,  9.215895e+02 ,]
angleInclination_array = [2.617994e+00 , 2.617994e+00 , 2.617994e+00 , 2.617994e+00 , 2.617994e+00 , 2.617994e+00 , 2.617994e+00 , 2.617994e+00 , 2.617994e+00 , 2.617994e+00 , 2.617994e+00 , 2.617994e+00 , 2.617994e+00 , 2.617994e+00 , 2.617994e+00 , 2.617994e+00 , 2.617994e+00 , 2.617994e+00 , 2.617994e+00 , 2.617994e+00 , 2.617994e+00 , 2.617994e+00 , 2.617994e+00 , 2.617994e+00 , 2.617994e+00 , 2.617994e+00 , 2.617994e+00 , 2.617994e+00 , 2.617994e+00 , 2.617994e+00 , 2.617994e+00 , 2.617994e+00 , 2.617994e+00 , 2.617994e+00 , 2.617994e+00 , 2.617994e+00 , 2.617994e+00 , 2.617994e+00 , 2.617994e+00 , 2.617994e+00 , 2.617994e+00 , 2.617994e+00 , 2.617994e+00 , 2.617994e+00 , 2.617994e+00 , 2.617994e+00 , 2.617994e+00 , 2.617994e+00 , 2.617994e+00 , 2.617994e+00 ,]
angleAzimuth_array = [2.094395e+00 , 2.094395e+00 , 2.094395e+00 , 2.094395e+00 , 2.094395e+00 , 2.094395e+00 , 2.094395e+00 , 2.094395e+00 , 2.094395e+00 , 2.094395e+00 , 2.094395e+00 , 2.094395e+00 , 2.094395e+00 , 2.094395e+00 , 2.094395e+00 , 2.094395e+00 , 2.094395e+00 , 2.094395e+00 , 2.094395e+00 , 2.094395e+00 , 2.094395e+00 , 2.094395e+00 , 2.094395e+00 , 2.094395e+00 , 2.094395e+00 , 2.094395e+00 , 2.094395e+00 , 2.094395e+00 , 2.094395e+00 , 2.094395e+00 , 2.094395e+00 , 2.094395e+00 , 2.094395e+00 , 2.094395e+00 , 2.094395e+00 , 2.094395e+00 , 2.094395e+00 , 2.094395e+00 , 2.094395e+00 , 2.094395e+00 , 2.094395e+00 , 2.094395e+00 , 2.094395e+00 , 2.094395e+00 , 2.094395e+00 , 2.094395e+00 , 2.094395e+00 , 2.094395e+00 , 2.094395e+00 , 2.094395e+00 ,]
