% ground truth for sim_inc0_az320.tif
% settings
number_of_spots = 50
pixel_size_nm = 51.200
image_size_nm = 14142.136
image_size_px = 275
wavelength = 500
par.objectiveNA = 2.17
objectiveFocalLength = 770
par.refractiveIndices = [1.310000e+00 , 2.170000e+00 , 2.170000e+00 ,]
par.nDiscretizationBFP = 129
par.backgroundNoise = 0.020
par.nPhotons = 500
positionX_nm_array = [-3.965405e+03 , -2.768028e+03 , -4.709704e+03 , -2.828338e+02 ,  1.790798e+03 , -8.362868e+02 ,  1.964095e+03 , -4.245525e+03 ,  3.764765e+03 ,  3.651227e+03 ,  5.403380e+02 ,  2.687038e+02 ,  3.058088e+03 , -2.163422e+03 , -1.920862e+03 , -2.208379e+03 ,  8.563055e+02 , -4.216704e+03 , -3.650970e+03 ,  1.758634e+03 , -1.713558e+03 , -2.876388e+03 ,  2.541834e+03 ,  4.937229e+03 , -3.413247e+03 , -1.788719e+02 , -2.952760e+03 ,  4.411557e+03 ,  4.094178e+03 ,  3.223741e+03 ,  8.099010e+02 ,  1.503666e+03 , -1.369303e+03 , -4.646149e+03 , -4.697048e+02 , -3.253058e+02 , -3.683522e+03 , -3.058341e+03 ,  3.726764e+03 , -1.408837e+03 ,  1.343814e+03 ,  2.269883e+03 ,  8.100038e+02 , -1.065430e+03 ,  4.016968e+03 ,  4.819534e+03 , -7.585784e+02 , -2.145309e+03 ,  2.978615e+03 ,  4.933761e+03 ,]
positionY_nm_array = [-8.826824e+01 , -1.685106e+03 ,  4.542415e+03 , -9.379287e+02 , -2.027584e+03 , -2.556686e+03 , -9.025184e+02 , -3.525771e+03 , -6.177840e+02 , -4.204081e+03 , -2.187413e+03 ,  4.497619e+03 ,  4.169248e+03 , -2.986280e+03 ,  2.251252e+03 , -4.883707e+03 ,  1.508391e+03 , -1.248959e+03 , -4.861938e+03 , -4.490876e+03 ,  7.525167e+02 ,  3.780425e+03 ,  1.775856e+03 ,  3.914902e+02 ,  9.217597e+02 ,  2.283964e+03 , -4.543629e+02 , -2.924698e+03 ,  4.878446e+03 , -2.073017e+03 ,  3.326215e+03 ,  7.321127e+02 , -3.847224e+03 ,  3.202981e+03 ,  9.110894e+02 , -3.845197e+03 , -2.622999e+03 ,  2.580846e+03 ,  2.916639e+03 , -4.156992e+02 , -3.135245e+03 ,  3.445332e+03 , -7.094211e+02 ,  3.692736e+03 ,  1.108515e+03 ,  3.494912e+03 , -4.874141e+03 ,  4.602578e+03 ,  4.202007e+02 , -4.066332e+03 ,]
angleInclination_array = [0 , 0 , 0 , 0 , 0 , 0 , 0 , 0 , 0 , 0 , 0 , 0 , 0 , 0 , 0 , 0 , 0 , 0 , 0 , 0 , 0 , 0 , 0 , 0 , 0 , 0 , 0 , 0 , 0 , 0 , 0 , 0 , 0 , 0 , 0 , 0 , 0 , 0 , 0 , 0 , 0 , 0 , 0 , 0 , 0 , 0 , 0 , 0 , 0 , 0 ,]
angleAzimuth_array = [5.585054e+00 , 5.585054e+00 , 5.585054e+00 , 5.585054e+00 , 5.585054e+00 , 5.585054e+00 , 5.585054e+00 , 5.585054e+00 , 5.585054e+00 , 5.585054e+00 , 5.585054e+00 , 5.585054e+00 , 5.585054e+00 , 5.585054e+00 , 5.585054e+00 , 5.585054e+00 , 5.585054e+00 , 5.585054e+00 , 5.585054e+00 , 5.585054e+00 , 5.585054e+00 , 5.585054e+00 , 5.585054e+00 , 5.585054e+00 , 5.585054e+00 , 5.585054e+00 , 5.585054e+00 , 5.585054e+00 , 5.585054e+00 , 5.585054e+00 , 5.585054e+00 , 5.585054e+00 , 5.585054e+00 , 5.585054e+00 , 5.585054e+00 , 5.585054e+00 , 5.585054e+00 , 5.585054e+00 , 5.585054e+00 , 5.585054e+00 , 5.585054e+00 , 5.585054e+00 , 5.585054e+00 , 5.585054e+00 , 5.585054e+00 , 5.585054e+00 , 5.585054e+00 , 5.585054e+00 , 5.585054e+00 , 5.585054e+00 ,]
