% ground truth for sim_inc20_az140.tif
% settings
number_of_spots = 50
pixel_size_nm = 51.200
image_size_nm = 14142.136
image_size_px = 275
wavelength = 500
par.objectiveNA = 2.17
objectiveFocalLength = 770
par.refractiveIndices = [1.310000e+00 , 2.170000e+00 , 2.170000e+00 ,]
par.nDiscretizationBFP = 129
par.backgroundNoise = 0.020
par.nPhotons = 500
positionX_nm_array = [-1.619646e+03 , -4.537889e+03 , -3.453102e+03 ,  1.791612e+03 ,  7.705153e+02 ,  3.900734e+03 , -4.693706e+03 , -2.857338e+03 ,  8.046853e+01 ,  3.916790e+03 ,  4.342120e+03 , -3.163196e+03 ,  8.484956e+02 , -4.807544e+03 , -8.569973e+01 ,  1.930626e+03 , -1.097494e+03 ,  3.289557e+03 ,  1.554680e+03 ,  2.813350e+03 , -1.431870e+03 , -1.501433e+03 ,  6.312556e+02 ,  1.950472e+03 , -1.252356e+03 ,  2.646438e+03 , -3.050266e+03 ,  4.164591e+03 , -6.180846e+02 , -3.953364e+03 , -1.373372e+03 ,  2.221888e+03 , -4.248206e+03 ,  4.702654e+03 ,  4.678533e+00 , -3.120534e+03 , -3.428103e+01 , -4.467646e+03 , -4.521100e+03 ,  2.881977e+03 , -4.594813e+03 , -2.855112e+03 ,  3.458940e+03 ,  6.885559e+02 , -2.639718e+03 ,  4.895850e+03 ,  1.319843e+03 ,  2.923131e+03 , -2.185821e+03 , -2.509478e+03 ,]
positionY_nm_array = [-3.329986e+03 ,  1.411933e+03 , -4.335509e+03 , -2.237533e+03 ,  1.932962e+03 ,  3.711140e+03 , -2.319277e+01 , -9.755647e+02 , -1.874615e+03 ,  2.243486e+03 ,  1.130215e+03 , -2.050189e+03 ,  3.667561e+03 , -2.431358e+03 , -3.434503e+03 ,  3.158415e+03 , -1.695513e+03 , -4.721507e+03 , -4.177604e+03 ,  4.164724e+03 ,  3.111397e+03 , -2.622056e+02 ,  3.716771e+02 , -1.174443e+03 ,  4.916608e+03 , -3.064139e+03 ,  7.609718e+02 , -2.001177e+03 , -4.619624e+03 ,  2.306105e+03 ,  7.415971e+02 ,  1.926036e+03 ,  4.684521e+03 , -4.118640e+03 ,  1.271949e+03 ,  3.912820e+03 ,  2.886157e+03 , -1.198584e+03 , -3.619804e+03 ,  8.340309e+02 ,  3.656529e+03 , -3.375200e+03 , -8.853046e+02 , -8.382979e+02 ,  2.898761e+03 ,  3.134683e+03 ,  4.799535e+03 ,  2.841490e+03 , -4.631066e+03 ,  4.788797e+03 ,]
angleInclination_array = [3.490659e-01 , 3.490659e-01 , 3.490659e-01 , 3.490659e-01 , 3.490659e-01 , 3.490659e-01 , 3.490659e-01 , 3.490659e-01 , 3.490659e-01 , 3.490659e-01 , 3.490659e-01 , 3.490659e-01 , 3.490659e-01 , 3.490659e-01 , 3.490659e-01 , 3.490659e-01 , 3.490659e-01 , 3.490659e-01 , 3.490659e-01 , 3.490659e-01 , 3.490659e-01 , 3.490659e-01 , 3.490659e-01 , 3.490659e-01 , 3.490659e-01 , 3.490659e-01 , 3.490659e-01 , 3.490659e-01 , 3.490659e-01 , 3.490659e-01 , 3.490659e-01 , 3.490659e-01 , 3.490659e-01 , 3.490659e-01 , 3.490659e-01 , 3.490659e-01 , 3.490659e-01 , 3.490659e-01 , 3.490659e-01 , 3.490659e-01 , 3.490659e-01 , 3.490659e-01 , 3.490659e-01 , 3.490659e-01 , 3.490659e-01 , 3.490659e-01 , 3.490659e-01 , 3.490659e-01 , 3.490659e-01 , 3.490659e-01 ,]
angleAzimuth_array = [2.443461e+00 , 2.443461e+00 , 2.443461e+00 , 2.443461e+00 , 2.443461e+00 , 2.443461e+00 , 2.443461e+00 , 2.443461e+00 , 2.443461e+00 , 2.443461e+00 , 2.443461e+00 , 2.443461e+00 , 2.443461e+00 , 2.443461e+00 , 2.443461e+00 , 2.443461e+00 , 2.443461e+00 , 2.443461e+00 , 2.443461e+00 , 2.443461e+00 , 2.443461e+00 , 2.443461e+00 , 2.443461e+00 , 2.443461e+00 , 2.443461e+00 , 2.443461e+00 , 2.443461e+00 , 2.443461e+00 , 2.443461e+00 , 2.443461e+00 , 2.443461e+00 , 2.443461e+00 , 2.443461e+00 , 2.443461e+00 , 2.443461e+00 , 2.443461e+00 , 2.443461e+00 , 2.443461e+00 , 2.443461e+00 , 2.443461e+00 , 2.443461e+00 , 2.443461e+00 , 2.443461e+00 , 2.443461e+00 , 2.443461e+00 , 2.443461e+00 , 2.443461e+00 , 2.443461e+00 , 2.443461e+00 , 2.443461e+00 ,]
