% ground truth for sim_inc170_az180.tif
% settings
number_of_spots = 50
pixel_size_nm = 51.200
image_size_nm = 14142.136
image_size_px = 275
wavelength = 500
par.objectiveNA = 2.17
objectiveFocalLength = 770
par.refractiveIndices = [1.310000e+00 , 2.170000e+00 , 2.170000e+00 ,]
par.nDiscretizationBFP = 129
par.backgroundNoise = 0.020
par.nPhotons = 500
positionX_nm_array = [4.388312e+02 , -2.757157e+03 ,  3.721989e+03 , -2.631673e+03 ,  4.543566e+03 , -2.242721e+03 ,  2.487770e+03 ,  1.803105e+03 , -2.580967e+03 , -2.839235e+03 ,  5.913073e+02 , -3.316286e+02 ,  2.413956e+03 , -1.154934e+03 ,  3.770433e+03 ,  2.325831e+03 , -4.775070e+03 , -4.302271e+03 , -2.803652e+03 , -4.476063e+02 ,  4.498680e+02 ,  4.726121e+03 ,  1.325397e+03 , -2.813200e+02 ,  2.669559e+03 , -4.644314e+03 ,  4.437929e+03 ,  4.944212e+03 ,  5.682697e+02 , -1.127131e+03 ,  2.190399e+03 , -4.104213e+03 , -1.329609e+03 , -1.737436e+03 , -1.485020e+03 , -4.482469e+03 ,  1.018962e+03 , -3.829249e+03 , -3.224270e+03 , -2.119864e+03 , -1.213181e+03 ,  3.528871e+03 ,  1.904513e+03 ,  3.642737e+03 ,  9.268900e+02 , -5.930110e+02 ,  4.777263e+03 , -3.683940e+03 , -4.552890e+03 ,  1.706350e+03 ,]
positionY_nm_array = [-4.318420e+03 ,  1.095949e+03 ,  2.842244e+03 ,  2.485453e+03 , -1.395533e+03 , -6.213827e+02 , -2.085500e+03 ,  1.960421e+03 , -2.511545e+03 ,  3.566797e+03 , -2.147193e+03 ,  1.363800e+03 ,  9.548355e+02 , -1.452677e+03 , -2.498880e+03 , -4.662637e+03 , -4.750964e+03 , -1.977167e+03 , -3.836589e+03 , -2.950979e+03 , -2.223606e+02 , -4.026334e+02 , -3.842165e+03 ,  2.989042e+03 ,  2.879546e+03 ,  1.662414e+03 ,  4.766541e+03 ,  2.962419e+03 ,  4.533730e+03 ,  3.679042e+03 ,  4.724677e+03 ,  4.279178e+03 ,  5.045923e+02 , -3.607303e+03 ,  2.610073e+03 , -4.611170e+02 ,  2.900676e+03 ,  2.659770e+03 , -1.041563e+03 ,  4.297509e+03 , -4.656616e+03 , -1.871766e+02 , -3.581805e+02 ,  1.509436e+03 ,  8.252005e+02 , -4.934761e+02 , -3.354193e+03 ,  2.173872e+02 , -3.055726e+03 ,  3.795665e+03 ,]
angleInclination_array = [2.967060e+00 , 2.967060e+00 , 2.967060e+00 , 2.967060e+00 , 2.967060e+00 , 2.967060e+00 , 2.967060e+00 , 2.967060e+00 , 2.967060e+00 , 2.967060e+00 , 2.967060e+00 , 2.967060e+00 , 2.967060e+00 , 2.967060e+00 , 2.967060e+00 , 2.967060e+00 , 2.967060e+00 , 2.967060e+00 , 2.967060e+00 , 2.967060e+00 , 2.967060e+00 , 2.967060e+00 , 2.967060e+00 , 2.967060e+00 , 2.967060e+00 , 2.967060e+00 , 2.967060e+00 , 2.967060e+00 , 2.967060e+00 , 2.967060e+00 , 2.967060e+00 , 2.967060e+00 , 2.967060e+00 , 2.967060e+00 , 2.967060e+00 , 2.967060e+00 , 2.967060e+00 , 2.967060e+00 , 2.967060e+00 , 2.967060e+00 , 2.967060e+00 , 2.967060e+00 , 2.967060e+00 , 2.967060e+00 , 2.967060e+00 , 2.967060e+00 , 2.967060e+00 , 2.967060e+00 , 2.967060e+00 , 2.967060e+00 ,]
angleAzimuth_array = [3.141593e+00 , 3.141593e+00 , 3.141593e+00 , 3.141593e+00 , 3.141593e+00 , 3.141593e+00 , 3.141593e+00 , 3.141593e+00 , 3.141593e+00 , 3.141593e+00 , 3.141593e+00 , 3.141593e+00 , 3.141593e+00 , 3.141593e+00 , 3.141593e+00 , 3.141593e+00 , 3.141593e+00 , 3.141593e+00 , 3.141593e+00 , 3.141593e+00 , 3.141593e+00 , 3.141593e+00 , 3.141593e+00 , 3.141593e+00 , 3.141593e+00 , 3.141593e+00 , 3.141593e+00 , 3.141593e+00 , 3.141593e+00 , 3.141593e+00 , 3.141593e+00 , 3.141593e+00 , 3.141593e+00 , 3.141593e+00 , 3.141593e+00 , 3.141593e+00 , 3.141593e+00 , 3.141593e+00 , 3.141593e+00 , 3.141593e+00 , 3.141593e+00 , 3.141593e+00 , 3.141593e+00 , 3.141593e+00 , 3.141593e+00 , 3.141593e+00 , 3.141593e+00 , 3.141593e+00 , 3.141593e+00 , 3.141593e+00 ,]
