% ground truth for sim_inc50_az160.tif
% settings
number_of_spots = 50
pixel_size_nm = 51.200
image_size_nm = 14142.136
image_size_px = 275
wavelength = 500
par.objectiveNA = 2.17
objectiveFocalLength = 770
par.refractiveIndices = [1.310000e+00 , 2.170000e+00 , 2.170000e+00 ,]
par.nDiscretizationBFP = 129
par.backgroundNoise = 0.020
par.nPhotons = 500
positionX_nm_array = [3.172569e+03 ,  2.104283e+03 ,  7.098340e+02 ,  4.177286e+03 ,  2.283002e+03 , -2.494729e+02 ,  4.596077e+03 , -4.773415e+03 , -1.285924e+03 , -4.409494e+03 ,  3.440478e+03 ,  1.055929e+03 , -2.906056e+03 ,  1.506712e+03 ,  4.606576e+03 , -2.482958e+03 , -3.991746e+03 , -2.846121e+03 ,  3.719054e+02 , -4.877479e+03 , -9.130224e+02 ,  2.523030e+01 ,  4.469468e+03 , -3.864160e+03 , -3.034619e+03 , -2.944353e+03 ,  3.178573e+03 ,  2.019434e+02 , -1.538484e+03 ,  2.170257e+03 , -6.068961e+02 ,  3.247068e+03 ,  7.198374e+02 ,  1.839127e+03 ,  1.924129e+03 , -4.728093e+03 , -2.263298e+03 , -4.251548e+03 , -1.314743e+03 , -3.358582e+02 , -2.770035e+02 , -1.329844e+03 ,  3.982890e+03 , -2.286740e+03 , -1.850041e+03 ,  1.478185e+03 ,  3.856431e+03 , -1.357079e+03 ,  3.362945e+03 ,  4.575925e+03 ,]
positionY_nm_array = [-2.345220e+03 , -4.226377e+03 ,  3.946205e+02 ,  7.109926e+02 ,  3.124479e+03 , -1.618311e+02 , -4.671089e+03 , -2.225555e+03 ,  4.610244e+03 , -3.675296e+03 , -9.947384e+02 ,  3.545906e+03 ,  4.707525e+03 ,  1.186094e+03 , -4.241619e+02 ,  3.009281e+02 ,  2.206708e+03 , -4.108628e+03 , -1.149455e+03 ,  1.673458e+03 ,  1.341317e+03 , -2.377336e+03 ,  4.832607e+03 ,  3.197800e+02 ,  3.281976e+03 , -2.847539e+03 ,  2.347539e+03 , -4.837349e+03 ,  2.669881e+03 ,  3.714744e+02 , -3.917910e+03 ,  2.316522e+02 ,  2.178259e+03 ,  4.555292e+03 , -9.970799e+02 , -7.557956e+02 ,  1.686833e+03 ,  4.044506e+03 , -2.763717e+03 ,  4.219996e+03 ,  2.961588e+03 , -4.325084e+02 ,  3.204150e+03 , -1.998072e+03 , -3.907030e+03 , -2.304070e+03 , -3.715426e+03 , -4.831929e+03 ,  4.925381e+03 , -1.579297e+03 ,]
angleInclination_array = [8.726646e-01 , 8.726646e-01 , 8.726646e-01 , 8.726646e-01 , 8.726646e-01 , 8.726646e-01 , 8.726646e-01 , 8.726646e-01 , 8.726646e-01 , 8.726646e-01 , 8.726646e-01 , 8.726646e-01 , 8.726646e-01 , 8.726646e-01 , 8.726646e-01 , 8.726646e-01 , 8.726646e-01 , 8.726646e-01 , 8.726646e-01 , 8.726646e-01 , 8.726646e-01 , 8.726646e-01 , 8.726646e-01 , 8.726646e-01 , 8.726646e-01 , 8.726646e-01 , 8.726646e-01 , 8.726646e-01 , 8.726646e-01 , 8.726646e-01 , 8.726646e-01 , 8.726646e-01 , 8.726646e-01 , 8.726646e-01 , 8.726646e-01 , 8.726646e-01 , 8.726646e-01 , 8.726646e-01 , 8.726646e-01 , 8.726646e-01 , 8.726646e-01 , 8.726646e-01 , 8.726646e-01 , 8.726646e-01 , 8.726646e-01 , 8.726646e-01 , 8.726646e-01 , 8.726646e-01 , 8.726646e-01 , 8.726646e-01 ,]
angleAzimuth_array = [2.792527e+00 , 2.792527e+00 , 2.792527e+00 , 2.792527e+00 , 2.792527e+00 , 2.792527e+00 , 2.792527e+00 , 2.792527e+00 , 2.792527e+00 , 2.792527e+00 , 2.792527e+00 , 2.792527e+00 , 2.792527e+00 , 2.792527e+00 , 2.792527e+00 , 2.792527e+00 , 2.792527e+00 , 2.792527e+00 , 2.792527e+00 , 2.792527e+00 , 2.792527e+00 , 2.792527e+00 , 2.792527e+00 , 2.792527e+00 , 2.792527e+00 , 2.792527e+00 , 2.792527e+00 , 2.792527e+00 , 2.792527e+00 , 2.792527e+00 , 2.792527e+00 , 2.792527e+00 , 2.792527e+00 , 2.792527e+00 , 2.792527e+00 , 2.792527e+00 , 2.792527e+00 , 2.792527e+00 , 2.792527e+00 , 2.792527e+00 , 2.792527e+00 , 2.792527e+00 , 2.792527e+00 , 2.792527e+00 , 2.792527e+00 , 2.792527e+00 , 2.792527e+00 , 2.792527e+00 , 2.792527e+00 , 2.792527e+00 ,]
