% ground truth for sim_inc160_az320.tif
% settings
number_of_spots = 50
pixel_size_nm = 51.200
image_size_nm = 14142.136
image_size_px = 275
wavelength = 500
par.objectiveNA = 2.17
objectiveFocalLength = 770
par.refractiveIndices = [1.310000e+00 , 2.170000e+00 , 2.170000e+00 ,]
par.nDiscretizationBFP = 129
par.backgroundNoise = 0.020
par.nPhotons = 500
positionX_nm_array = [4.041703e+03 , -4.725110e+03 , -2.695184e+03 ,  2.957430e+03 ,  4.319062e+03 ,  2.516674e+02 , -1.748875e+03 , -3.297772e+03 , -4.059688e+03 , -4.047475e+03 ,  3.024622e+03 , -2.619491e+03 ,  8.839958e+01 ,  2.080095e+03 ,  2.294844e+03 ,  3.470476e+03 ,  4.100251e+03 , -4.358374e+03 , -1.642884e+03 ,  2.828180e+02 ,  4.925540e+03 ,  2.555517e+03 ,  1.576444e+03 , -1.326100e+03 ,  4.816853e+03 ,  2.112892e+03 ,  7.262040e+02 ,  4.380222e+03 , -1.231747e+02 ,  1.414175e+03 , -1.306860e+03 ,  4.228673e+02 , -2.703485e+03 , -2.808286e+03 , -3.711820e+03 ,  2.414993e+03 , -4.032312e+03 ,  2.579178e+03 ,  1.491906e+03 , -2.652643e+03 ,  3.548492e+02 ,  3.048839e+03 , -2.829838e+03 ,  3.410526e+03 ,  1.542672e+03 , -7.723677e+02 , -4.888975e+03 ,  1.017159e+03 , -1.070926e+03 , -2.435268e+03 ,]
positionY_nm_array = [-4.814330e+02 ,  2.573432e+02 , -1.097449e+03 , -4.834506e+03 ,  3.929823e+03 , -2.166763e+03 , -1.630579e+03 ,  2.044424e+03 ,  3.449161e+03 , -2.139406e+03 , -3.611960e+02 ,  4.644495e+03 ,  4.492761e+03 ,  1.722295e+03 ,  7.152310e+02 , -2.856355e+03 , -4.352770e+03 ,  2.447940e+03 , -3.538228e+03 ,  2.526223e+03 ,  5.194235e+02 ,  4.697792e+03 , -2.455833e+03 , -2.369562e+02 , -2.751088e+03 ,  3.517520e+03 ,  8.999961e+02 ,  2.654700e+03 , -5.457087e+02 , -4.510568e+03 ,  4.640103e+03 , -3.275015e+03 ,  3.068548e+03 , -3.314993e+03 ,  3.974367e+02 , -3.319881e+03 ,  4.910608e+03 , -1.550034e+03 ,  4.684417e+03 , -4.900642e+03 , -4.291311e+03 ,  2.939723e+03 , -2.203730e+03 ,  1.190628e+03 , -7.169418e+02 , -4.686898e+03 , -4.857984e+03 ,  3.211813e+03 ,  1.538725e+03 ,  1.298164e+02 ,]
angleInclination_array = [2.792527e+00 , 2.792527e+00 , 2.792527e+00 , 2.792527e+00 , 2.792527e+00 , 2.792527e+00 , 2.792527e+00 , 2.792527e+00 , 2.792527e+00 , 2.792527e+00 , 2.792527e+00 , 2.792527e+00 , 2.792527e+00 , 2.792527e+00 , 2.792527e+00 , 2.792527e+00 , 2.792527e+00 , 2.792527e+00 , 2.792527e+00 , 2.792527e+00 , 2.792527e+00 , 2.792527e+00 , 2.792527e+00 , 2.792527e+00 , 2.792527e+00 , 2.792527e+00 , 2.792527e+00 , 2.792527e+00 , 2.792527e+00 , 2.792527e+00 , 2.792527e+00 , 2.792527e+00 , 2.792527e+00 , 2.792527e+00 , 2.792527e+00 , 2.792527e+00 , 2.792527e+00 , 2.792527e+00 , 2.792527e+00 , 2.792527e+00 , 2.792527e+00 , 2.792527e+00 , 2.792527e+00 , 2.792527e+00 , 2.792527e+00 , 2.792527e+00 , 2.792527e+00 , 2.792527e+00 , 2.792527e+00 , 2.792527e+00 ,]
angleAzimuth_array = [5.585054e+00 , 5.585054e+00 , 5.585054e+00 , 5.585054e+00 , 5.585054e+00 , 5.585054e+00 , 5.585054e+00 , 5.585054e+00 , 5.585054e+00 , 5.585054e+00 , 5.585054e+00 , 5.585054e+00 , 5.585054e+00 , 5.585054e+00 , 5.585054e+00 , 5.585054e+00 , 5.585054e+00 , 5.585054e+00 , 5.585054e+00 , 5.585054e+00 , 5.585054e+00 , 5.585054e+00 , 5.585054e+00 , 5.585054e+00 , 5.585054e+00 , 5.585054e+00 , 5.585054e+00 , 5.585054e+00 , 5.585054e+00 , 5.585054e+00 , 5.585054e+00 , 5.585054e+00 , 5.585054e+00 , 5.585054e+00 , 5.585054e+00 , 5.585054e+00 , 5.585054e+00 , 5.585054e+00 , 5.585054e+00 , 5.585054e+00 , 5.585054e+00 , 5.585054e+00 , 5.585054e+00 , 5.585054e+00 , 5.585054e+00 , 5.585054e+00 , 5.585054e+00 , 5.585054e+00 , 5.585054e+00 , 5.585054e+00 ,]
