% ground truth for sim_inc70_az240.tif
% settings
number_of_spots = 50
pixel_size_nm = 51.200
image_size_nm = 14142.136
image_size_px = 275
wavelength = 500
par.objectiveNA = 2.17
objectiveFocalLength = 770
par.refractiveIndices = [1.310000e+00 , 2.170000e+00 , 2.170000e+00 ,]
par.nDiscretizationBFP = 129
par.backgroundNoise = 0.020
par.nPhotons = 500
positionX_nm_array = [-2.559796e+03 , -3.307320e+02 , -2.464465e+02 , -1.386877e+03 ,  1.796706e+03 , -2.094991e+03 ,  1.773072e+03 ,  3.190769e+03 , -2.529420e+02 , -4.195622e+03 ,  3.809063e+03 ,  3.671785e+03 ,  1.905091e+03 , -3.013984e+03 ,  1.674858e+03 , -4.405430e+03 , -4.123981e+02 ,  2.456779e+03 , -3.089619e+03 , -7.995405e+01 ,  3.050250e+03 , -4.701679e+03 ,  2.927470e+03 ,  6.842080e+02 , -3.041182e+03 ,  6.109208e+02 , -2.512039e+02 , -1.044160e+03 , -3.476244e+03 , -3.365330e+03 , -1.097898e+03 ,  4.077869e+03 ,  2.610903e+03 , -1.665548e+03 ,  4.434108e+03 ,  1.113416e+03 ,  2.472493e+03 ,  4.677899e+03 ,  4.896320e+03 , -2.423066e+03 , -1.184511e+03 ,  3.352940e+03 , -3.959156e+03 ,  7.268698e+02 , -2.072791e+03 , -4.493807e+03 ,  4.294679e+03 ,  3.366585e+03 , -4.007914e+03 ,  3.048950e+03 ,]
positionY_nm_array = [3.518334e+02 , -4.929366e+03 ,  3.375382e+03 , -2.201477e+03 ,  3.793779e+03 ,  1.336708e+03 , -1.248613e+03 ,  1.406304e+03 , -1.315252e+03 , -4.711772e+03 ,  1.496558e+02 ,  4.817538e+03 , -3.737328e+03 , -4.719297e+03 , -2.533972e+03 ,  1.166484e+03 ,  9.114414e+02 ,  4.075891e+02 , -2.325374e+03 , -3.262831e+03 , -1.976338e+03 ,  2.948755e+03 , -3.023076e+03 ,  4.189856e+03 ,  3.690170e+03 ,  2.793837e+03 , -1.856120e+02 ,  1.833783e+03 , -9.494265e+02 ,  2.418248e+03 , -4.220182e+03 , -2.305363e+03 ,  4.713967e+03 ,  3.302532e+03 ,  4.090161e+03 , -5.764633e+01 ,  2.275570e+03 , -4.601962e+03 ,  3.615970e+02 ,  4.620773e+03 ,  4.866685e+03 , -8.724952e+02 ,  4.523185e+03 , -4.102879e+03 , -3.185487e+03 , -1.061866e+03 ,  2.441212e+03 , -4.432188e+03 , -8.966839e+01 ,  3.488415e+03 ,]
angleInclination_array = [1.221730e+00 , 1.221730e+00 , 1.221730e+00 , 1.221730e+00 , 1.221730e+00 , 1.221730e+00 , 1.221730e+00 , 1.221730e+00 , 1.221730e+00 , 1.221730e+00 , 1.221730e+00 , 1.221730e+00 , 1.221730e+00 , 1.221730e+00 , 1.221730e+00 , 1.221730e+00 , 1.221730e+00 , 1.221730e+00 , 1.221730e+00 , 1.221730e+00 , 1.221730e+00 , 1.221730e+00 , 1.221730e+00 , 1.221730e+00 , 1.221730e+00 , 1.221730e+00 , 1.221730e+00 , 1.221730e+00 , 1.221730e+00 , 1.221730e+00 , 1.221730e+00 , 1.221730e+00 , 1.221730e+00 , 1.221730e+00 , 1.221730e+00 , 1.221730e+00 , 1.221730e+00 , 1.221730e+00 , 1.221730e+00 , 1.221730e+00 , 1.221730e+00 , 1.221730e+00 , 1.221730e+00 , 1.221730e+00 , 1.221730e+00 , 1.221730e+00 , 1.221730e+00 , 1.221730e+00 , 1.221730e+00 , 1.221730e+00 ,]
angleAzimuth_array = [4.188790e+00 , 4.188790e+00 , 4.188790e+00 , 4.188790e+00 , 4.188790e+00 , 4.188790e+00 , 4.188790e+00 , 4.188790e+00 , 4.188790e+00 , 4.188790e+00 , 4.188790e+00 , 4.188790e+00 , 4.188790e+00 , 4.188790e+00 , 4.188790e+00 , 4.188790e+00 , 4.188790e+00 , 4.188790e+00 , 4.188790e+00 , 4.188790e+00 , 4.188790e+00 , 4.188790e+00 , 4.188790e+00 , 4.188790e+00 , 4.188790e+00 , 4.188790e+00 , 4.188790e+00 , 4.188790e+00 , 4.188790e+00 , 4.188790e+00 , 4.188790e+00 , 4.188790e+00 , 4.188790e+00 , 4.188790e+00 , 4.188790e+00 , 4.188790e+00 , 4.188790e+00 , 4.188790e+00 , 4.188790e+00 , 4.188790e+00 , 4.188790e+00 , 4.188790e+00 , 4.188790e+00 , 4.188790e+00 , 4.188790e+00 , 4.188790e+00 , 4.188790e+00 , 4.188790e+00 , 4.188790e+00 , 4.188790e+00 ,]
