% ground truth for sim_inc90_az120.tif
% settings
number_of_spots = 50
pixel_size_nm = 51.200
image_size_nm = 14142.136
image_size_px = 275
wavelength = 500
par.objectiveNA = 2.17
objectiveFocalLength = 770
par.refractiveIndices = [1.310000e+00 , 2.170000e+00 , 2.170000e+00 ,]
par.nDiscretizationBFP = 129
par.backgroundNoise = 0.020
par.nPhotons = 500
positionX_nm_array = [1.179347e+03 ,  2.113144e+03 , -4.697364e+03 ,  2.527218e+02 , -3.859326e+03 , -4.827046e+03 ,  2.550189e+03 ,  1.135894e+03 ,  3.427718e+03 , -4.262351e+02 ,  4.108634e+03 ,  4.828926e+03 ,  3.417989e+03 , -1.518503e+03 ,  2.258724e+03 ,  2.444242e+03 , -3.143457e+03 ,  4.535241e+03 , -3.579285e+03 , -4.191090e+02 ,  2.826230e+02 , -3.318489e+03 , -4.869862e+03 , -2.775225e+03 ,  2.958030e+03 ,  9.643604e+02 , -3.767226e+03 , -1.537388e+03 , -2.441146e+02 ,  4.595379e+02 ,  1.813097e+02 , -4.469299e+03 , -2.921900e+03 , -1.451768e+03 , -1.699011e+03 , -3.217617e+03 ,  4.102500e+03 , -7.696645e+02 , -6.251689e+02 ,  9.675059e+02 ,  4.438419e+03 , -4.732869e+03 , -1.506699e+03 ,  3.454793e+03 ,  2.422470e+03 ,  4.654887e+03 ,  2.124506e+03 , -4.867406e+03 , -2.940263e+03 , -1.912897e+03 ,]
positionY_nm_array = [3.312847e+03 ,  1.479266e+03 ,  4.859733e+03 , -4.384867e+03 ,  2.213594e+03 , -1.701626e+03 , -4.705093e+03 , -1.068267e+03 ,  4.494801e+03 ,  2.917458e+03 , -6.329553e+02 , -4.617395e+03 , -3.238769e+03 , -3.331438e+03 , -2.553662e+03 , -4.837574e+02 ,  4.255936e+03 , -2.919655e+03 , -2.904551e+03 ,  1.243958e+03 ,  2.202983e+03 , -4.548480e+03 , -5.773324e+02 , -1.953175e+03 ,  2.937834e+03 , -3.123198e+03 ,  1.889999e+02 , -4.374292e+03 , -3.293015e+03 ,  4.599283e+03 , -3.963651e+02 , -4.188002e+03 ,  2.797614e+03 ,  2.109983e+03 , -1.685272e+03 ,  1.322069e+03 ,  2.589497e+03 ,  4.048877e+03 , -1.849994e+03 ,  1.309458e+03 ,  1.109213e+03 ,  3.792312e+03 ,  1.034764e+03 ,  1.361004e+02 ,  4.552448e+03 ,  4.393714e+03 , -1.516828e+03 ,  2.030195e+03 , -6.531925e+02 ,  4.449414e+03 ,]
angleInclination_array = [1.570796e+00 , 1.570796e+00 , 1.570796e+00 , 1.570796e+00 , 1.570796e+00 , 1.570796e+00 , 1.570796e+00 , 1.570796e+00 , 1.570796e+00 , 1.570796e+00 , 1.570796e+00 , 1.570796e+00 , 1.570796e+00 , 1.570796e+00 , 1.570796e+00 , 1.570796e+00 , 1.570796e+00 , 1.570796e+00 , 1.570796e+00 , 1.570796e+00 , 1.570796e+00 , 1.570796e+00 , 1.570796e+00 , 1.570796e+00 , 1.570796e+00 , 1.570796e+00 , 1.570796e+00 , 1.570796e+00 , 1.570796e+00 , 1.570796e+00 , 1.570796e+00 , 1.570796e+00 , 1.570796e+00 , 1.570796e+00 , 1.570796e+00 , 1.570796e+00 , 1.570796e+00 , 1.570796e+00 , 1.570796e+00 , 1.570796e+00 , 1.570796e+00 , 1.570796e+00 , 1.570796e+00 , 1.570796e+00 , 1.570796e+00 , 1.570796e+00 , 1.570796e+00 , 1.570796e+00 , 1.570796e+00 , 1.570796e+00 ,]
angleAzimuth_array = [2.094395e+00 , 2.094395e+00 , 2.094395e+00 , 2.094395e+00 , 2.094395e+00 , 2.094395e+00 , 2.094395e+00 , 2.094395e+00 , 2.094395e+00 , 2.094395e+00 , 2.094395e+00 , 2.094395e+00 , 2.094395e+00 , 2.094395e+00 , 2.094395e+00 , 2.094395e+00 , 2.094395e+00 , 2.094395e+00 , 2.094395e+00 , 2.094395e+00 , 2.094395e+00 , 2.094395e+00 , 2.094395e+00 , 2.094395e+00 , 2.094395e+00 , 2.094395e+00 , 2.094395e+00 , 2.094395e+00 , 2.094395e+00 , 2.094395e+00 , 2.094395e+00 , 2.094395e+00 , 2.094395e+00 , 2.094395e+00 , 2.094395e+00 , 2.094395e+00 , 2.094395e+00 , 2.094395e+00 , 2.094395e+00 , 2.094395e+00 , 2.094395e+00 , 2.094395e+00 , 2.094395e+00 , 2.094395e+00 , 2.094395e+00 , 2.094395e+00 , 2.094395e+00 , 2.094395e+00 , 2.094395e+00 , 2.094395e+00 ,]
