% ground truth for sim_inc10_az240.tif
% settings
number_of_spots = 50
pixel_size_nm = 51.200
image_size_nm = 14142.136
image_size_px = 275
wavelength = 500
par.objectiveNA = 2.17
objectiveFocalLength = 770
par.refractiveIndices = [1.310000e+00 , 2.170000e+00 , 2.170000e+00 ,]
par.nDiscretizationBFP = 129
par.backgroundNoise = 0.020
par.nPhotons = 500
positionX_nm_array = [4.459742e+03 ,  2.773012e+03 , -3.009256e+03 , -3.066286e+03 ,  1.514781e+03 , -2.849127e+03 , -2.256905e+03 ,  3.095632e+03 , -1.604911e+03 ,  5.689275e+02 , -2.711179e+03 ,  4.004924e+03 ,  4.209783e+03 , -3.663286e+02 , -4.154310e+03 ,  7.500698e+01 ,  3.235876e+03 ,  3.686960e+03 ,  1.378021e+03 , -3.737792e+03 ,  2.030973e+03 , -4.354888e+03 ,  1.813327e+03 ,  4.653429e+03 , -1.098139e+03 ,  2.843731e+02 , -8.697187e+02 ,  3.286149e+03 ,  1.846570e+03 ,  6.929768e+02 , -4.472471e+03 , -4.380646e+03 ,  1.512328e+03 , -3.244663e+02 , -3.575610e+03 ,  3.857805e+03 ,  4.114271e+03 , -1.572716e+03 , -1.859834e+00 ,  2.650397e+03 ,  2.852650e+03 ,  4.906218e+03 , -1.397194e+03 , -1.727727e+03 ,  4.816733e+03 ,  9.482826e+01 ,  2.854601e+03 , -3.260988e+03 ,  9.226020e+02 , -1.700417e+03 ,]
positionY_nm_array = [-3.789988e+02 , -2.249951e+03 ,  4.838315e+03 , -4.251032e+02 ,  2.056551e+02 , -4.685584e+03 ,  2.961708e+03 ,  4.851373e+03 , -3.132565e+03 ,  1.648006e+03 , -3.506428e+03 , -1.707419e+03 ,  7.614819e+02 ,  3.376549e+03 , -2.040081e+03 , -3.450913e+03 ,  1.392086e+03 , -3.737120e+03 ,  4.610543e+03 , -3.111855e+03 ,  3.444486e+03 , -4.676975e+03 ,  1.278920e+03 , -4.627236e+03 ,  4.173762e+03 , -1.122138e+03 ,  2.317366e+03 ,  3.466103e+02 , -3.244672e+03 , -4.386536e+03 ,  2.784160e+03 ,  9.354188e+01 ,  2.266258e+03 , -1.420646e+01 ,  1.906632e+03 ,  3.486895e+03 ,  4.516144e+03 ,  8.262965e+02 , -2.418350e+03 , -9.606614e+02 , -4.294662e+03 ,  2.309892e+03 , -3.829719e+02 , -1.403068e+03 , -2.525613e+03 ,  4.303899e+03 ,  2.472521e+03 ,  3.206826e+03 , -2.027163e+03 , -4.191316e+03 ,]
angleInclination_array = [1.745329e-01 , 1.745329e-01 , 1.745329e-01 , 1.745329e-01 , 1.745329e-01 , 1.745329e-01 , 1.745329e-01 , 1.745329e-01 , 1.745329e-01 , 1.745329e-01 , 1.745329e-01 , 1.745329e-01 , 1.745329e-01 , 1.745329e-01 , 1.745329e-01 , 1.745329e-01 , 1.745329e-01 , 1.745329e-01 , 1.745329e-01 , 1.745329e-01 , 1.745329e-01 , 1.745329e-01 , 1.745329e-01 , 1.745329e-01 , 1.745329e-01 , 1.745329e-01 , 1.745329e-01 , 1.745329e-01 , 1.745329e-01 , 1.745329e-01 , 1.745329e-01 , 1.745329e-01 , 1.745329e-01 , 1.745329e-01 , 1.745329e-01 , 1.745329e-01 , 1.745329e-01 , 1.745329e-01 , 1.745329e-01 , 1.745329e-01 , 1.745329e-01 , 1.745329e-01 , 1.745329e-01 , 1.745329e-01 , 1.745329e-01 , 1.745329e-01 , 1.745329e-01 , 1.745329e-01 , 1.745329e-01 , 1.745329e-01 ,]
angleAzimuth_array = [4.188790e+00 , 4.188790e+00 , 4.188790e+00 , 4.188790e+00 , 4.188790e+00 , 4.188790e+00 , 4.188790e+00 , 4.188790e+00 , 4.188790e+00 , 4.188790e+00 , 4.188790e+00 , 4.188790e+00 , 4.188790e+00 , 4.188790e+00 , 4.188790e+00 , 4.188790e+00 , 4.188790e+00 , 4.188790e+00 , 4.188790e+00 , 4.188790e+00 , 4.188790e+00 , 4.188790e+00 , 4.188790e+00 , 4.188790e+00 , 4.188790e+00 , 4.188790e+00 , 4.188790e+00 , 4.188790e+00 , 4.188790e+00 , 4.188790e+00 , 4.188790e+00 , 4.188790e+00 , 4.188790e+00 , 4.188790e+00 , 4.188790e+00 , 4.188790e+00 , 4.188790e+00 , 4.188790e+00 , 4.188790e+00 , 4.188790e+00 , 4.188790e+00 , 4.188790e+00 , 4.188790e+00 , 4.188790e+00 , 4.188790e+00 , 4.188790e+00 , 4.188790e+00 , 4.188790e+00 , 4.188790e+00 , 4.188790e+00 ,]
