% ground truth for sim_inc80_az140.tif
% settings
number_of_spots = 50
pixel_size_nm = 51.200
image_size_nm = 14142.136
image_size_px = 275
wavelength = 500
par.objectiveNA = 2.17
objectiveFocalLength = 770
par.refractiveIndices = [1.310000e+00 , 2.170000e+00 , 2.170000e+00 ,]
par.nDiscretizationBFP = 129
par.backgroundNoise = 0.020
par.nPhotons = 500
positionX_nm_array = [-1.239316e+03 ,  1.384705e+02 , -2.503984e+03 ,  4.263373e+03 , -5.814896e+02 , -5.950662e+02 ,  2.986421e+03 , -2.689496e+03 , -3.363832e+03 , -2.635733e+03 , -3.655769e+03 ,  4.357942e+02 ,  4.012583e+03 , -9.694595e+02 ,  5.895576e+02 ,  2.084392e+03 , -4.660918e+03 ,  2.872850e+03 ,  4.296131e+03 ,  3.856956e+03 , -4.602092e+03 ,  2.688696e+03 , -1.402580e+03 , -1.601980e+03 ,  2.366751e+03 , -2.158794e+03 , -2.016726e+03 , -4.812350e+03 ,  7.567424e+02 ,  3.462069e+03 ,  9.373335e+02 ,  3.705850e+03 ,  4.421957e+03 ,  4.739045e+03 ,  4.696456e+03 , -1.368256e+03 ,  1.690366e+03 , -4.384273e+03 ,  1.736019e+03 ,  1.472975e+03 , -3.677143e+03 , -9.817520e+02 , -3.610737e+03 ,  8.044461e+02 ,  3.105891e+03 ,  3.083117e+03 ,  2.639965e+03 , -4.994533e+01 , -1.368466e+03 , -1.684264e+03 ,]
positionY_nm_array = [4.157918e+03 , -1.616080e+03 ,  2.627415e+03 , -5.637307e+02 ,  1.369484e+03 , -2.307773e+03 , -1.893746e+03 ,  4.179255e+02 , -3.888964e+03 , -3.097008e+03 ,  3.855060e+03 , -4.727691e+03 , -1.606961e+03 , -4.740256e+02 , -3.270754e+02 ,  3.983132e+03 , -2.600458e+03 , -5.337361e+02 ,  4.073870e+03 ,  1.965978e+03 , -4.557062e+03 ,  1.893146e+03 ,  1.994819e+03 ,  3.098898e+03 , -4.270362e+03 ,  4.838578e+03 , -4.827366e+03 ,  1.875960e+03 , -3.425880e+03 ,  1.034508e+03 ,  1.467923e+03 , -4.276355e+03 ,  2.835192e+03 , -3.707070e+03 , -2.623155e+03 ,  4.472481e+02 , -1.341407e+03 , -1.945077e+02 ,  6.019848e+02 ,  2.492085e+03 ,  1.914000e+03 , -4.426483e+03 , -1.846205e+03 ,  4.938878e+03 ,  4.566364e+03 ,  3.010423e+03 , -3.135752e+03 ,  4.214192e+03 , -1.670923e+03 , -3.714353e+03 ,]
angleInclination_array = [1.396263e+00 , 1.396263e+00 , 1.396263e+00 , 1.396263e+00 , 1.396263e+00 , 1.396263e+00 , 1.396263e+00 , 1.396263e+00 , 1.396263e+00 , 1.396263e+00 , 1.396263e+00 , 1.396263e+00 , 1.396263e+00 , 1.396263e+00 , 1.396263e+00 , 1.396263e+00 , 1.396263e+00 , 1.396263e+00 , 1.396263e+00 , 1.396263e+00 , 1.396263e+00 , 1.396263e+00 , 1.396263e+00 , 1.396263e+00 , 1.396263e+00 , 1.396263e+00 , 1.396263e+00 , 1.396263e+00 , 1.396263e+00 , 1.396263e+00 , 1.396263e+00 , 1.396263e+00 , 1.396263e+00 , 1.396263e+00 , 1.396263e+00 , 1.396263e+00 , 1.396263e+00 , 1.396263e+00 , 1.396263e+00 , 1.396263e+00 , 1.396263e+00 , 1.396263e+00 , 1.396263e+00 , 1.396263e+00 , 1.396263e+00 , 1.396263e+00 , 1.396263e+00 , 1.396263e+00 , 1.396263e+00 , 1.396263e+00 ,]
angleAzimuth_array = [2.443461e+00 , 2.443461e+00 , 2.443461e+00 , 2.443461e+00 , 2.443461e+00 , 2.443461e+00 , 2.443461e+00 , 2.443461e+00 , 2.443461e+00 , 2.443461e+00 , 2.443461e+00 , 2.443461e+00 , 2.443461e+00 , 2.443461e+00 , 2.443461e+00 , 2.443461e+00 , 2.443461e+00 , 2.443461e+00 , 2.443461e+00 , 2.443461e+00 , 2.443461e+00 , 2.443461e+00 , 2.443461e+00 , 2.443461e+00 , 2.443461e+00 , 2.443461e+00 , 2.443461e+00 , 2.443461e+00 , 2.443461e+00 , 2.443461e+00 , 2.443461e+00 , 2.443461e+00 , 2.443461e+00 , 2.443461e+00 , 2.443461e+00 , 2.443461e+00 , 2.443461e+00 , 2.443461e+00 , 2.443461e+00 , 2.443461e+00 , 2.443461e+00 , 2.443461e+00 , 2.443461e+00 , 2.443461e+00 , 2.443461e+00 , 2.443461e+00 , 2.443461e+00 , 2.443461e+00 , 2.443461e+00 , 2.443461e+00 ,]
