% ground truth for sim_inc180_az240.tif
% settings
number_of_spots = 50
pixel_size_nm = 51.200
image_size_nm = 14142.136
image_size_px = 275
wavelength = 500
par.objectiveNA = 2.17
objectiveFocalLength = 770
par.refractiveIndices = [1.310000e+00 , 2.170000e+00 , 2.170000e+00 ,]
par.nDiscretizationBFP = 129
par.backgroundNoise = 0.020
par.nPhotons = 500
positionX_nm_array = [1.807294e+03 , -2.968877e+03 ,  2.134197e+03 ,  5.488208e+02 , -3.797373e+02 , -2.761364e+03 ,  9.690040e+01 ,  3.638084e+03 , -1.479808e+03 , -4.219558e+03 , -2.505850e+02 ,  4.442394e+03 ,  3.238116e+03 , -1.334957e+03 ,  2.183030e+03 ,  3.823772e+03 , -4.546195e+03 ,  3.116081e+03 , -6.575316e+01 , -4.627863e+03 ,  1.324940e+03 , -4.883860e+02 , -1.311987e+03 ,  8.288050e+02 , -3.006397e+03 , -3.086682e+03 ,  9.582905e+02 ,  4.327908e+03 , -2.554268e+03 , -4.713949e+03 ,  9.179361e+02 ,  2.040298e+03 , -3.331413e+03 ,  3.174956e+03 ,  3.171253e+03 , -1.079157e+03 , -3.918021e+03 ,  2.934376e+03 , -2.118451e+03 ,  7.261072e+01 ,  1.142934e+03 , -2.212945e+03 ,  4.454383e+03 , -4.010991e+03 ,  3.649015e+02 , -4.777942e+03 , -1.345520e+03 , -4.540794e+03 , -1.487904e+03 , -3.959566e+03 ,]
positionY_nm_array = [-3.285580e+03 , -4.362935e+03 ,  3.482903e+03 ,  1.212758e+03 ,  3.128039e+03 ,  1.741023e+03 , -3.562112e+03 ,  5.956787e+02 ,  4.592207e+03 , -4.271813e+03 ,  4.349245e+03 ,  1.865996e+03 ,  3.463319e+03 ,  1.424513e+03 ,  1.534347e+02 , -2.332973e+03 , -6.836784e+02 ,  4.942853e+03 , -2.373252e+03 ,  1.044277e+03 , -2.350644e+03 , -1.331822e+03 , -3.904054e+03 , -8.136707e+02 , -1.134065e+03 , -2.160196e+03 ,  4.230293e+03 , -4.642948e+03 ,  3.106902e+03 ,  2.973602e+03 ,  2.511259e+03 ,  2.293097e+03 ,  5.791178e+02 ,  2.435664e+03 , -1.066449e+03 , -2.062155e+02 ,  4.767255e+03 , -4.635823e+03 , -2.947865e+03 , -4.868441e+03 , -4.765991e+03 ,  7.616920e+02 , -5.712447e+02 ,  3.705840e+03 ,  1.023087e+02 , -2.863581e+03 , -1.997005e+03 , -1.819225e+03 ,  3.539236e+03 ,  2.309630e+03 ,]
angleInclination_array = [3.141593e+00 , 3.141593e+00 , 3.141593e+00 , 3.141593e+00 , 3.141593e+00 , 3.141593e+00 , 3.141593e+00 , 3.141593e+00 , 3.141593e+00 , 3.141593e+00 , 3.141593e+00 , 3.141593e+00 , 3.141593e+00 , 3.141593e+00 , 3.141593e+00 , 3.141593e+00 , 3.141593e+00 , 3.141593e+00 , 3.141593e+00 , 3.141593e+00 , 3.141593e+00 , 3.141593e+00 , 3.141593e+00 , 3.141593e+00 , 3.141593e+00 , 3.141593e+00 , 3.141593e+00 , 3.141593e+00 , 3.141593e+00 , 3.141593e+00 , 3.141593e+00 , 3.141593e+00 , 3.141593e+00 , 3.141593e+00 , 3.141593e+00 , 3.141593e+00 , 3.141593e+00 , 3.141593e+00 , 3.141593e+00 , 3.141593e+00 , 3.141593e+00 , 3.141593e+00 , 3.141593e+00 , 3.141593e+00 , 3.141593e+00 , 3.141593e+00 , 3.141593e+00 , 3.141593e+00 , 3.141593e+00 , 3.141593e+00 ,]
angleAzimuth_array = [4.188790e+00 , 4.188790e+00 , 4.188790e+00 , 4.188790e+00 , 4.188790e+00 , 4.188790e+00 , 4.188790e+00 , 4.188790e+00 , 4.188790e+00 , 4.188790e+00 , 4.188790e+00 , 4.188790e+00 , 4.188790e+00 , 4.188790e+00 , 4.188790e+00 , 4.188790e+00 , 4.188790e+00 , 4.188790e+00 , 4.188790e+00 , 4.188790e+00 , 4.188790e+00 , 4.188790e+00 , 4.188790e+00 , 4.188790e+00 , 4.188790e+00 , 4.188790e+00 , 4.188790e+00 , 4.188790e+00 , 4.188790e+00 , 4.188790e+00 , 4.188790e+00 , 4.188790e+00 , 4.188790e+00 , 4.188790e+00 , 4.188790e+00 , 4.188790e+00 , 4.188790e+00 , 4.188790e+00 , 4.188790e+00 , 4.188790e+00 , 4.188790e+00 , 4.188790e+00 , 4.188790e+00 , 4.188790e+00 , 4.188790e+00 , 4.188790e+00 , 4.188790e+00 , 4.188790e+00 , 4.188790e+00 , 4.188790e+00 ,]
