% ground truth for sim_inc50_az100.tif
% settings
number_of_spots = 50
pixel_size_nm = 51.200
image_size_nm = 14142.136
image_size_px = 275
wavelength = 500
par.objectiveNA = 2.17
objectiveFocalLength = 770
par.refractiveIndices = [1.310000e+00 , 2.170000e+00 , 2.170000e+00 ,]
par.nDiscretizationBFP = 129
par.backgroundNoise = 0.020
par.nPhotons = 500
positionX_nm_array = [-4.771687e+03 ,  4.777416e+03 ,  4.379933e+03 ,  3.769066e+03 , -2.059665e+03 , -1.994389e+02 ,  7.178623e+02 , -1.944279e+03 ,  4.421830e+03 , -3.142828e+03 , -4.754514e+03 ,  1.989999e+03 , -1.438322e+03 , -1.167514e+02 ,  5.986469e+02 ,  4.522318e+03 , -2.870958e+03 , -2.241715e+03 ,  2.285910e+03 ,  3.961610e+03 ,  2.609703e+03 ,  1.445749e+03 , -1.234567e+03 , -4.573713e+03 , -3.868754e+03 , -1.488943e+03 , -3.547992e+03 ,  9.676715e+02 , -3.862222e+03 ,  3.411315e+03 ,  2.717458e+03 , -1.667186e+03 ,  2.940460e+02 , -5.169990e+02 ,  2.935601e+03 , -4.852214e+03 , -2.429973e+03 , -3.219783e+03 ,  8.481197e+01 , -3.592634e+03 , -5.776659e+02 ,  2.718795e+03 ,  5.433275e+02 ,  1.941851e+03 , -1.223141e+03 , -3.843682e+03 ,  3.980639e+03 ,  2.312207e+03 , -3.450483e+03 , -4.915131e+03 ,]
positionY_nm_array = [1.331889e+03 ,  3.295867e+03 ,  4.691710e+03 , -9.920306e+02 , -4.803096e+03 , -5.442963e+02 , -3.980560e+03 ,  2.167538e+02 ,  1.340543e+03 , -3.876220e+03 , -2.968383e+02 ,  2.869933e+03 ,  4.371314e+03 , -3.354434e+03 , -1.565051e+03 , -3.703970e+03 ,  2.869607e+03 , -2.799588e+03 ,  4.073757e+03 , -2.605483e+03 ,  6.460626e+01 , -2.332104e+03 , -3.685520e+03 ,  3.854849e+03 , -3.089132e+03 ,  2.458479e+03 ,  1.983949e+03 ,  1.839938e+03 , -4.730203e+03 , -4.537102e+03 ,  2.070792e+03 , -1.335873e+03 ,  4.135864e+03 , -4.839966e+03 , -2.146361e+03 ,  2.413025e+03 ,  1.964330e+03 ,  4.561490e+03 ,  3.082606e+03 , -6.068105e+02 ,  1.883010e+03 , -1.140461e+03 ,  3.534786e+02 ,  1.119490e+03 ,  1.095529e+03 , -1.933717e+03 ,  2.613951e+03 , -4.595538e+03 ,  4.652926e+02 , -3.603309e+03 ,]
angleInclination_array = [8.726646e-01 , 8.726646e-01 , 8.726646e-01 , 8.726646e-01 , 8.726646e-01 , 8.726646e-01 , 8.726646e-01 , 8.726646e-01 , 8.726646e-01 , 8.726646e-01 , 8.726646e-01 , 8.726646e-01 , 8.726646e-01 , 8.726646e-01 , 8.726646e-01 , 8.726646e-01 , 8.726646e-01 , 8.726646e-01 , 8.726646e-01 , 8.726646e-01 , 8.726646e-01 , 8.726646e-01 , 8.726646e-01 , 8.726646e-01 , 8.726646e-01 , 8.726646e-01 , 8.726646e-01 , 8.726646e-01 , 8.726646e-01 , 8.726646e-01 , 8.726646e-01 , 8.726646e-01 , 8.726646e-01 , 8.726646e-01 , 8.726646e-01 , 8.726646e-01 , 8.726646e-01 , 8.726646e-01 , 8.726646e-01 , 8.726646e-01 , 8.726646e-01 , 8.726646e-01 , 8.726646e-01 , 8.726646e-01 , 8.726646e-01 , 8.726646e-01 , 8.726646e-01 , 8.726646e-01 , 8.726646e-01 , 8.726646e-01 ,]
angleAzimuth_array = [1.745329e+00 , 1.745329e+00 , 1.745329e+00 , 1.745329e+00 , 1.745329e+00 , 1.745329e+00 , 1.745329e+00 , 1.745329e+00 , 1.745329e+00 , 1.745329e+00 , 1.745329e+00 , 1.745329e+00 , 1.745329e+00 , 1.745329e+00 , 1.745329e+00 , 1.745329e+00 , 1.745329e+00 , 1.745329e+00 , 1.745329e+00 , 1.745329e+00 , 1.745329e+00 , 1.745329e+00 , 1.745329e+00 , 1.745329e+00 , 1.745329e+00 , 1.745329e+00 , 1.745329e+00 , 1.745329e+00 , 1.745329e+00 , 1.745329e+00 , 1.745329e+00 , 1.745329e+00 , 1.745329e+00 , 1.745329e+00 , 1.745329e+00 , 1.745329e+00 , 1.745329e+00 , 1.745329e+00 , 1.745329e+00 , 1.745329e+00 , 1.745329e+00 , 1.745329e+00 , 1.745329e+00 , 1.745329e+00 , 1.745329e+00 , 1.745329e+00 , 1.745329e+00 , 1.745329e+00 , 1.745329e+00 , 1.745329e+00 ,]
