% ground truth for sim_inc60_az280.tif
% settings
number_of_spots = 50
pixel_size_nm = 51.200
image_size_nm = 14142.136
image_size_px = 275
wavelength = 500
par.objectiveNA = 2.17
objectiveFocalLength = 770
par.refractiveIndices = [1.310000e+00 , 2.170000e+00 , 2.170000e+00 ,]
par.nDiscretizationBFP = 129
par.backgroundNoise = 0.020
par.nPhotons = 500
positionX_nm_array = [4.185745e+03 , -3.020345e+03 ,  2.765909e+03 , -7.261242e+02 ,  1.441900e+03 ,  9.913757e+02 , -7.633954e+02 , -3.917735e+03 ,  2.560764e+03 , -1.323725e+03 ,  2.920875e+03 ,  4.191298e+03 , -2.153858e+03 , -2.704777e+03 ,  1.104508e+02 ,  9.100942e+02 ,  1.604722e+03 , -2.068860e+03 ,  4.734121e+03 ,  2.457749e+03 ,  3.861020e+03 , -3.793482e+03 , -2.075054e+03 , -4.262470e+03 , -4.819032e+03 ,  4.677967e+03 ,  2.788392e+03 ,  4.800121e+03 ,  6.069745e+02 , -1.217672e+03 ,  8.844618e+02 , -1.716628e+03 , -4.615197e+03 , -4.561568e+03 ,  1.781664e+03 ,  6.303501e+02 , -3.023319e+03 , -4.761344e+03 ,  3.639874e+03 ,  4.175179e+03 , -2.083692e+03 , -2.728869e+03 ,  4.570513e+03 ,  3.608614e+03 ,  2.668897e+03 , -3.550601e+03 , -6.514446e+02 , -8.952816e+02 ,  4.248285e+03 ,  3.190763e+02 ,]
positionY_nm_array = [4.187656e+02 , -1.774457e+03 , -4.084725e+03 ,  4.682584e+03 ,  4.419195e+03 , -1.684816e+03 ,  2.741308e+03 , -3.891862e+02 , -2.237867e+03 , -1.275900e+03 ,  8.876320e+02 , -3.514009e+03 , -3.330229e+03 ,  1.254992e+02 ,  3.499618e+03 , -5.550954e+02 , -4.793409e+03 ,  1.041348e+03 ,  3.391039e+03 ,  3.244003e+03 , -7.250578e+02 ,  1.228370e+03 ,  4.860249e+03 ,  2.915591e+03 ,  1.888539e+03 ,  1.446278e+03 ,  2.055459e+03 ,  4.903222e+03 ,  2.216307e+03 ,  1.654872e+02 ,  6.740227e+02 ,  3.286463e+03 ,  4.659634e+03 , -3.797803e+03 , -3.726842e+03 , -4.326212e+03 ,  2.247771e+03 , -2.057541e+03 ,  4.579244e+03 , -2.080576e+03 , -4.694992e+03 ,  4.101453e+03 , -4.733009e+03 ,  3.226952e+03 , -5.045342e+02 , -3.329382e+03 , -4.197121e+03 , -2.911306e+03 ,  2.361525e+03 , -2.767631e+03 ,]
angleInclination_array = [1.047198e+00 , 1.047198e+00 , 1.047198e+00 , 1.047198e+00 , 1.047198e+00 , 1.047198e+00 , 1.047198e+00 , 1.047198e+00 , 1.047198e+00 , 1.047198e+00 , 1.047198e+00 , 1.047198e+00 , 1.047198e+00 , 1.047198e+00 , 1.047198e+00 , 1.047198e+00 , 1.047198e+00 , 1.047198e+00 , 1.047198e+00 , 1.047198e+00 , 1.047198e+00 , 1.047198e+00 , 1.047198e+00 , 1.047198e+00 , 1.047198e+00 , 1.047198e+00 , 1.047198e+00 , 1.047198e+00 , 1.047198e+00 , 1.047198e+00 , 1.047198e+00 , 1.047198e+00 , 1.047198e+00 , 1.047198e+00 , 1.047198e+00 , 1.047198e+00 , 1.047198e+00 , 1.047198e+00 , 1.047198e+00 , 1.047198e+00 , 1.047198e+00 , 1.047198e+00 , 1.047198e+00 , 1.047198e+00 , 1.047198e+00 , 1.047198e+00 , 1.047198e+00 , 1.047198e+00 , 1.047198e+00 , 1.047198e+00 ,]
angleAzimuth_array = [4.886922e+00 , 4.886922e+00 , 4.886922e+00 , 4.886922e+00 , 4.886922e+00 , 4.886922e+00 , 4.886922e+00 , 4.886922e+00 , 4.886922e+00 , 4.886922e+00 , 4.886922e+00 , 4.886922e+00 , 4.886922e+00 , 4.886922e+00 , 4.886922e+00 , 4.886922e+00 , 4.886922e+00 , 4.886922e+00 , 4.886922e+00 , 4.886922e+00 , 4.886922e+00 , 4.886922e+00 , 4.886922e+00 , 4.886922e+00 , 4.886922e+00 , 4.886922e+00 , 4.886922e+00 , 4.886922e+00 , 4.886922e+00 , 4.886922e+00 , 4.886922e+00 , 4.886922e+00 , 4.886922e+00 , 4.886922e+00 , 4.886922e+00 , 4.886922e+00 , 4.886922e+00 , 4.886922e+00 , 4.886922e+00 , 4.886922e+00 , 4.886922e+00 , 4.886922e+00 , 4.886922e+00 , 4.886922e+00 , 4.886922e+00 , 4.886922e+00 , 4.886922e+00 , 4.886922e+00 , 4.886922e+00 , 4.886922e+00 ,]
