% ground truth for sim_inc50_az120.tif
% settings
number_of_spots = 50
pixel_size_nm = 51.200
image_size_nm = 14142.136
image_size_px = 275
wavelength = 500
par.objectiveNA = 2.17
objectiveFocalLength = 770
par.refractiveIndices = [1.310000e+00 , 2.170000e+00 , 2.170000e+00 ,]
par.nDiscretizationBFP = 129
par.backgroundNoise = 0.020
par.nPhotons = 500
positionX_nm_array = [-4.923833e+03 ,  3.237801e+03 ,  4.765684e+03 , -6.476932e+02 ,  3.055476e+03 ,  1.074773e+03 , -4.157023e+02 ,  3.264466e+03 ,  1.466995e+03 ,  4.940560e+03 , -4.473100e+02 ,  2.734992e+03 ,  1.031396e+03 , -3.974440e+03 , -8.416495e+02 , -4.161049e+03 ,  1.430355e+02 ,  1.345126e+03 , -1.647120e+03 , -4.043423e+03 ,  3.283518e+03 , -1.100942e+03 ,  4.498455e+03 , -3.847844e+03 , -1.995597e+03 , -2.904246e+03 , -3.101819e+03 ,  5.556065e+02 , -2.043215e+03 ,  2.631322e+03 ,  4.903420e+03 , -1.271108e+02 ,  7.408097e+02 ,  1.535733e+03 ,  3.884144e+03 ,  2.234110e+03 , -4.483695e+03 , -4.308060e+03 ,  1.129491e+03 ,  3.856836e+03 ,  1.565520e+03 , -3.247851e+03 ,  4.199374e+03 ,  3.930649e+03 , -4.533736e+03 , -2.512590e+03 ,  4.945869e+03 , -4.561074e+01 , -2.244925e+03 , -2.434086e+03 ,]
positionY_nm_array = [2.209809e+03 ,  2.678670e+02 , -9.917735e+02 , -7.800180e+02 , -4.353437e+03 ,  7.930011e+02 , -2.952176e+03 ,  4.429559e+03 ,  4.656753e+03 , -1.989249e+03 ,  1.822090e+03 , -9.999124e+02 ,  3.504581e+03 , -7.449407e+02 ,  2.784705e+03 ,  4.194436e+03 , -4.418215e+03 , -3.170778e+03 ,  4.065832e+03 , -3.144467e+03 ,  3.364089e+03 ,  8.504170e+02 , -4.797272e+03 ,  2.331165e+03 , -4.378413e+03 ,  2.931910e+03 ,  2.572653e+02 , -1.385983e+03 , -1.416659e+03 , -2.333167e+03 ,  1.852858e+03 ,  4.102445e+03 ,  2.186412e+03 , -4.714992e+02 , -2.080350e+03 ,  1.853172e+03 , -2.086746e+03 , -4.250519e+03 , -4.620806e+03 ,  1.292950e+03 , -1.620136e+03 , -1.738752e+03 ,  2.595551e+03 , -3.469603e+03 ,  3.563152e+02 ,  1.440475e+03 , -3.686528e+03 ,  4.314864e+02 , -3.147714e+02 ,  4.730702e+03 ,]
angleInclination_array = [8.726646e-01 , 8.726646e-01 , 8.726646e-01 , 8.726646e-01 , 8.726646e-01 , 8.726646e-01 , 8.726646e-01 , 8.726646e-01 , 8.726646e-01 , 8.726646e-01 , 8.726646e-01 , 8.726646e-01 , 8.726646e-01 , 8.726646e-01 , 8.726646e-01 , 8.726646e-01 , 8.726646e-01 , 8.726646e-01 , 8.726646e-01 , 8.726646e-01 , 8.726646e-01 , 8.726646e-01 , 8.726646e-01 , 8.726646e-01 , 8.726646e-01 , 8.726646e-01 , 8.726646e-01 , 8.726646e-01 , 8.726646e-01 , 8.726646e-01 , 8.726646e-01 , 8.726646e-01 , 8.726646e-01 , 8.726646e-01 , 8.726646e-01 , 8.726646e-01 , 8.726646e-01 , 8.726646e-01 , 8.726646e-01 , 8.726646e-01 , 8.726646e-01 , 8.726646e-01 , 8.726646e-01 , 8.726646e-01 , 8.726646e-01 , 8.726646e-01 , 8.726646e-01 , 8.726646e-01 , 8.726646e-01 , 8.726646e-01 ,]
angleAzimuth_array = [2.094395e+00 , 2.094395e+00 , 2.094395e+00 , 2.094395e+00 , 2.094395e+00 , 2.094395e+00 , 2.094395e+00 , 2.094395e+00 , 2.094395e+00 , 2.094395e+00 , 2.094395e+00 , 2.094395e+00 , 2.094395e+00 , 2.094395e+00 , 2.094395e+00 , 2.094395e+00 , 2.094395e+00 , 2.094395e+00 , 2.094395e+00 , 2.094395e+00 , 2.094395e+00 , 2.094395e+00 , 2.094395e+00 , 2.094395e+00 , 2.094395e+00 , 2.094395e+00 , 2.094395e+00 , 2.094395e+00 , 2.094395e+00 , 2.094395e+00 , 2.094395e+00 , 2.094395e+00 , 2.094395e+00 , 2.094395e+00 , 2.094395e+00 , 2.094395e+00 , 2.094395e+00 , 2.094395e+00 , 2.094395e+00 , 2.094395e+00 , 2.094395e+00 , 2.094395e+00 , 2.094395e+00 , 2.094395e+00 , 2.094395e+00 , 2.094395e+00 , 2.094395e+00 , 2.094395e+00 , 2.094395e+00 , 2.094395e+00 ,]
