% ground truth for sim_inc180_az120.tif
% settings
number_of_spots = 50
pixel_size_nm = 51.200
image_size_nm = 14142.136
image_size_px = 275
wavelength = 500
par.objectiveNA = 2.17
objectiveFocalLength = 770
par.refractiveIndices = [1.310000e+00 , 2.170000e+00 , 2.170000e+00 ,]
par.nDiscretizationBFP = 129
par.backgroundNoise = 0.020
par.nPhotons = 500
positionX_nm_array = [-2.186254e+03 , -1.847628e+03 ,  3.252688e+03 ,  5.749666e+02 , -4.480372e+03 ,  1.519446e+03 ,  2.322371e+03 ,  3.373441e+03 ,  2.696040e+03 ,  1.255139e+03 , -2.630968e+03 ,  4.256111e+03 ,  3.884927e+03 , -4.536299e+03 ,  2.028594e+03 , -3.536649e+03 , -1.175999e+03 ,  3.347280e+03 ,  4.211705e+03 , -2.285393e+03 ,  2.420753e+03 , -4.379942e+02 ,  2.976514e+03 , -4.595133e+03 , -4.589943e+03 ,  4.805864e+03 , -2.883670e+03 , -4.308278e+03 ,  2.869332e+02 ,  9.189917e+02 ,  2.498393e+03 , -7.323201e+01 , -3.041349e+03 , -4.608361e+03 ,  5.047091e+02 ,  4.731939e+03 , -4.457489e+02 ,  4.893448e+03 ,  8.533150e+02 , -2.095492e+03 , -5.307170e+02 , -1.882362e+03 , -4.234814e+03 ,  4.135741e+03 ,  2.093216e+03 , -2.976037e+03 , -4.989717e+00 , -5.017877e+02 ,  4.789542e+03 , -2.964718e+03 ,]
positionY_nm_array = [-7.882316e+01 , -2.011267e+03 , -1.278768e+03 , -9.593395e+02 , -1.172797e+03 , -4.539298e+03 ,  3.506726e+02 ,  3.567925e+03 ,  4.577225e+03 ,  4.630511e+03 ,  4.041684e+03 ,  2.957748e+03 , -2.628471e+03 ,  3.552655e+03 , -1.232398e+03 ,  1.818451e+03 ,  3.123298e+03 ,  1.128696e+03 ,  6.171362e+02 ,  2.557355e+03 ,  2.603768e+03 , -2.230870e+03 , -3.276866e+03 ,  2.094086e+03 , -3.185040e+03 ,  1.936482e+03 , -3.040164e+03 ,  1.772006e+01 ,  2.253982e+03 , -2.009452e+03 , -4.208537e+03 ,  3.200520e+03 , -1.416337e+03 , -4.597175e+03 ,  4.135959e+02 , -2.049266e+03 , -3.267781e+03 ,  4.437917e+03 ,  1.375383e+03 , -3.793657e+03 , -4.523417e+03 ,  1.504026e+03 ,  4.557356e+03 , -4.386546e+03 , -2.374156e+03 , -4.579980e+03 ,  4.430480e+03 , -1.219021e+03 , -3.160997e+02 ,  9.947886e+02 ,]
angleInclination_array = [3.141593e+00 , 3.141593e+00 , 3.141593e+00 , 3.141593e+00 , 3.141593e+00 , 3.141593e+00 , 3.141593e+00 , 3.141593e+00 , 3.141593e+00 , 3.141593e+00 , 3.141593e+00 , 3.141593e+00 , 3.141593e+00 , 3.141593e+00 , 3.141593e+00 , 3.141593e+00 , 3.141593e+00 , 3.141593e+00 , 3.141593e+00 , 3.141593e+00 , 3.141593e+00 , 3.141593e+00 , 3.141593e+00 , 3.141593e+00 , 3.141593e+00 , 3.141593e+00 , 3.141593e+00 , 3.141593e+00 , 3.141593e+00 , 3.141593e+00 , 3.141593e+00 , 3.141593e+00 , 3.141593e+00 , 3.141593e+00 , 3.141593e+00 , 3.141593e+00 , 3.141593e+00 , 3.141593e+00 , 3.141593e+00 , 3.141593e+00 , 3.141593e+00 , 3.141593e+00 , 3.141593e+00 , 3.141593e+00 , 3.141593e+00 , 3.141593e+00 , 3.141593e+00 , 3.141593e+00 , 3.141593e+00 , 3.141593e+00 ,]
angleAzimuth_array = [2.094395e+00 , 2.094395e+00 , 2.094395e+00 , 2.094395e+00 , 2.094395e+00 , 2.094395e+00 , 2.094395e+00 , 2.094395e+00 , 2.094395e+00 , 2.094395e+00 , 2.094395e+00 , 2.094395e+00 , 2.094395e+00 , 2.094395e+00 , 2.094395e+00 , 2.094395e+00 , 2.094395e+00 , 2.094395e+00 , 2.094395e+00 , 2.094395e+00 , 2.094395e+00 , 2.094395e+00 , 2.094395e+00 , 2.094395e+00 , 2.094395e+00 , 2.094395e+00 , 2.094395e+00 , 2.094395e+00 , 2.094395e+00 , 2.094395e+00 , 2.094395e+00 , 2.094395e+00 , 2.094395e+00 , 2.094395e+00 , 2.094395e+00 , 2.094395e+00 , 2.094395e+00 , 2.094395e+00 , 2.094395e+00 , 2.094395e+00 , 2.094395e+00 , 2.094395e+00 , 2.094395e+00 , 2.094395e+00 , 2.094395e+00 , 2.094395e+00 , 2.094395e+00 , 2.094395e+00 , 2.094395e+00 , 2.094395e+00 ,]
