% ground truth for sim_inc150_az0.tif
% settings
number_of_spots = 50
pixel_size_nm = 51.200
image_size_nm = 14142.136
image_size_px = 275
wavelength = 500
par.objectiveNA = 2.17
objectiveFocalLength = 770
par.refractiveIndices = [1.310000e+00 , 2.170000e+00 , 2.170000e+00 ,]
par.nDiscretizationBFP = 129
par.backgroundNoise = 0.020
par.nPhotons = 500
positionX_nm_array = [2.298745e+03 , -7.603369e+02 , -1.814463e+02 ,  1.182364e+03 , -4.250793e+03 , -6.411336e+02 ,  3.040728e+03 ,  1.930060e+03 ,  3.601337e+03 ,  4.123689e+03 , -3.718474e+03 ,  1.147438e+03 , -1.707039e+03 ,  3.184201e+03 ,  4.809149e+03 , -4.784325e+03 , -3.594297e+03 , -2.027308e+03 ,  3.611955e+03 , -4.803743e+03 , -4.554375e+03 ,  3.010664e+02 ,  1.151736e+03 ,  3.172733e+03 ,  4.685464e+03 ,  5.656580e+00 ,  6.364727e+02 , -1.329441e+03 , -3.186907e+03 ,  1.891874e+03 ,  9.441739e+00 , -1.481569e+03 ,  1.679258e+02 ,  2.677629e+03 , -3.515612e+03 ,  3.568954e+02 ,  3.807739e+03 , -1.604466e+03 ,  4.890997e+03 , -3.472553e+03 ,  1.963064e+03 , -2.284781e+03 , -2.617114e+03 , -3.567077e+03 ,  2.069381e+03 , -3.730753e+03 ,  4.939546e+03 , -4.466701e+02 ,  3.341982e+03 , -2.683426e+03 ,]
positionY_nm_array = [-4.222169e+03 ,  7.438744e+02 ,  2.660972e+03 , -2.166413e+03 ,  1.793449e+03 , -1.956145e+03 ,  3.814130e+03 ,  2.189577e+02 , -4.853981e+03 ,  3.975220e+03 , -5.007075e+02 ,  1.457993e+03 ,  3.967390e+03 ,  2.286635e+03 , -1.414793e+03 ,  4.561632e+03 , -2.824685e+03 ,  2.301658e+03 , -4.530263e+02 , -2.069130e+03 , -4.362591e+03 ,  4.716669e+03 , -3.385409e+03 , -3.217769e+03 , -4.650810e+03 ,  1.399937e+03 ,  3.356667e+03 , -7.990137e+01 , -4.589185e+03 ,  3.372964e+03 , -7.690391e+02 , -2.665875e+03 , -3.907700e+03 , -1.898348e+03 ,  2.759903e+03 ,  4.225263e+02 , -2.302518e+03 , -4.610236e+03 , -2.871009e+03 ,  4.391360e+03 , -1.059276e+03 , -1.084320e+03 ,  1.381724e+03 , -1.632451e+03 , -2.817907e+03 ,  6.543846e+02 ,  3.014900e+03 ,  3.727508e+03 ,  5.806637e+02 ,  1.188679e+01 ,]
angleInclination_array = [2.617994e+00 , 2.617994e+00 , 2.617994e+00 , 2.617994e+00 , 2.617994e+00 , 2.617994e+00 , 2.617994e+00 , 2.617994e+00 , 2.617994e+00 , 2.617994e+00 , 2.617994e+00 , 2.617994e+00 , 2.617994e+00 , 2.617994e+00 , 2.617994e+00 , 2.617994e+00 , 2.617994e+00 , 2.617994e+00 , 2.617994e+00 , 2.617994e+00 , 2.617994e+00 , 2.617994e+00 , 2.617994e+00 , 2.617994e+00 , 2.617994e+00 , 2.617994e+00 , 2.617994e+00 , 2.617994e+00 , 2.617994e+00 , 2.617994e+00 , 2.617994e+00 , 2.617994e+00 , 2.617994e+00 , 2.617994e+00 , 2.617994e+00 , 2.617994e+00 , 2.617994e+00 , 2.617994e+00 , 2.617994e+00 , 2.617994e+00 , 2.617994e+00 , 2.617994e+00 , 2.617994e+00 , 2.617994e+00 , 2.617994e+00 , 2.617994e+00 , 2.617994e+00 , 2.617994e+00 , 2.617994e+00 , 2.617994e+00 ,]
angleAzimuth_array = [0 , 0 , 0 , 0 , 0 , 0 , 0 , 0 , 0 , 0 , 0 , 0 , 0 , 0 , 0 , 0 , 0 , 0 , 0 , 0 , 0 , 0 , 0 , 0 , 0 , 0 , 0 , 0 , 0 , 0 , 0 , 0 , 0 , 0 , 0 , 0 , 0 , 0 , 0 , 0 , 0 , 0 , 0 , 0 , 0 , 0 , 0 , 0 , 0 , 0 ,]
