% ground truth for sim_inc120_az140.tif
% settings
number_of_spots = 50
pixel_size_nm = 51.200
image_size_nm = 14142.136
image_size_px = 275
wavelength = 500
par.objectiveNA = 2.17
objectiveFocalLength = 770
par.refractiveIndices = [1.310000e+00 , 2.170000e+00 , 2.170000e+00 ,]
par.nDiscretizationBFP = 129
par.backgroundNoise = 0.020
par.nPhotons = 500
positionX_nm_array = [-2.819015e+03 , -4.512633e+03 , -2.453465e+03 , -4.790573e+03 , -2.440894e+03 , -4.057883e+03 , -2.879467e+02 ,  4.236022e+02 ,  1.213357e+03 , -3.083571e+02 ,  2.196808e+03 ,  3.466935e+03 ,  2.992605e+03 , -1.688526e+03 ,  2.621653e+03 , -1.641162e+03 , -1.032824e+03 ,  2.275017e+03 , -4.446282e+03 , -3.827224e+03 , -4.755320e+03 ,  3.575488e+03 ,  4.410979e+03 ,  4.453325e+03 ,  2.342920e+03 ,  1.250045e+03 ,  9.521025e+02 ,  3.352168e+03 ,  8.946797e+02 ,  3.853713e+03 , -1.297128e+03 ,  3.655522e+03 ,  2.974912e+03 ,  1.682777e+03 ,  3.086870e+02 , -1.073437e+03 ,  4.171671e+03 , -7.318218e+02 , -1.019902e+03 , -3.248586e+03 , -4.933479e+03 , -3.597488e+03 , -2.614328e+03 ,  4.737804e+03 ,  4.208848e+02 , -4.813488e+03 ,  2.217017e+03 , -2.070953e+03 ,  4.562797e+03 , -3.675961e+03 ,]
positionY_nm_array = [-3.066973e+03 , -1.417631e+03 ,  2.856104e+03 ,  3.125786e+03 , -4.852858e+03 ,  1.841167e+03 , -3.887208e+02 , -2.159529e+03 , -3.961864e+03 ,  1.031517e+03 , -1.779725e+03 , -2.968412e+03 , -3.988109e+03 , -3.084563e+03 ,  1.417548e+03 , -1.483636e+02 ,  3.718340e+03 ,  4.388508e+03 ,  5.339490e+02 ,  4.631442e+03 , -4.812147e+03 ,  4.879850e+03 ,  3.810858e+03 , -4.009810e+03 ,  2.112319e+02 ,  4.323654e+03 ,  1.664555e+03 ,  3.567575e+03 ,  1.810652e+02 ,  2.935099e+02 ,  1.403512e+03 ,  2.064366e+03 , -5.701352e+02 ,  2.466082e+03 , -3.437923e+03 , -1.610250e+03 , -1.840580e+03 , -2.685546e+03 ,  4.769846e+03 , -2.051891e+02 , -2.860945e+03 ,  3.410608e+03 ,  4.526735e+03 ,  2.320976e+03 ,  3.105729e+03 ,  4.217360e+03 ,  3.359869e+03 , -1.697004e+03 , -5.516045e+02 , -3.653851e+03 ,]
angleInclination_array = [2.094395e+00 , 2.094395e+00 , 2.094395e+00 , 2.094395e+00 , 2.094395e+00 , 2.094395e+00 , 2.094395e+00 , 2.094395e+00 , 2.094395e+00 , 2.094395e+00 , 2.094395e+00 , 2.094395e+00 , 2.094395e+00 , 2.094395e+00 , 2.094395e+00 , 2.094395e+00 , 2.094395e+00 , 2.094395e+00 , 2.094395e+00 , 2.094395e+00 , 2.094395e+00 , 2.094395e+00 , 2.094395e+00 , 2.094395e+00 , 2.094395e+00 , 2.094395e+00 , 2.094395e+00 , 2.094395e+00 , 2.094395e+00 , 2.094395e+00 , 2.094395e+00 , 2.094395e+00 , 2.094395e+00 , 2.094395e+00 , 2.094395e+00 , 2.094395e+00 , 2.094395e+00 , 2.094395e+00 , 2.094395e+00 , 2.094395e+00 , 2.094395e+00 , 2.094395e+00 , 2.094395e+00 , 2.094395e+00 , 2.094395e+00 , 2.094395e+00 , 2.094395e+00 , 2.094395e+00 , 2.094395e+00 , 2.094395e+00 ,]
angleAzimuth_array = [2.443461e+00 , 2.443461e+00 , 2.443461e+00 , 2.443461e+00 , 2.443461e+00 , 2.443461e+00 , 2.443461e+00 , 2.443461e+00 , 2.443461e+00 , 2.443461e+00 , 2.443461e+00 , 2.443461e+00 , 2.443461e+00 , 2.443461e+00 , 2.443461e+00 , 2.443461e+00 , 2.443461e+00 , 2.443461e+00 , 2.443461e+00 , 2.443461e+00 , 2.443461e+00 , 2.443461e+00 , 2.443461e+00 , 2.443461e+00 , 2.443461e+00 , 2.443461e+00 , 2.443461e+00 , 2.443461e+00 , 2.443461e+00 , 2.443461e+00 , 2.443461e+00 , 2.443461e+00 , 2.443461e+00 , 2.443461e+00 , 2.443461e+00 , 2.443461e+00 , 2.443461e+00 , 2.443461e+00 , 2.443461e+00 , 2.443461e+00 , 2.443461e+00 , 2.443461e+00 , 2.443461e+00 , 2.443461e+00 , 2.443461e+00 , 2.443461e+00 , 2.443461e+00 , 2.443461e+00 , 2.443461e+00 , 2.443461e+00 ,]
