% ground truth for sim_inc120_az160.tif
% settings
number_of_spots = 50
pixel_size_nm = 51.200
image_size_nm = 14142.136
image_size_px = 275
wavelength = 500
par.objectiveNA = 2.17
objectiveFocalLength = 770
par.refractiveIndices = [1.310000e+00 , 2.170000e+00 , 2.170000e+00 ,]
par.nDiscretizationBFP = 129
par.backgroundNoise = 0.020
par.nPhotons = 500
positionX_nm_array = [4.916487e+03 , -8.493076e+02 , -3.327413e+03 ,  3.379408e+02 , -1.833667e+03 ,  3.711011e+03 , -4.490734e+03 ,  2.738988e+03 , -2.698054e+03 , -4.922506e+03 ,  7.997640e+01 ,  4.073288e+03 ,  4.899767e+03 ,  4.360147e+03 ,  1.558692e+03 ,  2.432297e+03 ,  2.904449e+03 , -2.874235e+03 ,  8.852585e+02 , -3.466453e+03 , -3.087446e+03 , -1.738124e+03 , -4.228482e+03 , -1.588638e+02 , -1.792077e+03 ,  1.980880e+02 ,  4.540323e+03 ,  2.099202e+03 ,  1.890173e+03 ,  1.396672e+03 , -1.076726e+03 ,  2.712212e+03 ,  9.245887e+02 , -3.853053e+03 ,  3.733699e+03 ,  4.709061e+03 ,  1.447331e+03 , -2.858870e+03 , -4.842487e+03 , -1.948859e+03 , -4.049844e+02 , -1.519120e+03 , -4.722834e+03 , -3.691991e+03 ,  3.383199e+03 , -1.031852e+03 , -4.723637e+03 ,  1.498381e+03 , -2.230518e+03 , -5.187243e+02 ,]
positionY_nm_array = [-2.508858e+03 , -4.414953e+03 , -2.268295e+03 ,  3.063069e+03 , -2.133913e+03 ,  1.443735e+03 ,  2.092424e+03 ,  2.474290e+03 ,  2.481934e+03 , -1.388856e+03 ,  4.659675e+03 , -1.399381e+03 , -2.713220e+01 ,  3.235369e+03 , -1.901961e+03 , -2.389830e+03 , -7.891305e+02 ,  4.322026e+03 ,  1.789372e+03 , -4.952330e+02 ,  1.197879e+03 , -6.945681e+02 , -4.105283e+03 , -2.681848e+03 ,  4.684102e+03 ,  1.624277e+02 , -4.351967e+03 ,  1.194170e+03 ,  4.815282e+03 , -7.963329e+02 ,  3.346122e+03 , -4.448400e+03 , -2.970551e+03 ,  4.538279e+03 ,  4.603153e+03 ,  1.771632e+03 , -4.892813e+03 , -4.524696e+03 , -2.648069e+03 , -3.509557e+03 , -1.543115e+03 ,  2.353763e+03 , -1.679577e+02 ,  2.969511e+03 , -3.403690e+03 ,  4.091753e+02 ,  3.463082e+03 ,  3.306108e+03 ,  5.656223e+02 ,  2.086980e+03 ,]
angleInclination_array = [2.094395e+00 , 2.094395e+00 , 2.094395e+00 , 2.094395e+00 , 2.094395e+00 , 2.094395e+00 , 2.094395e+00 , 2.094395e+00 , 2.094395e+00 , 2.094395e+00 , 2.094395e+00 , 2.094395e+00 , 2.094395e+00 , 2.094395e+00 , 2.094395e+00 , 2.094395e+00 , 2.094395e+00 , 2.094395e+00 , 2.094395e+00 , 2.094395e+00 , 2.094395e+00 , 2.094395e+00 , 2.094395e+00 , 2.094395e+00 , 2.094395e+00 , 2.094395e+00 , 2.094395e+00 , 2.094395e+00 , 2.094395e+00 , 2.094395e+00 , 2.094395e+00 , 2.094395e+00 , 2.094395e+00 , 2.094395e+00 , 2.094395e+00 , 2.094395e+00 , 2.094395e+00 , 2.094395e+00 , 2.094395e+00 , 2.094395e+00 , 2.094395e+00 , 2.094395e+00 , 2.094395e+00 , 2.094395e+00 , 2.094395e+00 , 2.094395e+00 , 2.094395e+00 , 2.094395e+00 , 2.094395e+00 , 2.094395e+00 ,]
angleAzimuth_array = [2.792527e+00 , 2.792527e+00 , 2.792527e+00 , 2.792527e+00 , 2.792527e+00 , 2.792527e+00 , 2.792527e+00 , 2.792527e+00 , 2.792527e+00 , 2.792527e+00 , 2.792527e+00 , 2.792527e+00 , 2.792527e+00 , 2.792527e+00 , 2.792527e+00 , 2.792527e+00 , 2.792527e+00 , 2.792527e+00 , 2.792527e+00 , 2.792527e+00 , 2.792527e+00 , 2.792527e+00 , 2.792527e+00 , 2.792527e+00 , 2.792527e+00 , 2.792527e+00 , 2.792527e+00 , 2.792527e+00 , 2.792527e+00 , 2.792527e+00 , 2.792527e+00 , 2.792527e+00 , 2.792527e+00 , 2.792527e+00 , 2.792527e+00 , 2.792527e+00 , 2.792527e+00 , 2.792527e+00 , 2.792527e+00 , 2.792527e+00 , 2.792527e+00 , 2.792527e+00 , 2.792527e+00 , 2.792527e+00 , 2.792527e+00 , 2.792527e+00 , 2.792527e+00 , 2.792527e+00 , 2.792527e+00 , 2.792527e+00 ,]
