% ground truth for sim_inc50_az200.tif
% settings
number_of_spots = 50
pixel_size_nm = 51.200
image_size_nm = 14142.136
image_size_px = 275
wavelength = 500
par.objectiveNA = 2.17
objectiveFocalLength = 770
par.refractiveIndices = [1.310000e+00 , 2.170000e+00 , 2.170000e+00 ,]
par.nDiscretizationBFP = 129
par.backgroundNoise = 0.020
par.nPhotons = 500
positionX_nm_array = [-4.534798e+03 ,  3.313762e+02 , -1.230320e+03 , -3.576878e+03 ,  4.772656e+03 , -3.667552e+02 ,  4.478286e+03 , -4.773979e+03 ,  1.599244e+02 ,  4.456443e+03 ,  3.921849e+03 , -2.382964e+03 ,  9.488764e+02 , -1.554568e+03 ,  3.868461e+03 ,  2.808324e+03 , -1.326644e+02 , -4.209390e+03 ,  2.599318e+03 ,  1.962503e+03 ,  4.878577e+02 , -7.055146e+02 ,  2.015180e+03 ,  1.183085e+03 , -3.399326e+03 , -1.638001e+03 , -4.311316e+03 , -3.518232e+03 ,  3.208864e+03 , -3.108089e+03 ,  3.480395e+03 , -1.156319e+03 , -1.353585e+03 , -2.992274e+03 ,  4.152556e+03 ,  1.438903e+03 , -1.464322e+03 ,  2.373774e+03 ,  1.563235e+03 ,  7.757838e+02 ,  1.520656e+03 ,  2.977429e+03 ,  5.279230e+01 , -2.774933e+03 , -3.475177e+03 , -5.290507e+02 , -4.624366e+02 , -1.898423e+03 ,  3.680536e+03 , -2.784615e+03 ,]
positionY_nm_array = [-2.736920e+03 ,  4.347072e+03 ,  4.684846e+03 ,  2.807613e+03 ,  2.495346e+03 ,  4.215271e+02 ,  2.100630e+02 ,  3.148016e+03 , -3.337258e+03 ,  4.753084e+03 , -2.442112e+03 , -3.780451e+03 ,  2.372630e+03 ,  1.973110e+03 ,  1.132752e+03 , -1.507689e+03 ,  2.740444e+03 ,  9.956920e+02 , -2.523713e+03 , -4.761768e+03 ,  1.138306e+03 , -2.729338e+03 ,  2.028114e+03 , -3.037123e+03 , -9.786147e+01 ,  3.242435e+03 , -6.829967e+02 , -4.080833e+03 , -3.529099e+03 ,  4.195416e+03 ,  4.349149e+03 , -4.708136e+03 , -3.574314e+03 , -2.866697e+03 , -4.327975e+03 ,  3.914791e+03 ,  1.582844e+01 , -8.124210e+01 , -1.008234e+03 , -4.923332e+03 ,  8.048759e+02 ,  2.454551e+03 , -1.790949e+03 , -4.834728e+03 , -1.518499e+03 ,  1.749920e+03 , -6.006835e+02 , -2.248306e+03 , -9.835150e+02 ,  1.920114e+03 ,]
angleInclination_array = [8.726646e-01 , 8.726646e-01 , 8.726646e-01 , 8.726646e-01 , 8.726646e-01 , 8.726646e-01 , 8.726646e-01 , 8.726646e-01 , 8.726646e-01 , 8.726646e-01 , 8.726646e-01 , 8.726646e-01 , 8.726646e-01 , 8.726646e-01 , 8.726646e-01 , 8.726646e-01 , 8.726646e-01 , 8.726646e-01 , 8.726646e-01 , 8.726646e-01 , 8.726646e-01 , 8.726646e-01 , 8.726646e-01 , 8.726646e-01 , 8.726646e-01 , 8.726646e-01 , 8.726646e-01 , 8.726646e-01 , 8.726646e-01 , 8.726646e-01 , 8.726646e-01 , 8.726646e-01 , 8.726646e-01 , 8.726646e-01 , 8.726646e-01 , 8.726646e-01 , 8.726646e-01 , 8.726646e-01 , 8.726646e-01 , 8.726646e-01 , 8.726646e-01 , 8.726646e-01 , 8.726646e-01 , 8.726646e-01 , 8.726646e-01 , 8.726646e-01 , 8.726646e-01 , 8.726646e-01 , 8.726646e-01 , 8.726646e-01 ,]
angleAzimuth_array = [3.490659e+00 , 3.490659e+00 , 3.490659e+00 , 3.490659e+00 , 3.490659e+00 , 3.490659e+00 , 3.490659e+00 , 3.490659e+00 , 3.490659e+00 , 3.490659e+00 , 3.490659e+00 , 3.490659e+00 , 3.490659e+00 , 3.490659e+00 , 3.490659e+00 , 3.490659e+00 , 3.490659e+00 , 3.490659e+00 , 3.490659e+00 , 3.490659e+00 , 3.490659e+00 , 3.490659e+00 , 3.490659e+00 , 3.490659e+00 , 3.490659e+00 , 3.490659e+00 , 3.490659e+00 , 3.490659e+00 , 3.490659e+00 , 3.490659e+00 , 3.490659e+00 , 3.490659e+00 , 3.490659e+00 , 3.490659e+00 , 3.490659e+00 , 3.490659e+00 , 3.490659e+00 , 3.490659e+00 , 3.490659e+00 , 3.490659e+00 , 3.490659e+00 , 3.490659e+00 , 3.490659e+00 , 3.490659e+00 , 3.490659e+00 , 3.490659e+00 , 3.490659e+00 , 3.490659e+00 , 3.490659e+00 , 3.490659e+00 ,]
