% ground truth for sim_inc170_az60.tif
% settings
number_of_spots = 50
pixel_size_nm = 51.200
image_size_nm = 14142.136
image_size_px = 275
wavelength = 500
par.objectiveNA = 2.17
objectiveFocalLength = 770
par.refractiveIndices = [1.310000e+00 , 2.170000e+00 , 2.170000e+00 ,]
par.nDiscretizationBFP = 129
par.backgroundNoise = 0.020
par.nPhotons = 500
positionX_nm_array = [3.487607e+03 ,  2.721970e+02 ,  3.978738e+03 ,  9.253069e+02 , -2.742491e+03 ,  4.610192e+03 ,  4.332029e+03 , -4.616278e+03 , -2.138544e+03 , -2.195765e+03 ,  1.650655e+03 , -3.986712e+03 , -7.152044e+02 , -2.439063e+03 , -4.704197e+02 ,  2.845715e+03 , -1.339977e+03 ,  2.921880e+03 , -3.304859e+03 , -8.987761e+02 ,  9.025486e+02 , -3.936529e+03 ,  4.310490e+03 ,  2.572213e+03 , -2.697393e+03 , -3.047929e+03 ,  4.641157e+02 , -1.527039e+03 , -4.116471e+03 , -4.963981e+02 ,  3.673898e+03 ,  4.409420e+03 ,  3.486930e+03 ,  1.076278e+03 , -3.961726e+03 ,  2.649159e+03 , -5.394332e+02 ,  2.558316e+03 ,  4.638561e+03 , -2.170955e+02 ,  7.851465e+02 , -1.659419e+03 , -1.523858e+03 ,  1.386358e+03 ,  3.876116e+03 , -4.895709e+03 ,  4.920163e+03 , -2.668964e+03 , -4.926602e+03 , -2.200773e+03 ,]
positionY_nm_array = [-3.391482e+03 , -1.583499e+03 , -9.623357e+02 ,  4.037652e+02 , -3.783415e+03 ,  1.299243e+03 ,  2.335700e+03 ,  2.271665e+03 ,  1.748081e+03 , -2.918488e+03 ,  1.607707e+03 ,  1.293877e+03 , -3.062013e+03 ,  3.270058e+03 , -4.430055e+03 , -2.247692e+03 ,  4.058269e+03 ,  4.695058e+03 , -2.331857e+03 ,  2.741087e+03 , -4.942697e+03 , -3.746214e+03 ,  3.364850e+02 ,  4.304862e+02 , -1.118893e+03 ,  8.293727e+02 ,  2.875359e+03 ,  8.844907e+02 , -2.208587e+02 , -6.992477e+02 ,  3.822228e+03 , -4.487606e+03 ,  1.388044e+03 , -7.790127e+02 ,  4.514816e+03 ,  2.934323e+03 ,  1.304581e+03 , -4.447324e+03 ,  4.101232e+03 ,  4.714397e+03 , -3.241061e+03 , -4.074074e+03 , -9.215621e+02 ,  4.278190e+03 , -2.446003e+03 , -3.335712e+03 , -3.539669e+03 ,  4.943248e+03 , -2.178181e+03 , -1.039800e+02 ,]
angleInclination_array = [2.967060e+00 , 2.967060e+00 , 2.967060e+00 , 2.967060e+00 , 2.967060e+00 , 2.967060e+00 , 2.967060e+00 , 2.967060e+00 , 2.967060e+00 , 2.967060e+00 , 2.967060e+00 , 2.967060e+00 , 2.967060e+00 , 2.967060e+00 , 2.967060e+00 , 2.967060e+00 , 2.967060e+00 , 2.967060e+00 , 2.967060e+00 , 2.967060e+00 , 2.967060e+00 , 2.967060e+00 , 2.967060e+00 , 2.967060e+00 , 2.967060e+00 , 2.967060e+00 , 2.967060e+00 , 2.967060e+00 , 2.967060e+00 , 2.967060e+00 , 2.967060e+00 , 2.967060e+00 , 2.967060e+00 , 2.967060e+00 , 2.967060e+00 , 2.967060e+00 , 2.967060e+00 , 2.967060e+00 , 2.967060e+00 , 2.967060e+00 , 2.967060e+00 , 2.967060e+00 , 2.967060e+00 , 2.967060e+00 , 2.967060e+00 , 2.967060e+00 , 2.967060e+00 , 2.967060e+00 , 2.967060e+00 , 2.967060e+00 ,]
angleAzimuth_array = [1.047198e+00 , 1.047198e+00 , 1.047198e+00 , 1.047198e+00 , 1.047198e+00 , 1.047198e+00 , 1.047198e+00 , 1.047198e+00 , 1.047198e+00 , 1.047198e+00 , 1.047198e+00 , 1.047198e+00 , 1.047198e+00 , 1.047198e+00 , 1.047198e+00 , 1.047198e+00 , 1.047198e+00 , 1.047198e+00 , 1.047198e+00 , 1.047198e+00 , 1.047198e+00 , 1.047198e+00 , 1.047198e+00 , 1.047198e+00 , 1.047198e+00 , 1.047198e+00 , 1.047198e+00 , 1.047198e+00 , 1.047198e+00 , 1.047198e+00 , 1.047198e+00 , 1.047198e+00 , 1.047198e+00 , 1.047198e+00 , 1.047198e+00 , 1.047198e+00 , 1.047198e+00 , 1.047198e+00 , 1.047198e+00 , 1.047198e+00 , 1.047198e+00 , 1.047198e+00 , 1.047198e+00 , 1.047198e+00 , 1.047198e+00 , 1.047198e+00 , 1.047198e+00 , 1.047198e+00 , 1.047198e+00 , 1.047198e+00 ,]
