% ground truth for sim_inc50_az80.tif
% settings
number_of_spots = 50
pixel_size_nm = 51.200
image_size_nm = 14142.136
image_size_px = 275
wavelength = 500
par.objectiveNA = 2.17
objectiveFocalLength = 770
par.refractiveIndices = [1.310000e+00 , 2.170000e+00 , 2.170000e+00 ,]
par.nDiscretizationBFP = 129
par.backgroundNoise = 0.020
par.nPhotons = 500
positionX_nm_array = [-2.185259e+03 , -3.964101e+03 ,  4.429984e+03 , -4.864725e+03 ,  4.320448e+03 , -4.570674e+03 ,  1.391564e+03 , -1.971798e+03 ,  2.476484e+03 , -3.809146e+03 ,  3.978934e+03 ,  9.443613e+02 ,  1.942954e+03 ,  3.121951e+03 , -3.743681e+03 ,  1.367686e+03 , -2.071243e+03 , -2.257282e+02 ,  3.112766e+02 , -1.959246e+03 ,  1.032013e+03 ,  2.702146e+03 , -4.591183e+03 ,  1.382559e+01 ,  3.502005e+03 ,  2.888940e+03 , -4.260830e+03 ,  4.439458e+03 , -4.121510e+03 ,  4.800974e+03 , -1.111095e+03 ,  1.457026e+03 , -1.998702e+02 ,  1.544849e+03 ,  3.648909e+03 , -2.758257e+03 , -1.930662e+02 , -2.516395e+03 , -3.229969e+03 ,  7.875844e+02 , -7.998386e+02 , -2.506657e+03 , -1.482753e+03 , -9.912612e+02 , -4.659328e+03 , -3.246676e+03 ,  2.720175e+03 , -3.056429e+03 , -2.669909e+02 , -4.935791e+03 ,]
positionY_nm_array = [-3.918582e+03 ,  3.178464e+03 ,  1.273937e+03 , -2.657658e+02 ,  3.416406e+03 ,  2.208104e+03 ,  5.750065e+01 , -1.423851e+03 , -5.692813e+02 ,  1.166066e+03 , -4.579108e+03 , -4.281569e+03 , -3.801223e+03 ,  4.802343e+03 ,  1.367285e+02 , -2.052475e+03 ,  2.998116e+02 , -1.693087e+03 , -2.794004e+03 ,  2.403944e+03 ,  3.304771e+03 ,  1.660822e+03 ,  4.840074e+03 ,  2.143722e+03 , -2.001035e+03 ,  3.209626e+03 , -1.244367e+03 , -1.336696e+03 , -3.407723e+03 , -3.548126e+03 , -3.201759e+03 ,  4.534760e+03 ,  5.393695e+02 ,  2.372051e+03 ,  2.786976e+02 ,  1.744887e+03 ,  4.699161e+03 ,  3.680960e+03 ,  4.654686e+03 ,  9.237988e+02 ,  2.906423e+03 , -2.482175e+03 ,  3.640235e+03 , -9.683635e+02 , -2.226092e+03 , -4.585199e+03 , -3.096471e+03 , -1.493505e+03 , -4.552634e+03 ,  3.493810e+03 ,]
angleInclination_array = [8.726646e-01 , 8.726646e-01 , 8.726646e-01 , 8.726646e-01 , 8.726646e-01 , 8.726646e-01 , 8.726646e-01 , 8.726646e-01 , 8.726646e-01 , 8.726646e-01 , 8.726646e-01 , 8.726646e-01 , 8.726646e-01 , 8.726646e-01 , 8.726646e-01 , 8.726646e-01 , 8.726646e-01 , 8.726646e-01 , 8.726646e-01 , 8.726646e-01 , 8.726646e-01 , 8.726646e-01 , 8.726646e-01 , 8.726646e-01 , 8.726646e-01 , 8.726646e-01 , 8.726646e-01 , 8.726646e-01 , 8.726646e-01 , 8.726646e-01 , 8.726646e-01 , 8.726646e-01 , 8.726646e-01 , 8.726646e-01 , 8.726646e-01 , 8.726646e-01 , 8.726646e-01 , 8.726646e-01 , 8.726646e-01 , 8.726646e-01 , 8.726646e-01 , 8.726646e-01 , 8.726646e-01 , 8.726646e-01 , 8.726646e-01 , 8.726646e-01 , 8.726646e-01 , 8.726646e-01 , 8.726646e-01 , 8.726646e-01 ,]
angleAzimuth_array = [1.396263e+00 , 1.396263e+00 , 1.396263e+00 , 1.396263e+00 , 1.396263e+00 , 1.396263e+00 , 1.396263e+00 , 1.396263e+00 , 1.396263e+00 , 1.396263e+00 , 1.396263e+00 , 1.396263e+00 , 1.396263e+00 , 1.396263e+00 , 1.396263e+00 , 1.396263e+00 , 1.396263e+00 , 1.396263e+00 , 1.396263e+00 , 1.396263e+00 , 1.396263e+00 , 1.396263e+00 , 1.396263e+00 , 1.396263e+00 , 1.396263e+00 , 1.396263e+00 , 1.396263e+00 , 1.396263e+00 , 1.396263e+00 , 1.396263e+00 , 1.396263e+00 , 1.396263e+00 , 1.396263e+00 , 1.396263e+00 , 1.396263e+00 , 1.396263e+00 , 1.396263e+00 , 1.396263e+00 , 1.396263e+00 , 1.396263e+00 , 1.396263e+00 , 1.396263e+00 , 1.396263e+00 , 1.396263e+00 , 1.396263e+00 , 1.396263e+00 , 1.396263e+00 , 1.396263e+00 , 1.396263e+00 , 1.396263e+00 ,]
