% ground truth for sim_inc110_az260.tif
% settings
number_of_spots = 50
pixel_size_nm = 51.200
image_size_nm = 14142.136
image_size_px = 275
wavelength = 500
par.objectiveNA = 2.17
objectiveFocalLength = 770
par.refractiveIndices = [1.310000e+00 , 2.170000e+00 , 2.170000e+00 ,]
par.nDiscretizationBFP = 129
par.backgroundNoise = 0.020
par.nPhotons = 500
positionX_nm_array = [4.516697e+03 , -1.444623e+03 , -2.079707e+03 , -1.079714e+03 ,  1.247363e+03 , -2.183418e+03 ,  9.985725e+02 ,  4.397550e+03 ,  3.956302e+03 ,  4.610334e+03 ,  2.733608e+03 ,  2.128833e+03 , -7.557880e+02 ,  4.576015e+03 , -6.333626e+01 , -3.348185e+03 , -2.927110e+03 , -4.056617e+03 , -2.783339e+03 ,  3.968470e+03 ,  3.615585e+03 ,  6.890327e+02 , -4.831776e+03 , -4.019841e+03 , -4.363016e+03 , -2.638504e+03 ,  2.096926e+03 , -1.545201e+03 , -2.565912e+01 ,  3.228065e+03 ,  3.567234e+03 ,  1.749061e+03 ,  1.238146e+03 , -3.497156e+03 , -5.954205e+02 , -2.585019e+03 ,  1.140456e+03 , -1.407096e+02 , -8.185105e+01 , -4.623390e+03 ,  2.117475e+03 , -4.237642e+02 ,  4.240428e+03 , -4.068365e+03 ,  2.510962e+03 , -4.217588e+03 , -2.651212e+03 ,  1.640197e+03 ,  3.002617e+03 , -4.907754e+03 ,]
positionY_nm_array = [-3.870220e+03 , -4.015515e+03 , -3.001516e+03 , -2.045464e+03 , -1.415477e+03 ,  1.374746e+03 , -4.930279e+03 , -6.219401e+02 ,  1.980555e+03 ,  4.105525e+03 , -4.318332e+03 , -2.414136e+03 ,  3.469784e+03 , -2.184996e+03 ,  2.603093e+02 , -3.269546e+03 ,  4.072348e+03 ,  1.818137e+03 , -1.034419e+03 ,  4.897877e+03 ,  3.691264e+03 ,  4.314362e+03 ,  1.089696e+03 ,  4.467374e+03 , -3.823839e+03 ,  2.449245e+03 ,  1.822837e+02 ,  4.866709e+03 , -2.790260e+03 , -2.917079e+03 ,  8.461177e+02 ,  3.912196e+03 , -3.872382e+02 , -4.361491e+03 ,  1.893546e+03 ,  1.675893e+02 ,  1.547358e+03 , -1.108133e+03 , -4.911833e+03 , -2.734762e+03 , -3.420000e+03 ,  4.849431e+03 , -4.871124e+03 , -6.637993e+02 ,  3.175327e+03 ,  3.055673e+03 , -2.074585e+03 ,  2.603899e+03 , -1.810527e+03 , -8.008216e+01 ,]
angleInclination_array = [1.919862e+00 , 1.919862e+00 , 1.919862e+00 , 1.919862e+00 , 1.919862e+00 , 1.919862e+00 , 1.919862e+00 , 1.919862e+00 , 1.919862e+00 , 1.919862e+00 , 1.919862e+00 , 1.919862e+00 , 1.919862e+00 , 1.919862e+00 , 1.919862e+00 , 1.919862e+00 , 1.919862e+00 , 1.919862e+00 , 1.919862e+00 , 1.919862e+00 , 1.919862e+00 , 1.919862e+00 , 1.919862e+00 , 1.919862e+00 , 1.919862e+00 , 1.919862e+00 , 1.919862e+00 , 1.919862e+00 , 1.919862e+00 , 1.919862e+00 , 1.919862e+00 , 1.919862e+00 , 1.919862e+00 , 1.919862e+00 , 1.919862e+00 , 1.919862e+00 , 1.919862e+00 , 1.919862e+00 , 1.919862e+00 , 1.919862e+00 , 1.919862e+00 , 1.919862e+00 , 1.919862e+00 , 1.919862e+00 , 1.919862e+00 , 1.919862e+00 , 1.919862e+00 , 1.919862e+00 , 1.919862e+00 , 1.919862e+00 ,]
angleAzimuth_array = [4.537856e+00 , 4.537856e+00 , 4.537856e+00 , 4.537856e+00 , 4.537856e+00 , 4.537856e+00 , 4.537856e+00 , 4.537856e+00 , 4.537856e+00 , 4.537856e+00 , 4.537856e+00 , 4.537856e+00 , 4.537856e+00 , 4.537856e+00 , 4.537856e+00 , 4.537856e+00 , 4.537856e+00 , 4.537856e+00 , 4.537856e+00 , 4.537856e+00 , 4.537856e+00 , 4.537856e+00 , 4.537856e+00 , 4.537856e+00 , 4.537856e+00 , 4.537856e+00 , 4.537856e+00 , 4.537856e+00 , 4.537856e+00 , 4.537856e+00 , 4.537856e+00 , 4.537856e+00 , 4.537856e+00 , 4.537856e+00 , 4.537856e+00 , 4.537856e+00 , 4.537856e+00 , 4.537856e+00 , 4.537856e+00 , 4.537856e+00 , 4.537856e+00 , 4.537856e+00 , 4.537856e+00 , 4.537856e+00 , 4.537856e+00 , 4.537856e+00 , 4.537856e+00 , 4.537856e+00 , 4.537856e+00 , 4.537856e+00 ,]
