% ground truth for sim_inc70_az320.tif
% settings
number_of_spots = 50
pixel_size_nm = 51.200
image_size_nm = 14142.136
image_size_px = 275
wavelength = 500
par.objectiveNA = 2.17
objectiveFocalLength = 770
par.refractiveIndices = [1.310000e+00 , 2.170000e+00 , 2.170000e+00 ,]
par.nDiscretizationBFP = 129
par.backgroundNoise = 0.020
par.nPhotons = 500
positionX_nm_array = [4.358742e+01 ,  6.219866e+02 ,  4.540629e+03 , -2.660297e+03 ,  3.506459e+03 , -9.973465e+02 , -8.175842e+02 ,  1.960675e+03 , -4.282960e+03 , -1.781353e+03 , -3.642217e+03 , -1.572604e+03 ,  2.685948e+03 ,  8.270966e+02 , -3.960819e+03 , -1.604997e+03 ,  2.271040e+03 , -2.864681e+03 ,  1.084141e+03 , -2.235511e+03 ,  4.713886e+03 ,  1.568487e+03 , -4.948590e+01 , -2.665166e+03 ,  2.633240e+03 ,  4.958636e+01 ,  3.942605e+03 , -3.826110e+03 ,  3.856562e+03 ,  9.124152e+02 , -4.891906e+03 ,  3.127587e+03 ,  3.053517e+03 , -4.591400e+03 ,  4.302725e+03 , -4.763341e+03 , -4.555502e+03 ,  2.803651e+03 ,  2.236539e+03 , -2.721122e+03 , -4.475902e+03 , -2.869318e+03 , -2.545361e+02 , -2.272215e+03 , -3.969579e+03 ,  4.385602e+03 , -1.271702e+03 , -4.341231e+02 , -4.794548e+02 ,  1.517831e+03 ,]
positionY_nm_array = [-7.925518e+02 ,  1.827246e+03 ,  1.545835e+02 ,  3.273004e+03 , -6.029253e+02 ,  2.037421e+03 ,  4.123827e+02 ,  8.034709e+02 , -2.644989e+03 , -4.920377e+03 , -4.937513e+03 ,  4.829180e+03 ,  4.817787e+03 ,  7.158198e+02 ,  2.358804e+03 , -1.714334e+03 , -2.486122e+02 ,  4.906475e+03 ,  4.051903e+03 ,  1.386578e+03 , -1.663150e+03 , -2.583043e+03 ,  2.643142e+03 , -6.064567e+02 , -1.991288e+03 , -2.930870e+03 , -4.142891e+03 ,  1.869984e+02 ,  1.721496e+03 , -4.276868e+03 ,  4.470995e+03 , -2.885612e+03 ,  3.581282e+03 ,  3.361615e+03 , -3.127994e+03 , -3.211449e+02 ,  1.427902e+03 ,  2.061714e+03 , -4.375528e+03 , -2.058670e+03 , -1.625983e+03 , -3.210570e+03 ,  3.826794e+03 ,  3.196465e+02 ,  4.892329e+03 ,  4.512572e+03 , -3.601335e+03 , -4.721196e+03 , -1.874519e+03 , -1.161067e+03 ,]
angleInclination_array = [1.221730e+00 , 1.221730e+00 , 1.221730e+00 , 1.221730e+00 , 1.221730e+00 , 1.221730e+00 , 1.221730e+00 , 1.221730e+00 , 1.221730e+00 , 1.221730e+00 , 1.221730e+00 , 1.221730e+00 , 1.221730e+00 , 1.221730e+00 , 1.221730e+00 , 1.221730e+00 , 1.221730e+00 , 1.221730e+00 , 1.221730e+00 , 1.221730e+00 , 1.221730e+00 , 1.221730e+00 , 1.221730e+00 , 1.221730e+00 , 1.221730e+00 , 1.221730e+00 , 1.221730e+00 , 1.221730e+00 , 1.221730e+00 , 1.221730e+00 , 1.221730e+00 , 1.221730e+00 , 1.221730e+00 , 1.221730e+00 , 1.221730e+00 , 1.221730e+00 , 1.221730e+00 , 1.221730e+00 , 1.221730e+00 , 1.221730e+00 , 1.221730e+00 , 1.221730e+00 , 1.221730e+00 , 1.221730e+00 , 1.221730e+00 , 1.221730e+00 , 1.221730e+00 , 1.221730e+00 , 1.221730e+00 , 1.221730e+00 ,]
angleAzimuth_array = [5.585054e+00 , 5.585054e+00 , 5.585054e+00 , 5.585054e+00 , 5.585054e+00 , 5.585054e+00 , 5.585054e+00 , 5.585054e+00 , 5.585054e+00 , 5.585054e+00 , 5.585054e+00 , 5.585054e+00 , 5.585054e+00 , 5.585054e+00 , 5.585054e+00 , 5.585054e+00 , 5.585054e+00 , 5.585054e+00 , 5.585054e+00 , 5.585054e+00 , 5.585054e+00 , 5.585054e+00 , 5.585054e+00 , 5.585054e+00 , 5.585054e+00 , 5.585054e+00 , 5.585054e+00 , 5.585054e+00 , 5.585054e+00 , 5.585054e+00 , 5.585054e+00 , 5.585054e+00 , 5.585054e+00 , 5.585054e+00 , 5.585054e+00 , 5.585054e+00 , 5.585054e+00 , 5.585054e+00 , 5.585054e+00 , 5.585054e+00 , 5.585054e+00 , 5.585054e+00 , 5.585054e+00 , 5.585054e+00 , 5.585054e+00 , 5.585054e+00 , 5.585054e+00 , 5.585054e+00 , 5.585054e+00 , 5.585054e+00 ,]
