% ground truth for sim_inc20_az340.tif
% settings
number_of_spots = 50
pixel_size_nm = 51.200
image_size_nm = 14142.136
image_size_px = 275
wavelength = 500
par.objectiveNA = 2.17
objectiveFocalLength = 770
par.refractiveIndices = [1.310000e+00 , 2.170000e+00 , 2.170000e+00 ,]
par.nDiscretizationBFP = 129
par.backgroundNoise = 0.020
par.nPhotons = 500
positionX_nm_array = [2.424164e+02 , -7.385924e+02 ,  2.947943e+03 ,  2.480146e+03 ,  4.139396e+03 , -1.917631e+03 ,  2.469494e+03 ,  1.104904e+02 , -3.910414e+03 ,  4.628409e+03 ,  2.952059e+02 ,  1.461459e+03 , -3.642416e+03 ,  3.100274e+03 , -3.867260e+03 , -4.532345e+03 , -2.498084e+03 , -2.658482e+02 ,  2.658931e+03 , -4.760177e+03 , -1.120957e+03 , -4.123131e+03 , -1.801353e+03 ,  1.816902e+02 , -2.842961e+03 ,  1.791493e+03 ,  4.375734e+03 ,  1.931233e+03 , -1.156750e+03 ,  3.303892e+03 , -2.695961e+03 ,  6.313534e+02 , -3.776576e+03 ,  3.488375e+03 ,  4.466449e+03 ,  3.540634e+03 ,  3.688670e+03 ,  2.705511e+03 ,  1.361497e+03 ,  4.755145e+03 , -2.713535e+03 , -2.916599e+03 , -2.242549e+03 ,  1.715801e+03 ,  1.251088e+03 , -1.924461e+03 , -1.746193e+03 , -2.819278e+03 , -4.346051e+03 , -4.192046e+03 ,]
positionY_nm_array = [2.871004e+03 ,  2.398216e+03 , -1.729597e+03 , -2.853200e+03 ,  3.001563e+03 ,  4.780265e+03 , -4.900440e+03 ,  1.412141e+03 , -4.372228e+03 , -1.708172e+03 , -3.467575e+03 ,  4.818661e+03 , -2.667792e+03 ,  2.270483e+03 ,  3.975223e+03 ,  4.760445e+03 , -1.731893e+03 , -1.966415e+03 , -6.085006e+02 ,  2.997190e+03 , -1.182999e+02 , -7.594995e+02 ,  7.436712e+02 , -4.585458e+03 , -4.395241e+03 ,  3.380636e+03 ,  4.470900e+03 , -1.921344e+03 , -2.935823e+03 , -3.483212e+03 ,  2.011076e+03 , -3.608339e+02 ,  2.101918e+03 ,  6.902729e+02 ,  2.725295e+02 , -4.778469e+03 , -1.029448e+03 ,  3.794702e+03 ,  1.280013e+03 , -3.781105e+03 , -7.060327e+02 ,  3.331590e+03 , -2.818167e+03 , -3.735873e+03 ,  2.510523e+03 ,  3.710419e+03 , -4.291198e+03 ,  5.928830e+02 ,  1.232397e+03 ,  2.406400e+02 ,]
angleInclination_array = [3.490659e-01 , 3.490659e-01 , 3.490659e-01 , 3.490659e-01 , 3.490659e-01 , 3.490659e-01 , 3.490659e-01 , 3.490659e-01 , 3.490659e-01 , 3.490659e-01 , 3.490659e-01 , 3.490659e-01 , 3.490659e-01 , 3.490659e-01 , 3.490659e-01 , 3.490659e-01 , 3.490659e-01 , 3.490659e-01 , 3.490659e-01 , 3.490659e-01 , 3.490659e-01 , 3.490659e-01 , 3.490659e-01 , 3.490659e-01 , 3.490659e-01 , 3.490659e-01 , 3.490659e-01 , 3.490659e-01 , 3.490659e-01 , 3.490659e-01 , 3.490659e-01 , 3.490659e-01 , 3.490659e-01 , 3.490659e-01 , 3.490659e-01 , 3.490659e-01 , 3.490659e-01 , 3.490659e-01 , 3.490659e-01 , 3.490659e-01 , 3.490659e-01 , 3.490659e-01 , 3.490659e-01 , 3.490659e-01 , 3.490659e-01 , 3.490659e-01 , 3.490659e-01 , 3.490659e-01 , 3.490659e-01 , 3.490659e-01 ,]
angleAzimuth_array = [5.934119e+00 , 5.934119e+00 , 5.934119e+00 , 5.934119e+00 , 5.934119e+00 , 5.934119e+00 , 5.934119e+00 , 5.934119e+00 , 5.934119e+00 , 5.934119e+00 , 5.934119e+00 , 5.934119e+00 , 5.934119e+00 , 5.934119e+00 , 5.934119e+00 , 5.934119e+00 , 5.934119e+00 , 5.934119e+00 , 5.934119e+00 , 5.934119e+00 , 5.934119e+00 , 5.934119e+00 , 5.934119e+00 , 5.934119e+00 , 5.934119e+00 , 5.934119e+00 , 5.934119e+00 , 5.934119e+00 , 5.934119e+00 , 5.934119e+00 , 5.934119e+00 , 5.934119e+00 , 5.934119e+00 , 5.934119e+00 , 5.934119e+00 , 5.934119e+00 , 5.934119e+00 , 5.934119e+00 , 5.934119e+00 , 5.934119e+00 , 5.934119e+00 , 5.934119e+00 , 5.934119e+00 , 5.934119e+00 , 5.934119e+00 , 5.934119e+00 , 5.934119e+00 , 5.934119e+00 , 5.934119e+00 , 5.934119e+00 ,]
