% ground truth for sim_inc60_az20.tif
% settings
number_of_spots = 50
pixel_size_nm = 51.200
image_size_nm = 14142.136
image_size_px = 275
wavelength = 500
par.objectiveNA = 2.17
objectiveFocalLength = 770
par.refractiveIndices = [1.310000e+00 , 2.170000e+00 , 2.170000e+00 ,]
par.nDiscretizationBFP = 129
par.backgroundNoise = 0.020
par.nPhotons = 500
positionX_nm_array = [3.538859e+03 ,  3.444044e+03 ,  2.065601e+03 ,  9.770376e+02 ,  7.426285e+02 ,  2.873979e+03 , -2.987547e+03 , -5.152506e+02 , -3.765414e+03 ,  3.416206e+03 ,  4.750719e+03 , -3.590170e+03 , -4.760521e+03 , -4.795089e+03 , -4.697820e+03 ,  1.742932e+03 , -2.783559e+03 , -1.115622e+03 ,  1.979012e+03 ,  4.024258e+03 , -2.645929e+03 ,  1.311676e+03 , -4.589340e+03 , -2.353385e+03 ,  4.336248e+03 , -4.889261e+02 , -3.812978e+02 ,  4.829778e+03 , -1.189065e+02 ,  2.154210e+03 ,  2.373744e+03 ,  4.798915e+02 , -2.683343e+03 , -4.059613e+03 ,  4.205471e+03 , -1.034435e+02 ,  8.227044e+02 ,  2.704801e+03 , -2.811985e+03 ,  1.866860e+03 , -5.030706e+02 , -1.621115e+03 , -4.073764e+03 , -8.492603e+02 , -4.473588e+03 , -1.570640e+03 , -2.592304e+03 , -1.344885e+03 , -3.668289e+03 ,  4.572660e+03 ,]
positionY_nm_array = [-5.902003e+02 ,  1.079235e+03 , -7.643592e+01 , -3.817352e+02 , -4.522417e+03 , -2.903516e+03 ,  1.346788e+03 , -2.055187e+02 , -1.795942e+03 ,  3.779747e+03 ,  3.101095e+03 ,  3.673224e+03 , -2.310003e+03 ,  3.381663e+03 , -3.585725e+03 , -3.653919e+03 , -1.585073e+02 , -1.474734e+03 ,  1.609739e+03 , -2.149231e+03 ,  4.047668e+03 , -1.949266e+03 ,  3.982820e+02 ,  2.200540e+03 ,  4.355861e+03 , -2.749434e+03 ,  4.600680e+03 ,  1.818600e+03 , -1.818559e+03 ,  4.716986e+03 ,  3.368471e+03 ,  4.028709e+03 , -2.871228e+03 , -8.074933e+02 , -4.199051e+03 ,  2.795516e+03 ,  9.592581e+02 , -1.502749e+03 , -4.282407e+03 , -4.753605e+03 ,  1.308559e+03 ,  3.245284e+02 , -4.930293e+03 , -4.941283e+03 ,  1.439307e+03 , -2.594666e+03 , -1.402656e+03 ,  4.129534e+03 ,  2.307850e+03 , -9.082578e+02 ,]
angleInclination_array = [1.047198e+00 , 1.047198e+00 , 1.047198e+00 , 1.047198e+00 , 1.047198e+00 , 1.047198e+00 , 1.047198e+00 , 1.047198e+00 , 1.047198e+00 , 1.047198e+00 , 1.047198e+00 , 1.047198e+00 , 1.047198e+00 , 1.047198e+00 , 1.047198e+00 , 1.047198e+00 , 1.047198e+00 , 1.047198e+00 , 1.047198e+00 , 1.047198e+00 , 1.047198e+00 , 1.047198e+00 , 1.047198e+00 , 1.047198e+00 , 1.047198e+00 , 1.047198e+00 , 1.047198e+00 , 1.047198e+00 , 1.047198e+00 , 1.047198e+00 , 1.047198e+00 , 1.047198e+00 , 1.047198e+00 , 1.047198e+00 , 1.047198e+00 , 1.047198e+00 , 1.047198e+00 , 1.047198e+00 , 1.047198e+00 , 1.047198e+00 , 1.047198e+00 , 1.047198e+00 , 1.047198e+00 , 1.047198e+00 , 1.047198e+00 , 1.047198e+00 , 1.047198e+00 , 1.047198e+00 , 1.047198e+00 , 1.047198e+00 ,]
angleAzimuth_array = [3.490659e-01 , 3.490659e-01 , 3.490659e-01 , 3.490659e-01 , 3.490659e-01 , 3.490659e-01 , 3.490659e-01 , 3.490659e-01 , 3.490659e-01 , 3.490659e-01 , 3.490659e-01 , 3.490659e-01 , 3.490659e-01 , 3.490659e-01 , 3.490659e-01 , 3.490659e-01 , 3.490659e-01 , 3.490659e-01 , 3.490659e-01 , 3.490659e-01 , 3.490659e-01 , 3.490659e-01 , 3.490659e-01 , 3.490659e-01 , 3.490659e-01 , 3.490659e-01 , 3.490659e-01 , 3.490659e-01 , 3.490659e-01 , 3.490659e-01 , 3.490659e-01 , 3.490659e-01 , 3.490659e-01 , 3.490659e-01 , 3.490659e-01 , 3.490659e-01 , 3.490659e-01 , 3.490659e-01 , 3.490659e-01 , 3.490659e-01 , 3.490659e-01 , 3.490659e-01 , 3.490659e-01 , 3.490659e-01 , 3.490659e-01 , 3.490659e-01 , 3.490659e-01 , 3.490659e-01 , 3.490659e-01 , 3.490659e-01 ,]
