% ground truth for sim_inc30_az140.tif
% settings
number_of_spots = 50
pixel_size_nm = 51.200
image_size_nm = 14142.136
image_size_px = 275
wavelength = 500
par.objectiveNA = 2.17
objectiveFocalLength = 770
par.refractiveIndices = [1.310000e+00 , 2.170000e+00 , 2.170000e+00 ,]
par.nDiscretizationBFP = 129
par.backgroundNoise = 0.020
par.nPhotons = 500
positionX_nm_array = [-2.285575e+03 ,  1.130438e+03 , -9.339820e+01 ,  2.556388e+03 ,  4.375247e+03 , -2.554513e+03 ,  2.868252e+03 , -3.339748e+03 , -3.484860e+03 ,  1.394684e+03 , -1.207655e+03 ,  1.766799e+03 ,  3.646548e+03 ,  1.353226e+03 ,  2.911519e+03 , -1.949517e+03 , -2.111164e+02 , -1.441785e+03 ,  4.173117e+03 ,  2.417020e+03 ,  1.365788e+03 , -4.758638e+03 , -4.156230e+03 , -4.519649e+03 ,  2.146421e+02 , -4.143353e+03 , -4.418076e+03 ,  4.163841e+03 ,  2.040037e+01 , -3.680336e+03 , -3.781288e+03 ,  3.875611e+02 ,  6.762325e+02 ,  3.054233e+03 , -4.838296e+03 , -4.815260e+03 , -2.203628e+03 ,  4.188649e+03 ,  3.421283e+03 , -1.702704e+03 , -2.479785e+03 ,  4.297924e+03 , -1.818199e+03 ,  3.827556e+03 ,  1.191948e+03 , -4.696648e+03 ,  4.825519e+03 ,  2.463933e+03 ,  4.752268e+01 , -5.765612e+02 ,]
positionY_nm_array = [-1.616129e+03 ,  4.604572e+03 , -6.597949e+02 , -1.981856e+03 ,  2.559954e+03 ,  4.498979e+03 ,  3.926147e+03 , -4.261336e+02 , -2.421882e+03 ,  1.030278e+03 , -6.297396e+02 ,  3.484855e+03 ,  8.943690e+02 , -5.026804e+02 , -3.623141e+02 ,  2.689842e+03 ,  1.676602e+03 , -3.180509e+03 , -4.152593e+03 , -4.737701e+03 ,  2.473749e+03 , -1.971243e+03 ,  3.870148e+03 , -3.527760e+03 ,  3.013675e+03 , -4.686887e+03 ,  1.395307e+03 , -3.454683e+02 , -2.579396e+03 ,  2.083291e+03 ,  5.395484e+02 , -3.513366e+03 , -4.778567e+03 , -3.572659e+03 , -5.634788e+02 ,  2.803106e+03 , -4.615308e+03 ,  4.054419e+03 ,  2.066074e+03 ,  3.790207e+03 , -3.247753e+03 , -2.780022e+03 ,  7.789911e+02 , -1.452342e+03 , -2.068009e+03 ,  4.768234e+03 ,  8.345476e+02 ,  1.687506e+03 ,  4.566539e+02 , -1.583885e+03 ,]
angleInclination_array = [5.235988e-01 , 5.235988e-01 , 5.235988e-01 , 5.235988e-01 , 5.235988e-01 , 5.235988e-01 , 5.235988e-01 , 5.235988e-01 , 5.235988e-01 , 5.235988e-01 , 5.235988e-01 , 5.235988e-01 , 5.235988e-01 , 5.235988e-01 , 5.235988e-01 , 5.235988e-01 , 5.235988e-01 , 5.235988e-01 , 5.235988e-01 , 5.235988e-01 , 5.235988e-01 , 5.235988e-01 , 5.235988e-01 , 5.235988e-01 , 5.235988e-01 , 5.235988e-01 , 5.235988e-01 , 5.235988e-01 , 5.235988e-01 , 5.235988e-01 , 5.235988e-01 , 5.235988e-01 , 5.235988e-01 , 5.235988e-01 , 5.235988e-01 , 5.235988e-01 , 5.235988e-01 , 5.235988e-01 , 5.235988e-01 , 5.235988e-01 , 5.235988e-01 , 5.235988e-01 , 5.235988e-01 , 5.235988e-01 , 5.235988e-01 , 5.235988e-01 , 5.235988e-01 , 5.235988e-01 , 5.235988e-01 , 5.235988e-01 ,]
angleAzimuth_array = [2.443461e+00 , 2.443461e+00 , 2.443461e+00 , 2.443461e+00 , 2.443461e+00 , 2.443461e+00 , 2.443461e+00 , 2.443461e+00 , 2.443461e+00 , 2.443461e+00 , 2.443461e+00 , 2.443461e+00 , 2.443461e+00 , 2.443461e+00 , 2.443461e+00 , 2.443461e+00 , 2.443461e+00 , 2.443461e+00 , 2.443461e+00 , 2.443461e+00 , 2.443461e+00 , 2.443461e+00 , 2.443461e+00 , 2.443461e+00 , 2.443461e+00 , 2.443461e+00 , 2.443461e+00 , 2.443461e+00 , 2.443461e+00 , 2.443461e+00 , 2.443461e+00 , 2.443461e+00 , 2.443461e+00 , 2.443461e+00 , 2.443461e+00 , 2.443461e+00 , 2.443461e+00 , 2.443461e+00 , 2.443461e+00 , 2.443461e+00 , 2.443461e+00 , 2.443461e+00 , 2.443461e+00 , 2.443461e+00 , 2.443461e+00 , 2.443461e+00 , 2.443461e+00 , 2.443461e+00 , 2.443461e+00 , 2.443461e+00 ,]
