% ground truth for sim_inc90_az220.tif
% settings
number_of_spots = 50
pixel_size_nm = 51.200
image_size_nm = 14142.136
image_size_px = 275
wavelength = 500
par.objectiveNA = 2.17
objectiveFocalLength = 770
par.refractiveIndices = [1.310000e+00 , 2.170000e+00 , 2.170000e+00 ,]
par.nDiscretizationBFP = 129
par.backgroundNoise = 0.020
par.nPhotons = 500
positionX_nm_array = [-1.370722e+03 , -1.727641e+03 , -1.735946e+03 , -4.328198e+03 , -2.262013e+03 ,  3.335528e+03 , -4.448033e+03 ,  1.386869e+03 ,  4.030137e+03 ,  1.484102e+03 ,  4.185039e+03 , -4.713284e+03 ,  8.638388e+02 ,  3.377261e+03 ,  1.206279e+02 , -2.293142e+03 , -1.176528e+03 ,  3.066470e+02 ,  1.706510e+03 ,  4.697313e+03 , -4.111432e+03 , -3.922958e+02 , -3.609425e+03 ,  4.911622e+03 ,  4.559399e+03 ,  3.995255e+03 ,  2.240108e+03 ,  2.113538e+03 ,  2.792195e+03 , -4.496166e+03 , -2.918998e+03 ,  2.869260e+03 , -3.762219e+03 , -2.807489e+03 , -1.139955e+02 , -3.227509e+03 , -4.852467e+03 , -8.247793e+02 ,  3.874929e+03 ,  9.095631e+01 , -9.097682e+02 ,  4.851956e+03 , -4.391871e+03 ,  3.482502e+03 , -2.561247e+03 ,  4.298653e+02 ,  1.804027e+03 ,  2.420864e+03 ,  2.490347e+03 , -1.039895e+03 ,]
positionY_nm_array = [-1.556603e+03 , -3.038678e+02 , -3.422820e+03 ,  3.039785e+03 ,  1.359803e+03 , -3.607878e+02 , -3.521337e+03 ,  5.714107e+02 , -4.266359e+03 , -4.243554e+03 , -1.689637e+03 , -2.187868e+03 , -1.682326e+03 ,  3.669644e+03 , -3.415855e+03 ,  3.626798e+03 ,  2.262280e+03 ,  3.655059e+02 ,  2.512334e+03 ,  1.284653e+02 ,  4.213352e+03 , -4.533128e+03 ,  1.807995e+03 ,  2.817802e+03 ,  4.003934e+03 ,  1.346106e+03 ,  3.422496e+03 , -9.309729e+02 , -3.244111e+03 ,  3.490185e+02 , -2.438800e+03 ,  1.885730e+03 , -1.063993e+03 ,  6.258233e+01 ,  1.506459e+03 , -4.488510e+03 ,  1.765511e+03 , -2.777647e+03 ,  2.595383e+03 ,  3.915649e+03 ,  4.052185e+03 , -3.369754e+03 , -4.796515e+03 ,  4.802528e+03 , -1.282979e+03 ,  4.901297e+03 ,  1.509345e+03 ,  4.546229e+03 , -1.973608e+03 ,  8.093564e+02 ,]
angleInclination_array = [1.570796e+00 , 1.570796e+00 , 1.570796e+00 , 1.570796e+00 , 1.570796e+00 , 1.570796e+00 , 1.570796e+00 , 1.570796e+00 , 1.570796e+00 , 1.570796e+00 , 1.570796e+00 , 1.570796e+00 , 1.570796e+00 , 1.570796e+00 , 1.570796e+00 , 1.570796e+00 , 1.570796e+00 , 1.570796e+00 , 1.570796e+00 , 1.570796e+00 , 1.570796e+00 , 1.570796e+00 , 1.570796e+00 , 1.570796e+00 , 1.570796e+00 , 1.570796e+00 , 1.570796e+00 , 1.570796e+00 , 1.570796e+00 , 1.570796e+00 , 1.570796e+00 , 1.570796e+00 , 1.570796e+00 , 1.570796e+00 , 1.570796e+00 , 1.570796e+00 , 1.570796e+00 , 1.570796e+00 , 1.570796e+00 , 1.570796e+00 , 1.570796e+00 , 1.570796e+00 , 1.570796e+00 , 1.570796e+00 , 1.570796e+00 , 1.570796e+00 , 1.570796e+00 , 1.570796e+00 , 1.570796e+00 , 1.570796e+00 ,]
angleAzimuth_array = [3.839724e+00 , 3.839724e+00 , 3.839724e+00 , 3.839724e+00 , 3.839724e+00 , 3.839724e+00 , 3.839724e+00 , 3.839724e+00 , 3.839724e+00 , 3.839724e+00 , 3.839724e+00 , 3.839724e+00 , 3.839724e+00 , 3.839724e+00 , 3.839724e+00 , 3.839724e+00 , 3.839724e+00 , 3.839724e+00 , 3.839724e+00 , 3.839724e+00 , 3.839724e+00 , 3.839724e+00 , 3.839724e+00 , 3.839724e+00 , 3.839724e+00 , 3.839724e+00 , 3.839724e+00 , 3.839724e+00 , 3.839724e+00 , 3.839724e+00 , 3.839724e+00 , 3.839724e+00 , 3.839724e+00 , 3.839724e+00 , 3.839724e+00 , 3.839724e+00 , 3.839724e+00 , 3.839724e+00 , 3.839724e+00 , 3.839724e+00 , 3.839724e+00 , 3.839724e+00 , 3.839724e+00 , 3.839724e+00 , 3.839724e+00 , 3.839724e+00 , 3.839724e+00 , 3.839724e+00 , 3.839724e+00 , 3.839724e+00 ,]
