% ground truth for sim_inc110_az180.tif
% settings
number_of_spots = 50
pixel_size_nm = 51.200
image_size_nm = 14142.136
image_size_px = 275
wavelength = 500
par.objectiveNA = 2.17
objectiveFocalLength = 770
par.refractiveIndices = [1.310000e+00 , 2.170000e+00 , 2.170000e+00 ,]
par.nDiscretizationBFP = 129
par.backgroundNoise = 0.020
par.nPhotons = 500
positionX_nm_array = [-4.477783e+03 , -2.746550e+03 , -9.754361e+02 , -1.428821e+03 , -4.722418e+03 ,  1.011954e+02 , -2.688367e+02 , -4.462862e+03 ,  1.897835e+03 , -3.021599e+03 ,  2.390405e+03 , -3.202724e+03 , -4.511310e+03 ,  2.255140e+03 ,  2.009701e+03 , -1.117812e+03 ,  1.298398e+03 , -3.510555e+02 ,  2.578164e+03 ,  2.612808e+03 ,  3.484033e+03 ,  3.218061e+03 , -4.058103e+03 , -3.819198e+02 ,  1.814352e+02 , -3.089650e+03 ,  3.161360e+03 ,  3.702556e+03 ,  4.869117e+03 ,  2.667575e+03 , -2.455154e+03 , -2.621652e+03 ,  3.439546e+02 ,  4.086152e+03 ,  4.400273e+03 ,  4.573524e+03 ,  1.166526e+03 , -2.294721e+03 ,  1.504180e+03 ,  3.749460e+03 , -1.309484e+03 , -2.117527e+03 ,  1.325103e+03 , -4.942306e+03 , -4.729722e+03 ,  3.387068e+03 ,  4.887777e+03 ,  1.110295e+03 , -9.448610e+02 ,  2.824670e+02 ,]
positionY_nm_array = [-1.451224e+03 , -4.868688e+03 ,  9.588392e+02 , -2.163906e+03 ,  2.601239e+03 , -6.151235e+02 ,  2.437231e+03 , -3.618789e+03 , -4.478958e+03 , -2.880488e+03 , -3.072751e+03 ,  1.153181e+03 ,  8.041897e+01 ,  4.032947e+02 ,  2.611879e+03 ,  3.334066e+03 , -3.232484e+03 , -2.621711e+03 ,  4.731531e+03 ,  3.444470e+03 ,  1.264704e+03 , -4.641655e+03 ,  3.943213e+03 ,  4.755574e+03 , -4.020240e+03 ,  2.149889e+03 ,  2.401009e+03 ,  2.548361e+02 , -4.339915e+03 , -1.330250e+03 ,  3.446410e+03 , -1.422102e+03 ,  3.503177e+03 ,  4.205151e+03 , -2.897640e+03 ,  3.275985e+03 ,  4.627896e+03 , -1.849328e+02 ,  1.174950e+03 , -7.586414e+02 , -4.665637e+03 , -3.372620e+03 , -2.034428e+03 , -2.364558e+03 , -4.910045e+03 , -2.117142e+03 ,  1.845754e+03 , -5.523168e+02 , -5.692824e+02 , -1.605415e+03 ,]
angleInclination_array = [1.919862e+00 , 1.919862e+00 , 1.919862e+00 , 1.919862e+00 , 1.919862e+00 , 1.919862e+00 , 1.919862e+00 , 1.919862e+00 , 1.919862e+00 , 1.919862e+00 , 1.919862e+00 , 1.919862e+00 , 1.919862e+00 , 1.919862e+00 , 1.919862e+00 , 1.919862e+00 , 1.919862e+00 , 1.919862e+00 , 1.919862e+00 , 1.919862e+00 , 1.919862e+00 , 1.919862e+00 , 1.919862e+00 , 1.919862e+00 , 1.919862e+00 , 1.919862e+00 , 1.919862e+00 , 1.919862e+00 , 1.919862e+00 , 1.919862e+00 , 1.919862e+00 , 1.919862e+00 , 1.919862e+00 , 1.919862e+00 , 1.919862e+00 , 1.919862e+00 , 1.919862e+00 , 1.919862e+00 , 1.919862e+00 , 1.919862e+00 , 1.919862e+00 , 1.919862e+00 , 1.919862e+00 , 1.919862e+00 , 1.919862e+00 , 1.919862e+00 , 1.919862e+00 , 1.919862e+00 , 1.919862e+00 , 1.919862e+00 ,]
angleAzimuth_array = [3.141593e+00 , 3.141593e+00 , 3.141593e+00 , 3.141593e+00 , 3.141593e+00 , 3.141593e+00 , 3.141593e+00 , 3.141593e+00 , 3.141593e+00 , 3.141593e+00 , 3.141593e+00 , 3.141593e+00 , 3.141593e+00 , 3.141593e+00 , 3.141593e+00 , 3.141593e+00 , 3.141593e+00 , 3.141593e+00 , 3.141593e+00 , 3.141593e+00 , 3.141593e+00 , 3.141593e+00 , 3.141593e+00 , 3.141593e+00 , 3.141593e+00 , 3.141593e+00 , 3.141593e+00 , 3.141593e+00 , 3.141593e+00 , 3.141593e+00 , 3.141593e+00 , 3.141593e+00 , 3.141593e+00 , 3.141593e+00 , 3.141593e+00 , 3.141593e+00 , 3.141593e+00 , 3.141593e+00 , 3.141593e+00 , 3.141593e+00 , 3.141593e+00 , 3.141593e+00 , 3.141593e+00 , 3.141593e+00 , 3.141593e+00 , 3.141593e+00 , 3.141593e+00 , 3.141593e+00 , 3.141593e+00 , 3.141593e+00 ,]
