% ground truth for sim_inc60_az360.tif
% settings
number_of_spots = 50
pixel_size_nm = 51.200
image_size_nm = 14142.136
image_size_px = 275
wavelength = 500
par.objectiveNA = 2.17
objectiveFocalLength = 770
par.refractiveIndices = [1.310000e+00 , 2.170000e+00 , 2.170000e+00 ,]
par.nDiscretizationBFP = 129
par.backgroundNoise = 0.020
par.nPhotons = 500
positionX_nm_array = [4.587063e+03 , -3.332863e+03 ,  3.735711e+03 , -3.868376e+03 , -4.334939e+03 ,  4.359187e+02 ,  3.035675e+03 , -3.839464e+03 , -3.381706e+03 , -4.169644e+03 ,  2.879709e+03 , -2.107774e+03 ,  4.669564e+03 , -1.045016e+03 , -4.773306e+03 ,  2.716001e+03 ,  3.812183e+03 ,  2.128267e+03 ,  9.255895e+02 ,  1.550861e+03 , -2.209699e+03 ,  3.149910e+03 ,  2.118821e+03 ,  9.871023e+02 , -1.365886e+03 , -1.787715e+03 , -6.460831e+02 , -2.436425e+03 , -1.601225e+03 , -3.942357e+03 ,  3.467732e+03 ,  3.658498e+03 ,  2.405000e+01 ,  2.326513e+03 , -8.728225e+02 ,  8.408156e+02 ,  2.751504e+03 , -3.980094e+02 , -4.087010e+01 , -3.217833e+03 , -1.855121e+03 ,  3.306163e+02 , -4.355990e+03 , -6.994522e+02 , -4.458844e+03 ,  4.172285e+03 , -4.476235e+03 , -2.852012e+03 ,  4.373449e+03 , -2.462591e+03 ,]
positionY_nm_array = [-1.206699e+03 , -1.050892e+02 ,  3.744780e+03 , -9.965518e+02 ,  4.326980e+03 , -3.353147e+03 ,  4.875242e+03 , -2.296450e+03 , -3.892838e+03 ,  2.059650e+03 ,  8.877176e+02 ,  4.609937e+03 ,  1.064983e+03 , -2.900284e+03 ,  1.137615e+03 , -9.858741e+02 , -3.922242e+03 , -2.565681e+03 ,  2.510243e+03 , -9.596269e+02 ,  1.672575e+03 ,  2.896707e+03 , -2.830164e+01 ,  4.408524e+03 ,  2.615107e+03 , -4.166616e+03 ,  4.460793e+03 , -3.230586e+03 , -1.390993e+03 ,  3.258855e+03 , -2.449982e+03 ,  1.538258e+03 ,  1.883938e+03 ,  3.524198e+03 , -6.627449e+02 , -1.812428e+03 , -3.623403e+03 ,  8.509668e+02 , -1.261044e+03 ,  4.526650e+03 , -2.605186e+01 , -1.310202e+02 , -4.879181e+03 , -4.826995e+03 , -3.381668e+03 ,  3.530734e+01 ,  1.812639e+02 , -1.213887e+03 ,  4.839825e+03 ,  3.283915e+03 ,]
angleInclination_array = [1.047198e+00 , 1.047198e+00 , 1.047198e+00 , 1.047198e+00 , 1.047198e+00 , 1.047198e+00 , 1.047198e+00 , 1.047198e+00 , 1.047198e+00 , 1.047198e+00 , 1.047198e+00 , 1.047198e+00 , 1.047198e+00 , 1.047198e+00 , 1.047198e+00 , 1.047198e+00 , 1.047198e+00 , 1.047198e+00 , 1.047198e+00 , 1.047198e+00 , 1.047198e+00 , 1.047198e+00 , 1.047198e+00 , 1.047198e+00 , 1.047198e+00 , 1.047198e+00 , 1.047198e+00 , 1.047198e+00 , 1.047198e+00 , 1.047198e+00 , 1.047198e+00 , 1.047198e+00 , 1.047198e+00 , 1.047198e+00 , 1.047198e+00 , 1.047198e+00 , 1.047198e+00 , 1.047198e+00 , 1.047198e+00 , 1.047198e+00 , 1.047198e+00 , 1.047198e+00 , 1.047198e+00 , 1.047198e+00 , 1.047198e+00 , 1.047198e+00 , 1.047198e+00 , 1.047198e+00 , 1.047198e+00 , 1.047198e+00 ,]
angleAzimuth_array = [6.283185e+00 , 6.283185e+00 , 6.283185e+00 , 6.283185e+00 , 6.283185e+00 , 6.283185e+00 , 6.283185e+00 , 6.283185e+00 , 6.283185e+00 , 6.283185e+00 , 6.283185e+00 , 6.283185e+00 , 6.283185e+00 , 6.283185e+00 , 6.283185e+00 , 6.283185e+00 , 6.283185e+00 , 6.283185e+00 , 6.283185e+00 , 6.283185e+00 , 6.283185e+00 , 6.283185e+00 , 6.283185e+00 , 6.283185e+00 , 6.283185e+00 , 6.283185e+00 , 6.283185e+00 , 6.283185e+00 , 6.283185e+00 , 6.283185e+00 , 6.283185e+00 , 6.283185e+00 , 6.283185e+00 , 6.283185e+00 , 6.283185e+00 , 6.283185e+00 , 6.283185e+00 , 6.283185e+00 , 6.283185e+00 , 6.283185e+00 , 6.283185e+00 , 6.283185e+00 , 6.283185e+00 , 6.283185e+00 , 6.283185e+00 , 6.283185e+00 , 6.283185e+00 , 6.283185e+00 , 6.283185e+00 , 6.283185e+00 ,]
