% ground truth for sim_inc70_az360.tif
% settings
number_of_spots = 50
pixel_size_nm = 51.200
image_size_nm = 14142.136
image_size_px = 275
wavelength = 500
par.objectiveNA = 2.17
objectiveFocalLength = 770
par.refractiveIndices = [1.310000e+00 , 2.170000e+00 , 2.170000e+00 ,]
par.nDiscretizationBFP = 129
par.backgroundNoise = 0.020
par.nPhotons = 500
positionX_nm_array = [-3.011572e+03 ,  1.412781e+03 , -3.976561e+03 ,  2.386570e+03 , -2.341317e+03 ,  3.653230e+03 , -3.693891e+03 ,  1.103196e+03 , -1.205032e+03 ,  2.026295e+02 , -3.923567e+03 ,  2.097920e+03 ,  3.181822e+03 ,  1.348383e+03 , -2.228190e+02 , -1.902737e+03 , -2.356499e+03 ,  4.505447e+03 ,  3.482157e+03 , -1.708917e+03 , -1.519853e+03 ,  3.417169e+03 , -4.726016e+03 , -2.074086e+03 ,  4.188635e+02 ,  4.929965e+03 , -3.490398e+03 ,  4.670123e+03 , -2.122300e+03 , -9.383524e+02 , -7.858580e+02 ,  1.554577e+03 ,  4.238498e+03 , -1.646881e+03 , -3.659172e+01 , -1.796513e+02 ,  1.428176e+03 ,  1.212440e+03 ,  2.127242e+03 ,  4.377644e+03 , -3.908061e+03 ,  3.652647e+03 , -6.965887e+02 , -3.115898e+03 , -4.663652e+03 ,  3.624358e+02 ,  4.724958e+03 ,  2.520470e+03 ,  2.412354e+03 , -2.910909e+03 ,]
positionY_nm_array = [-7.586781e+02 , -1.055518e+03 ,  1.949866e+03 ,  5.609660e+02 ,  3.357848e+03 , -3.857047e+03 , -1.634769e+03 ,  4.398027e+03 ,  4.688512e+03 ,  1.648433e+03 ,  5.591861e+02 ,  2.732261e+03 , -1.942806e+03 , -3.675671e+03 ,  3.917025e+03 ,  9.891942e+02 ,  4.608895e+03 , -1.790454e+03 ,  4.379192e+03 ,  2.251873e+03 , -3.716125e+02 ,  4.091025e+02 , -2.504639e+03 , -4.387938e+03 , -1.764577e+03 ,  2.121726e+03 ,  3.566185e+03 , -4.923438e+03 , -2.813546e+03 , -3.001646e+03 ,  7.628022e+02 , -2.294755e+03 , -3.041788e+03 , -1.382258e+03 , -4.287950e+03 ,  4.923539e+03 , -4.425947e+01 ,  1.375297e+03 , -4.925479e+03 ,  3.552704e+03 , -3.790172e+03 ,  2.607548e+03 , -1.804934e+03 , -4.852355e+03 ,  4.312165e+03 , -6.070307e+02 ,  1.031511e+03 , -7.850743e+02 ,  3.924312e+03 ,  2.320669e+03 ,]
angleInclination_array = [1.221730e+00 , 1.221730e+00 , 1.221730e+00 , 1.221730e+00 , 1.221730e+00 , 1.221730e+00 , 1.221730e+00 , 1.221730e+00 , 1.221730e+00 , 1.221730e+00 , 1.221730e+00 , 1.221730e+00 , 1.221730e+00 , 1.221730e+00 , 1.221730e+00 , 1.221730e+00 , 1.221730e+00 , 1.221730e+00 , 1.221730e+00 , 1.221730e+00 , 1.221730e+00 , 1.221730e+00 , 1.221730e+00 , 1.221730e+00 , 1.221730e+00 , 1.221730e+00 , 1.221730e+00 , 1.221730e+00 , 1.221730e+00 , 1.221730e+00 , 1.221730e+00 , 1.221730e+00 , 1.221730e+00 , 1.221730e+00 , 1.221730e+00 , 1.221730e+00 , 1.221730e+00 , 1.221730e+00 , 1.221730e+00 , 1.221730e+00 , 1.221730e+00 , 1.221730e+00 , 1.221730e+00 , 1.221730e+00 , 1.221730e+00 , 1.221730e+00 , 1.221730e+00 , 1.221730e+00 , 1.221730e+00 , 1.221730e+00 ,]
angleAzimuth_array = [6.283185e+00 , 6.283185e+00 , 6.283185e+00 , 6.283185e+00 , 6.283185e+00 , 6.283185e+00 , 6.283185e+00 , 6.283185e+00 , 6.283185e+00 , 6.283185e+00 , 6.283185e+00 , 6.283185e+00 , 6.283185e+00 , 6.283185e+00 , 6.283185e+00 , 6.283185e+00 , 6.283185e+00 , 6.283185e+00 , 6.283185e+00 , 6.283185e+00 , 6.283185e+00 , 6.283185e+00 , 6.283185e+00 , 6.283185e+00 , 6.283185e+00 , 6.283185e+00 , 6.283185e+00 , 6.283185e+00 , 6.283185e+00 , 6.283185e+00 , 6.283185e+00 , 6.283185e+00 , 6.283185e+00 , 6.283185e+00 , 6.283185e+00 , 6.283185e+00 , 6.283185e+00 , 6.283185e+00 , 6.283185e+00 , 6.283185e+00 , 6.283185e+00 , 6.283185e+00 , 6.283185e+00 , 6.283185e+00 , 6.283185e+00 , 6.283185e+00 , 6.283185e+00 , 6.283185e+00 , 6.283185e+00 , 6.283185e+00 ,]
