% ground truth for sim_inc0_az160.tif
% settings
number_of_spots = 50
pixel_size_nm = 51.200
image_size_nm = 14142.136
image_size_px = 275
wavelength = 500
par.objectiveNA = 2.17
objectiveFocalLength = 770
par.refractiveIndices = [1.310000e+00 , 2.170000e+00 , 2.170000e+00 ,]
par.nDiscretizationBFP = 129
par.backgroundNoise = 0.020
par.nPhotons = 500
positionX_nm_array = [-1.018300e+03 ,  3.218363e+03 ,  3.547352e+03 , -1.030582e+03 , -4.891623e+03 , -4.588668e+03 , -3.521673e+03 ,  6.494893e+02 ,  2.764191e+03 , -1.336437e+03 , -1.539960e+03 ,  3.650339e+03 , -2.319300e+03 ,  1.484985e+03 , -2.297986e+03 ,  3.527577e+03 ,  3.648586e+03 , -4.544589e+03 , -8.123090e+01 ,  1.869432e+02 , -4.409856e+03 , -4.586536e+03 , -1.609949e+03 , -2.741032e+03 ,  1.100696e+03 ,  2.458588e+03 , -4.861363e+03 ,  8.006137e+02 , -2.365618e+03 , -2.891757e+03 , -1.632530e+02 , -3.831541e+03 , -3.271065e+03 ,  1.878719e+03 , -3.308266e+03 , -3.983261e+02 ,  1.485608e+03 ,  1.411923e+03 ,  4.357865e+03 ,  4.423666e+03 ,  2.235450e+03 ,  3.280270e+03 ,  4.873722e+03 , -2.924370e+03 ,  7.463683e+02 , -2.436523e+03 , -1.447643e+03 ,  4.821026e+03 , -1.637130e+03 , -9.886835e+02 ,]
positionY_nm_array = [-4.695595e+03 , -2.934063e+03 , -4.941866e+02 ,  6.686779e+02 , -9.996523e+02 , -3.974447e+03 ,  5.010139e+02 ,  6.518625e+02 ,  6.839397e+02 , -1.699665e+03 ,  3.859811e+03 , -1.887084e+03 ,  4.936132e+03 , -2.454792e+03 , -1.108562e+03 , -4.452330e+03 ,  3.656164e+03 , -2.071972e+03 , -1.139887e+03 ,  3.601571e+03 ,  3.934338e+03 ,  1.895845e+03 , -2.916102e+03 ,  3.617690e+03 ,  4.747520e+03 , -4.632522e+03 ,  4.210063e+01 , -3.596609e+03 , -3.988568e+03 ,  1.724845e+03 ,  1.572567e+03 ,  2.971900e+03 , -4.562210e+03 , -1.019386e+03 , -3.192281e+03 , -2.282813e+03 ,  1.849865e+03 ,  3.390663e+03 ,  9.200641e+02 ,  2.782684e+03 , -3.570540e+03 ,  1.741131e+03 ,  4.762713e+03 , -1.982251e+03 , -4.772656e+03 ,  1.648616e+02 , -4.427690e+02 ,  1.814398e+03 ,  1.772998e+03 ,  2.779927e+03 ,]
angleInclination_array = [0 , 0 , 0 , 0 , 0 , 0 , 0 , 0 , 0 , 0 , 0 , 0 , 0 , 0 , 0 , 0 , 0 , 0 , 0 , 0 , 0 , 0 , 0 , 0 , 0 , 0 , 0 , 0 , 0 , 0 , 0 , 0 , 0 , 0 , 0 , 0 , 0 , 0 , 0 , 0 , 0 , 0 , 0 , 0 , 0 , 0 , 0 , 0 , 0 , 0 ,]
angleAzimuth_array = [2.792527e+00 , 2.792527e+00 , 2.792527e+00 , 2.792527e+00 , 2.792527e+00 , 2.792527e+00 , 2.792527e+00 , 2.792527e+00 , 2.792527e+00 , 2.792527e+00 , 2.792527e+00 , 2.792527e+00 , 2.792527e+00 , 2.792527e+00 , 2.792527e+00 , 2.792527e+00 , 2.792527e+00 , 2.792527e+00 , 2.792527e+00 , 2.792527e+00 , 2.792527e+00 , 2.792527e+00 , 2.792527e+00 , 2.792527e+00 , 2.792527e+00 , 2.792527e+00 , 2.792527e+00 , 2.792527e+00 , 2.792527e+00 , 2.792527e+00 , 2.792527e+00 , 2.792527e+00 , 2.792527e+00 , 2.792527e+00 , 2.792527e+00 , 2.792527e+00 , 2.792527e+00 , 2.792527e+00 , 2.792527e+00 , 2.792527e+00 , 2.792527e+00 , 2.792527e+00 , 2.792527e+00 , 2.792527e+00 , 2.792527e+00 , 2.792527e+00 , 2.792527e+00 , 2.792527e+00 , 2.792527e+00 , 2.792527e+00 ,]
