% ground truth for sim_inc10_az120.tif
% settings
number_of_spots = 50
pixel_size_nm = 51.200
image_size_nm = 14142.136
image_size_px = 275
wavelength = 500
par.objectiveNA = 2.17
objectiveFocalLength = 770
par.refractiveIndices = [1.310000e+00 , 2.170000e+00 , 2.170000e+00 ,]
par.nDiscretizationBFP = 129
par.backgroundNoise = 0.020
par.nPhotons = 500
positionX_nm_array = [-4.488239e+03 , -2.017676e+03 ,  4.445594e+03 , -5.195186e+02 ,  2.055041e+03 ,  3.064514e+03 , -4.592743e+03 , -3.817970e+03 , -2.795847e+03 ,  1.873358e+03 ,  3.834952e+03 ,  4.529098e+03 ,  3.813920e+03 , -1.742235e+03 , -3.641265e+02 ,  4.774094e+03 , -2.321278e+03 ,  3.026932e+03 , -1.145251e+03 ,  2.165095e+03 ,  2.396360e+03 ,  3.023978e+01 ,  3.799896e+03 , -3.599041e+03 ,  1.273076e+03 ,  1.343253e+02 , -7.729611e+02 , -7.294764e+01 , -3.486314e+03 ,  5.434439e+02 ,  3.348010e+03 , -4.581922e+03 ,  8.527080e+02 ,  4.610244e+03 ,  2.065857e+03 , -4.562862e+03 , -1.491085e+03 , -1.168593e+03 ,  3.438036e+03 ,  1.434548e+03 ,  4.201532e+03 , -2.056569e+03 ,  9.981634e+01 , -3.151483e+03 ,  2.300058e+02 ,  2.704257e+03 , -2.789922e+03 ,  4.888769e+03 ,  4.907758e+03 , -4.500865e+03 ,]
positionY_nm_array = [-4.202664e+03 ,  3.599598e+03 , -1.696681e+03 ,  3.403844e+03 , -2.541060e+03 ,  3.540027e+03 ,  9.812518e+02 ,  3.355985e+03 , -4.436230e+03 , -4.158131e+03 ,  2.609616e+03 ,  4.777157e+03 , -4.101141e+03 , -5.030073e+02 , -5.278897e+01 ,  1.925850e+03 , -2.028033e+03 ,  8.424205e+02 ,  4.272358e+03 ,  1.406263e+03 , -1.430628e+03 ,  2.123057e+03 , -6.715321e+02 , -3.414522e+03 , -1.425726e+03 , -2.562106e+03 , -1.909599e+03 ,  4.414058e+03 , -5.388780e+02 ,  5.515866e+02 , -1.886628e+03 , -2.444544e+03 ,  2.821993e+03 , -2.767584e+03 , -4.858237e+02 ,  2.118715e+03 ,  1.564644e+03 , -4.380814e+03 ,  4.693110e+03 ,  3.831703e+03 ,  9.503764e+02 , -3.331741e+03 , -3.744133e+03 ,  2.607690e+03 , -4.858141e+03 , -3.582125e+03 ,  5.368443e+02 ,  3.533001e+03 , -2.457270e+02 ,  4.428509e+03 ,]
angleInclination_array = [1.745329e-01 , 1.745329e-01 , 1.745329e-01 , 1.745329e-01 , 1.745329e-01 , 1.745329e-01 , 1.745329e-01 , 1.745329e-01 , 1.745329e-01 , 1.745329e-01 , 1.745329e-01 , 1.745329e-01 , 1.745329e-01 , 1.745329e-01 , 1.745329e-01 , 1.745329e-01 , 1.745329e-01 , 1.745329e-01 , 1.745329e-01 , 1.745329e-01 , 1.745329e-01 , 1.745329e-01 , 1.745329e-01 , 1.745329e-01 , 1.745329e-01 , 1.745329e-01 , 1.745329e-01 , 1.745329e-01 , 1.745329e-01 , 1.745329e-01 , 1.745329e-01 , 1.745329e-01 , 1.745329e-01 , 1.745329e-01 , 1.745329e-01 , 1.745329e-01 , 1.745329e-01 , 1.745329e-01 , 1.745329e-01 , 1.745329e-01 , 1.745329e-01 , 1.745329e-01 , 1.745329e-01 , 1.745329e-01 , 1.745329e-01 , 1.745329e-01 , 1.745329e-01 , 1.745329e-01 , 1.745329e-01 , 1.745329e-01 ,]
angleAzimuth_array = [2.094395e+00 , 2.094395e+00 , 2.094395e+00 , 2.094395e+00 , 2.094395e+00 , 2.094395e+00 , 2.094395e+00 , 2.094395e+00 , 2.094395e+00 , 2.094395e+00 , 2.094395e+00 , 2.094395e+00 , 2.094395e+00 , 2.094395e+00 , 2.094395e+00 , 2.094395e+00 , 2.094395e+00 , 2.094395e+00 , 2.094395e+00 , 2.094395e+00 , 2.094395e+00 , 2.094395e+00 , 2.094395e+00 , 2.094395e+00 , 2.094395e+00 , 2.094395e+00 , 2.094395e+00 , 2.094395e+00 , 2.094395e+00 , 2.094395e+00 , 2.094395e+00 , 2.094395e+00 , 2.094395e+00 , 2.094395e+00 , 2.094395e+00 , 2.094395e+00 , 2.094395e+00 , 2.094395e+00 , 2.094395e+00 , 2.094395e+00 , 2.094395e+00 , 2.094395e+00 , 2.094395e+00 , 2.094395e+00 , 2.094395e+00 , 2.094395e+00 , 2.094395e+00 , 2.094395e+00 , 2.094395e+00 , 2.094395e+00 ,]
