% ground truth for sim_inc120_az80.tif
% settings
number_of_spots = 50
pixel_size_nm = 51.200
image_size_nm = 14142.136
image_size_px = 275
wavelength = 500
par.objectiveNA = 2.17
objectiveFocalLength = 770
par.refractiveIndices = [1.310000e+00 , 2.170000e+00 , 2.170000e+00 ,]
par.nDiscretizationBFP = 129
par.backgroundNoise = 0.020
par.nPhotons = 500
positionX_nm_array = [-5.479643e+02 ,  1.563469e+03 , -1.253823e+02 ,  8.012463e+02 ,  1.072520e+03 , -2.529434e+03 , -3.151629e+03 , -1.972921e+03 ,  4.902612e+03 ,  4.305194e+03 , -3.555982e+02 ,  3.099064e+03 ,  1.868291e+03 , -1.885309e+03 , -3.109207e+03 ,  1.350851e+03 ,  7.360898e+02 ,  2.962973e+03 ,  1.864981e+03 , -9.922451e+02 , -2.544240e+03 ,  2.412325e+03 ,  7.131547e+02 , -3.194502e+03 , -8.291378e+02 ,  4.423105e+03 ,  3.772828e+03 ,  2.173446e+03 , -3.437032e+03 , -4.494721e+03 ,  1.138980e+02 ,  3.274748e+03 , -4.395410e+02 , -3.724631e+03 ,  4.112566e+03 ,  2.449007e+03 , -4.869424e+03 , -1.591230e+03 ,  1.786225e+03 , -2.442728e+03 , -4.422298e+03 , -3.917396e+03 , -2.167138e+03 ,  4.106553e+03 ,  8.901669e+01 , -3.838998e+02 , -4.611340e+03 ,  2.887954e+03 ,  4.504160e+03 ,  4.636491e+03 ,]
positionY_nm_array = [-4.808389e+03 , -6.572028e+02 ,  6.131644e+02 ,  1.573441e+03 , -3.239704e+03 , -2.720287e+03 ,  2.153827e+03 ,  5.088194e+02 ,  4.873824e+03 , -3.144659e+03 , -3.733352e+02 , -3.109660e+02 , -1.816026e+03 , -5.979957e+02 , -2.288610e+02 , -4.793837e+03 ,  4.934444e+03 , -4.054300e+03 ,  3.384896e+03 , -3.857937e+03 ,  4.762948e+03 ,  4.444504e+03 ,  3.377253e+03 ,  3.258493e+03 , -2.176051e+03 ,  2.830109e+03 ,  2.035132e+03 ,  2.101889e+03 ,  1.010481e+03 , -3.200711e+03 , -2.680500e+03 ,  3.468951e+03 ,  1.752524e+03 , -2.392477e+03 ,  4.121957e+03 , -3.052089e+03 ,  4.100439e+03 ,  3.549665e+03 ,  9.020478e+02 , -1.512952e+03 , -4.633266e+03 , -1.319854e+03 ,  1.714882e+03 , -1.139088e+03 , -3.993866e+03 ,  2.840982e+03 ,  8.125771e+02 ,  1.239396e+03 , -4.140894e+03 , -7.662163e+01 ,]
angleInclination_array = [2.094395e+00 , 2.094395e+00 , 2.094395e+00 , 2.094395e+00 , 2.094395e+00 , 2.094395e+00 , 2.094395e+00 , 2.094395e+00 , 2.094395e+00 , 2.094395e+00 , 2.094395e+00 , 2.094395e+00 , 2.094395e+00 , 2.094395e+00 , 2.094395e+00 , 2.094395e+00 , 2.094395e+00 , 2.094395e+00 , 2.094395e+00 , 2.094395e+00 , 2.094395e+00 , 2.094395e+00 , 2.094395e+00 , 2.094395e+00 , 2.094395e+00 , 2.094395e+00 , 2.094395e+00 , 2.094395e+00 , 2.094395e+00 , 2.094395e+00 , 2.094395e+00 , 2.094395e+00 , 2.094395e+00 , 2.094395e+00 , 2.094395e+00 , 2.094395e+00 , 2.094395e+00 , 2.094395e+00 , 2.094395e+00 , 2.094395e+00 , 2.094395e+00 , 2.094395e+00 , 2.094395e+00 , 2.094395e+00 , 2.094395e+00 , 2.094395e+00 , 2.094395e+00 , 2.094395e+00 , 2.094395e+00 , 2.094395e+00 ,]
angleAzimuth_array = [1.396263e+00 , 1.396263e+00 , 1.396263e+00 , 1.396263e+00 , 1.396263e+00 , 1.396263e+00 , 1.396263e+00 , 1.396263e+00 , 1.396263e+00 , 1.396263e+00 , 1.396263e+00 , 1.396263e+00 , 1.396263e+00 , 1.396263e+00 , 1.396263e+00 , 1.396263e+00 , 1.396263e+00 , 1.396263e+00 , 1.396263e+00 , 1.396263e+00 , 1.396263e+00 , 1.396263e+00 , 1.396263e+00 , 1.396263e+00 , 1.396263e+00 , 1.396263e+00 , 1.396263e+00 , 1.396263e+00 , 1.396263e+00 , 1.396263e+00 , 1.396263e+00 , 1.396263e+00 , 1.396263e+00 , 1.396263e+00 , 1.396263e+00 , 1.396263e+00 , 1.396263e+00 , 1.396263e+00 , 1.396263e+00 , 1.396263e+00 , 1.396263e+00 , 1.396263e+00 , 1.396263e+00 , 1.396263e+00 , 1.396263e+00 , 1.396263e+00 , 1.396263e+00 , 1.396263e+00 , 1.396263e+00 , 1.396263e+00 ,]
