% ground truth for sim_inc70_az200.tif
% settings
number_of_spots = 50
pixel_size_nm = 51.200
image_size_nm = 14142.136
image_size_px = 275
wavelength = 500
par.objectiveNA = 2.17
objectiveFocalLength = 770
par.refractiveIndices = [1.310000e+00 , 2.170000e+00 , 2.170000e+00 ,]
par.nDiscretizationBFP = 129
par.backgroundNoise = 0.020
par.nPhotons = 500
positionX_nm_array = [-4.132374e+02 ,  1.848117e+03 ,  4.232409e+03 , -8.985299e+02 , -3.285972e+03 ,  1.670799e+03 ,  4.168349e+03 , -2.933360e+03 , -3.789309e+03 ,  4.272579e+03 , -4.625603e+03 ,  4.862942e+03 , -2.912648e+03 , -1.185807e+03 , -2.378475e+02 , -4.664449e+03 ,  3.087519e+03 ,  1.003683e+03 , -2.418497e+03 , -1.721575e+03 ,  2.521740e+03 ,  1.498027e+03 ,  3.993112e+03 ,  4.517298e+03 ,  7.476760e+01 ,  3.038332e+03 ,  2.740523e+03 , -4.248060e+03 , -1.814404e+03 , -2.772729e+03 ,  1.318860e+03 , -1.515463e+03 ,  4.446722e+03 , -3.628275e+03 , -4.197845e+03 ,  3.267562e+03 , -7.151547e+02 , -3.881543e+03 ,  6.788710e+02 , -3.053451e+03 ,  2.564108e+03 , -4.368167e+03 , -3.939781e+03 ,  1.376587e+03 , -2.043056e+03 ,  2.367208e+03 ,  5.776544e+02 ,  3.019227e+03 ,  5.591327e+01 ,  7.760383e+02 ,]
positionY_nm_array = [-3.686132e+03 ,  4.589764e+03 , -7.669577e+02 ,  4.784887e+03 , -2.398723e+03 , -7.134849e+02 ,  4.432709e+03 , -4.198936e+03 , -6.329217e+02 ,  1.503643e+03 , -3.282025e+03 , -3.114157e+03 ,  1.630444e+02 , -5.322764e+02 ,  1.490683e+03 ,  6.711662e+02 ,  1.451181e+03 ,  1.006531e+03 , -1.459056e+03 ,  1.382106e+03 ,  3.359600e+03 , -3.194927e+03 ,  4.252131e+02 ,  2.815760e+03 ,  3.172129e+03 , -2.331634e+02 , -1.667863e+03 ,  3.413405e+03 , -3.395578e+03 ,  2.891542e+03 ,  2.146493e+03 ,  3.136278e+03 , -1.915952e+03 ,  8.684744e+02 ,  4.774372e+03 , -4.238982e+03 ,  4.444070e+02 ,  2.191419e+03 ,  4.177594e+03 ,  4.551959e+03 , -3.491158e+03 , -2.195141e+03 , -4.266678e+03 , -4.843750e+03 ,  4.033115e+03 ,  2.147054e+03 , -2.124136e+01 ,  4.768564e+03 , -2.780198e+03 , -1.627293e+03 ,]
angleInclination_array = [1.221730e+00 , 1.221730e+00 , 1.221730e+00 , 1.221730e+00 , 1.221730e+00 , 1.221730e+00 , 1.221730e+00 , 1.221730e+00 , 1.221730e+00 , 1.221730e+00 , 1.221730e+00 , 1.221730e+00 , 1.221730e+00 , 1.221730e+00 , 1.221730e+00 , 1.221730e+00 , 1.221730e+00 , 1.221730e+00 , 1.221730e+00 , 1.221730e+00 , 1.221730e+00 , 1.221730e+00 , 1.221730e+00 , 1.221730e+00 , 1.221730e+00 , 1.221730e+00 , 1.221730e+00 , 1.221730e+00 , 1.221730e+00 , 1.221730e+00 , 1.221730e+00 , 1.221730e+00 , 1.221730e+00 , 1.221730e+00 , 1.221730e+00 , 1.221730e+00 , 1.221730e+00 , 1.221730e+00 , 1.221730e+00 , 1.221730e+00 , 1.221730e+00 , 1.221730e+00 , 1.221730e+00 , 1.221730e+00 , 1.221730e+00 , 1.221730e+00 , 1.221730e+00 , 1.221730e+00 , 1.221730e+00 , 1.221730e+00 ,]
angleAzimuth_array = [3.490659e+00 , 3.490659e+00 , 3.490659e+00 , 3.490659e+00 , 3.490659e+00 , 3.490659e+00 , 3.490659e+00 , 3.490659e+00 , 3.490659e+00 , 3.490659e+00 , 3.490659e+00 , 3.490659e+00 , 3.490659e+00 , 3.490659e+00 , 3.490659e+00 , 3.490659e+00 , 3.490659e+00 , 3.490659e+00 , 3.490659e+00 , 3.490659e+00 , 3.490659e+00 , 3.490659e+00 , 3.490659e+00 , 3.490659e+00 , 3.490659e+00 , 3.490659e+00 , 3.490659e+00 , 3.490659e+00 , 3.490659e+00 , 3.490659e+00 , 3.490659e+00 , 3.490659e+00 , 3.490659e+00 , 3.490659e+00 , 3.490659e+00 , 3.490659e+00 , 3.490659e+00 , 3.490659e+00 , 3.490659e+00 , 3.490659e+00 , 3.490659e+00 , 3.490659e+00 , 3.490659e+00 , 3.490659e+00 , 3.490659e+00 , 3.490659e+00 , 3.490659e+00 , 3.490659e+00 , 3.490659e+00 , 3.490659e+00 ,]
