% ground truth for sim_inc80_az20.tif
% settings
number_of_spots = 50
pixel_size_nm = 51.200
image_size_nm = 14142.136
image_size_px = 275
wavelength = 500
par.objectiveNA = 2.17
objectiveFocalLength = 770
par.refractiveIndices = [1.310000e+00 , 2.170000e+00 , 2.170000e+00 ,]
par.nDiscretizationBFP = 129
par.backgroundNoise = 0.020
par.nPhotons = 500
positionX_nm_array = [-4.212551e+01 ,  2.409499e+03 ,  4.783573e+03 ,  1.699817e+03 ,  5.424785e+02 , -2.763326e+03 ,  1.187033e+03 , -1.394611e+03 ,  3.824715e+02 , -9.049000e+02 ,  3.261064e+03 , -5.922558e+02 , -1.236986e+03 ,  4.007798e+03 , -3.926602e+03 , -2.774962e+02 , -2.678392e+03 ,  2.569831e+03 , -2.792164e+03 ,  2.616773e+03 ,  1.050311e+03 ,  9.464029e+02 , -7.103676e+02 , -7.259197e+02 ,  2.964930e+03 ,  1.473057e+03 , -3.156715e+03 , -4.315699e+03 , -2.385216e+03 , -4.685305e+03 ,  1.944703e+03 , -4.588243e+03 ,  4.771242e+03 ,  1.381677e+03 ,  4.876895e+03 ,  1.611801e+03 ,  1.448738e+02 , -2.220090e+03 ,  3.885453e+03 , -1.799429e+03 , -1.346061e+03 , -4.878793e+03 ,  2.696462e+03 , -4.475948e+03 ,  3.769599e+03 , -4.667124e+03 ,  3.932145e+03 , -3.392102e+03 ,  3.351382e+03 , -3.159543e+03 ,]
positionY_nm_array = [1.344834e+03 , -2.921577e+03 ,  1.200711e+03 , -1.937650e+03 , -1.484066e+02 ,  2.338594e+03 ,  2.730185e+03 , -3.702191e+03 , -2.424957e+03 , -1.779741e+03 , -3.130952e+02 , -3.067393e+03 ,  1.416697e+03 , -1.273904e+03 ,  1.760852e+03 , -4.349683e+03 ,  1.222079e+03 ,  3.574278e+03 , -3.770752e+03 ,  1.163180e+03 ,  9.719839e+02 , -1.144016e+03 ,  4.771014e+03 ,  3.257780e+03 ,  2.481204e+03 ,  4.194564e+03 , -2.693614e+03 , -5.799399e+02 ,  2.165343e+01 , -4.868314e+03 , -2.755296e+02 , -3.064177e+03 ,  3.365204e+03 , -3.368894e+03 , -2.871078e+03 , -4.491739e+03 ,  2.394030e+03 ,  4.707656e+03 ,  6.012242e+02 ,  3.338241e+03 , -3.689758e+02 , -1.814818e+03 , -4.412004e+03 ,  4.454480e+03 ,  3.411319e+03 ,  9.452917e+02 , -4.118218e+03 ,  3.864327e+03 , -2.234109e+03 , -1.456748e+03 ,]
angleInclination_array = [1.396263e+00 , 1.396263e+00 , 1.396263e+00 , 1.396263e+00 , 1.396263e+00 , 1.396263e+00 , 1.396263e+00 , 1.396263e+00 , 1.396263e+00 , 1.396263e+00 , 1.396263e+00 , 1.396263e+00 , 1.396263e+00 , 1.396263e+00 , 1.396263e+00 , 1.396263e+00 , 1.396263e+00 , 1.396263e+00 , 1.396263e+00 , 1.396263e+00 , 1.396263e+00 , 1.396263e+00 , 1.396263e+00 , 1.396263e+00 , 1.396263e+00 , 1.396263e+00 , 1.396263e+00 , 1.396263e+00 , 1.396263e+00 , 1.396263e+00 , 1.396263e+00 , 1.396263e+00 , 1.396263e+00 , 1.396263e+00 , 1.396263e+00 , 1.396263e+00 , 1.396263e+00 , 1.396263e+00 , 1.396263e+00 , 1.396263e+00 , 1.396263e+00 , 1.396263e+00 , 1.396263e+00 , 1.396263e+00 , 1.396263e+00 , 1.396263e+00 , 1.396263e+00 , 1.396263e+00 , 1.396263e+00 , 1.396263e+00 ,]
angleAzimuth_array = [3.490659e-01 , 3.490659e-01 , 3.490659e-01 , 3.490659e-01 , 3.490659e-01 , 3.490659e-01 , 3.490659e-01 , 3.490659e-01 , 3.490659e-01 , 3.490659e-01 , 3.490659e-01 , 3.490659e-01 , 3.490659e-01 , 3.490659e-01 , 3.490659e-01 , 3.490659e-01 , 3.490659e-01 , 3.490659e-01 , 3.490659e-01 , 3.490659e-01 , 3.490659e-01 , 3.490659e-01 , 3.490659e-01 , 3.490659e-01 , 3.490659e-01 , 3.490659e-01 , 3.490659e-01 , 3.490659e-01 , 3.490659e-01 , 3.490659e-01 , 3.490659e-01 , 3.490659e-01 , 3.490659e-01 , 3.490659e-01 , 3.490659e-01 , 3.490659e-01 , 3.490659e-01 , 3.490659e-01 , 3.490659e-01 , 3.490659e-01 , 3.490659e-01 , 3.490659e-01 , 3.490659e-01 , 3.490659e-01 , 3.490659e-01 , 3.490659e-01 , 3.490659e-01 , 3.490659e-01 , 3.490659e-01 , 3.490659e-01 ,]
