% ground truth for sim_inc40_az20.tif
% settings
number_of_spots = 50
pixel_size_nm = 51.200
image_size_nm = 14142.136
image_size_px = 275
wavelength = 500
par.objectiveNA = 2.17
objectiveFocalLength = 770
par.refractiveIndices = [1.310000e+00 , 2.170000e+00 , 2.170000e+00 ,]
par.nDiscretizationBFP = 129
par.backgroundNoise = 0.020
par.nPhotons = 500
positionX_nm_array = [1.592707e+03 ,  1.193427e+03 ,  2.142902e+03 , -3.504737e+03 , -1.702543e+03 , -8.008186e+02 , -1.657983e+03 , -3.374900e+03 ,  4.517275e+03 , -3.232497e+03 ,  1.970610e+03 , -4.769126e+03 , -3.861717e+02 , -1.891517e+03 ,  4.348542e+03 ,  1.866438e+02 ,  9.084489e+02 , -1.010489e+03 , -3.690123e+03 , -2.558503e+03 ,  4.394677e+03 , -2.456757e+03 , -3.947860e+03 ,  2.290928e+03 ,  9.371672e+02 ,  3.732585e+02 , -7.382824e+01 ,  3.405294e+03 , -4.727211e+03 , -5.951210e+02 ,  3.351415e+03 ,  3.020964e+03 ,  4.808782e+03 , -1.616278e+03 ,  4.805220e+03 , -2.804075e+03 ,  2.910922e+03 ,  3.128154e+02 , -4.872152e+03 ,  1.013228e+03 , -4.718064e+03 ,  3.341327e+03 , -9.454925e+02 ,  3.754109e+03 , -4.121895e+03 ,  1.667918e+03 , -4.699327e+03 ,  2.279754e+03 ,  2.483550e+03 ,  3.494468e+03 ,]
positionY_nm_array = [-1.031099e+03 ,  2.269414e+03 , -2.602347e+03 , -4.483379e+03 , -2.974272e+03 ,  3.479922e+02 ,  2.935451e+03 ,  4.391043e+02 , -3.139710e+03 , -2.717825e+03 ,  3.293010e+03 , -2.578253e+02 ,  1.724347e+03 ,  5.417820e+02 ,  5.465165e+02 , -2.906198e+03 ,  4.366669e+02 , -1.779506e+03 ,  3.350080e+03 , -3.993592e+03 ,  1.971544e+03 , -1.733767e+03 ,  4.496634e+03 , -4.263307e+03 , -4.529698e+03 , -1.502102e+03 ,  4.829269e+03 ,  3.864414e+03 ,  2.359810e+03 , -4.149881e+03 , -4.099221e+03 , -4.548016e+02 , -1.251113e+03 ,  4.726030e+03 ,  3.594165e+03 ,  1.453032e+03 ,  1.569728e+03 ,  3.216194e+03 ,  3.449366e+03 ,  4.403977e+03 , -4.332693e+03 , -2.764244e+03 , -7.171053e+02 ,  4.911522e+03 , -2.080252e+03 ,  1.124161e+03 ,  1.173862e+03 ,  4.461484e+03 ,  4.035528e+02 , -1.512888e+03 ,]
angleInclination_array = [6.981317e-01 , 6.981317e-01 , 6.981317e-01 , 6.981317e-01 , 6.981317e-01 , 6.981317e-01 , 6.981317e-01 , 6.981317e-01 , 6.981317e-01 , 6.981317e-01 , 6.981317e-01 , 6.981317e-01 , 6.981317e-01 , 6.981317e-01 , 6.981317e-01 , 6.981317e-01 , 6.981317e-01 , 6.981317e-01 , 6.981317e-01 , 6.981317e-01 , 6.981317e-01 , 6.981317e-01 , 6.981317e-01 , 6.981317e-01 , 6.981317e-01 , 6.981317e-01 , 6.981317e-01 , 6.981317e-01 , 6.981317e-01 , 6.981317e-01 , 6.981317e-01 , 6.981317e-01 , 6.981317e-01 , 6.981317e-01 , 6.981317e-01 , 6.981317e-01 , 6.981317e-01 , 6.981317e-01 , 6.981317e-01 , 6.981317e-01 , 6.981317e-01 , 6.981317e-01 , 6.981317e-01 , 6.981317e-01 , 6.981317e-01 , 6.981317e-01 , 6.981317e-01 , 6.981317e-01 , 6.981317e-01 , 6.981317e-01 ,]
angleAzimuth_array = [3.490659e-01 , 3.490659e-01 , 3.490659e-01 , 3.490659e-01 , 3.490659e-01 , 3.490659e-01 , 3.490659e-01 , 3.490659e-01 , 3.490659e-01 , 3.490659e-01 , 3.490659e-01 , 3.490659e-01 , 3.490659e-01 , 3.490659e-01 , 3.490659e-01 , 3.490659e-01 , 3.490659e-01 , 3.490659e-01 , 3.490659e-01 , 3.490659e-01 , 3.490659e-01 , 3.490659e-01 , 3.490659e-01 , 3.490659e-01 , 3.490659e-01 , 3.490659e-01 , 3.490659e-01 , 3.490659e-01 , 3.490659e-01 , 3.490659e-01 , 3.490659e-01 , 3.490659e-01 , 3.490659e-01 , 3.490659e-01 , 3.490659e-01 , 3.490659e-01 , 3.490659e-01 , 3.490659e-01 , 3.490659e-01 , 3.490659e-01 , 3.490659e-01 , 3.490659e-01 , 3.490659e-01 , 3.490659e-01 , 3.490659e-01 , 3.490659e-01 , 3.490659e-01 , 3.490659e-01 , 3.490659e-01 , 3.490659e-01 ,]
