% ground truth for sim_inc100_az140.tif
% settings
number_of_spots = 50
pixel_size_nm = 51.200
image_size_nm = 14142.136
image_size_px = 275
wavelength = 500
par.objectiveNA = 2.17
objectiveFocalLength = 770
par.refractiveIndices = [1.310000e+00 , 2.170000e+00 , 2.170000e+00 ,]
par.nDiscretizationBFP = 129
par.backgroundNoise = 0.020
par.nPhotons = 500
positionX_nm_array = [-7.990013e+01 , -1.427437e+03 , -4.182155e+03 ,  1.126560e+03 , -1.764751e+03 ,  1.239062e+03 , -3.727194e+03 , -2.568369e+03 ,  1.093044e+03 ,  2.617195e+03 ,  4.923559e+03 ,  2.598297e+02 , -2.349237e+03 , -4.776998e+02 , -1.244333e+03 , -8.055993e+02 ,  9.031950e+02 , -4.604242e+03 , -2.516545e+03 , -3.609296e+03 ,  3.073876e+03 , -7.096447e+02 ,  3.845353e+03 ,  1.707835e+03 ,  4.453541e+03 , -1.418749e+03 ,  1.338282e+03 ,  3.066073e+03 , -4.874168e+03 ,  1.928788e+03 ,  2.356560e+03 , -4.785572e+03 , -4.699330e+03 , -2.422625e+02 ,  3.888615e+03 , -4.828091e+03 ,  3.289391e+03 , -2.471411e+03 ,  4.868490e+03 ,  3.191486e+03 , -1.352741e+03 , -9.613551e+01 , -3.445927e+03 , -3.356265e+02 ,  4.055340e+03 ,  2.140404e+03 ,  4.095805e+03 , -3.363147e+03 , -3.030058e+03 ,  4.856695e+03 ,]
positionY_nm_array = [8.115725e+01 ,  1.101284e+03 , -7.138984e+02 , -2.127766e+03 , -4.917769e+03 , -4.656551e+03 , -3.232761e+03 ,  3.896236e+03 ,  3.434847e+03 ,  4.409088e+03 , -6.447727e+02 , -3.838290e+03 , -2.314762e+03 , -1.433495e+03 ,  3.296330e+03 , -3.587435e+03 ,  4.757146e+02 ,  1.664970e+03 ,  1.731539e+03 ,  2.920930e+03 ,  2.040867e+03 , -4.750139e+03 ,  6.758794e+02 ,  2.322519e+03 ,  3.735424e+03 ,  4.458055e+03 , -7.364928e+02 , -2.354031e+03 ,  2.566066e+02 ,  1.123688e+03 , -3.663445e+03 ,  3.920263e+03 ,  2.879313e+03 ,  2.024126e+03 , -3.399801e+03 , -4.349463e+03 , -4.423491e+03 , -3.771935e+02 ,  1.954008e+03 , -3.974052e+02 , -2.199772e+03 ,  4.854968e+03 , -2.183113e+03 , -2.496646e+03 ,  2.696248e+03 , -1.728468e+03 , -2.142404e+03 , -4.900498e+03 ,  4.898008e+03 , -4.478673e+03 ,]
angleInclination_array = [1.745329e+00 , 1.745329e+00 , 1.745329e+00 , 1.745329e+00 , 1.745329e+00 , 1.745329e+00 , 1.745329e+00 , 1.745329e+00 , 1.745329e+00 , 1.745329e+00 , 1.745329e+00 , 1.745329e+00 , 1.745329e+00 , 1.745329e+00 , 1.745329e+00 , 1.745329e+00 , 1.745329e+00 , 1.745329e+00 , 1.745329e+00 , 1.745329e+00 , 1.745329e+00 , 1.745329e+00 , 1.745329e+00 , 1.745329e+00 , 1.745329e+00 , 1.745329e+00 , 1.745329e+00 , 1.745329e+00 , 1.745329e+00 , 1.745329e+00 , 1.745329e+00 , 1.745329e+00 , 1.745329e+00 , 1.745329e+00 , 1.745329e+00 , 1.745329e+00 , 1.745329e+00 , 1.745329e+00 , 1.745329e+00 , 1.745329e+00 , 1.745329e+00 , 1.745329e+00 , 1.745329e+00 , 1.745329e+00 , 1.745329e+00 , 1.745329e+00 , 1.745329e+00 , 1.745329e+00 , 1.745329e+00 , 1.745329e+00 ,]
angleAzimuth_array = [2.443461e+00 , 2.443461e+00 , 2.443461e+00 , 2.443461e+00 , 2.443461e+00 , 2.443461e+00 , 2.443461e+00 , 2.443461e+00 , 2.443461e+00 , 2.443461e+00 , 2.443461e+00 , 2.443461e+00 , 2.443461e+00 , 2.443461e+00 , 2.443461e+00 , 2.443461e+00 , 2.443461e+00 , 2.443461e+00 , 2.443461e+00 , 2.443461e+00 , 2.443461e+00 , 2.443461e+00 , 2.443461e+00 , 2.443461e+00 , 2.443461e+00 , 2.443461e+00 , 2.443461e+00 , 2.443461e+00 , 2.443461e+00 , 2.443461e+00 , 2.443461e+00 , 2.443461e+00 , 2.443461e+00 , 2.443461e+00 , 2.443461e+00 , 2.443461e+00 , 2.443461e+00 , 2.443461e+00 , 2.443461e+00 , 2.443461e+00 , 2.443461e+00 , 2.443461e+00 , 2.443461e+00 , 2.443461e+00 , 2.443461e+00 , 2.443461e+00 , 2.443461e+00 , 2.443461e+00 , 2.443461e+00 , 2.443461e+00 ,]
