% ground truth for sim_inc100_az0.tif
% settings
number_of_spots = 50
pixel_size_nm = 51.200
image_size_nm = 14142.136
image_size_px = 275
wavelength = 500
par.objectiveNA = 2.17
objectiveFocalLength = 770
par.refractiveIndices = [1.310000e+00 , 2.170000e+00 , 2.170000e+00 ,]
par.nDiscretizationBFP = 129
par.backgroundNoise = 0.020
par.nPhotons = 500
positionX_nm_array = [2.865208e+03 ,  4.796064e+03 , -4.361203e+03 , -3.408994e+03 , -2.159291e+03 , -1.600998e+02 ,  2.539864e+03 ,  2.056829e+03 ,  3.494396e+03 ,  4.441691e+03 ,  1.869276e+03 ,  2.089681e+03 , -4.135044e+03 , -3.676562e+03 ,  4.792234e+03 ,  1.571734e+03 , -4.409572e+03 , -1.018453e+03 ,  4.945454e+03 ,  2.719585e+02 , -1.943989e+03 , -2.186912e+03 ,  4.927264e+03 , -1.693033e+03 , -8.102127e+01 ,  3.855474e+03 ,  3.227583e+03 ,  3.944295e+03 ,  4.896526e+03 , -1.330407e+03 , -3.434689e+03 , -3.416159e+03 ,  1.571072e+03 ,  5.589385e+02 , -2.580459e+03 ,  1.101374e+03 , -3.020005e+03 , -1.702739e+02 , -3.101084e+03 , -1.465659e+03 , -3.428690e+03 ,  1.078846e+03 , -4.760707e+03 , -1.153978e+03 ,  2.569447e+03 , -4.811077e+03 ,  1.828078e+03 ,  2.514634e+02 ,  3.331383e+03 , -4.585105e+03 ,]
positionY_nm_array = [3.332657e+02 ,  1.848566e+03 ,  3.821198e+01 , -5.986509e+02 ,  1.539737e+03 , -9.559766e+02 ,  2.691951e+03 , -4.388909e+03 ,  4.228376e+03 , -4.560159e+03 ,  4.617352e+03 , -1.533394e+03 ,  3.226743e+03 , -2.090909e+03 ,  3.541205e+03 ,  3.378551e+03 ,  4.754892e+03 ,  1.051825e+02 , -8.428329e+02 ,  4.254363e+03 , -3.270803e+02 , -3.746058e+03 ,  2.546551e+02 ,  3.321512e+03 , -4.311318e+03 , -1.077985e+02 , -1.807645e+03 ,  1.120338e+03 , -2.873550e+03 ,  4.472713e+03 , -4.530403e+03 , -3.215702e+03 , -2.570463e+03 , -1.976873e+03 , -1.868488e+03 ,  1.377523e+03 ,  2.871679e+03 ,  1.069407e+03 ,  4.276863e+03 , -2.303097e+03 ,  1.511853e+03 , -6.354621e+02 , -1.575582e+03 , -1.139830e+03 , -3.409598e+03 ,  1.095185e+03 ,  5.293692e+02 ,  2.185452e+03 , -4.608023e+03 , -3.536247e+03 ,]
angleInclination_array = [1.745329e+00 , 1.745329e+00 , 1.745329e+00 , 1.745329e+00 , 1.745329e+00 , 1.745329e+00 , 1.745329e+00 , 1.745329e+00 , 1.745329e+00 , 1.745329e+00 , 1.745329e+00 , 1.745329e+00 , 1.745329e+00 , 1.745329e+00 , 1.745329e+00 , 1.745329e+00 , 1.745329e+00 , 1.745329e+00 , 1.745329e+00 , 1.745329e+00 , 1.745329e+00 , 1.745329e+00 , 1.745329e+00 , 1.745329e+00 , 1.745329e+00 , 1.745329e+00 , 1.745329e+00 , 1.745329e+00 , 1.745329e+00 , 1.745329e+00 , 1.745329e+00 , 1.745329e+00 , 1.745329e+00 , 1.745329e+00 , 1.745329e+00 , 1.745329e+00 , 1.745329e+00 , 1.745329e+00 , 1.745329e+00 , 1.745329e+00 , 1.745329e+00 , 1.745329e+00 , 1.745329e+00 , 1.745329e+00 , 1.745329e+00 , 1.745329e+00 , 1.745329e+00 , 1.745329e+00 , 1.745329e+00 , 1.745329e+00 ,]
angleAzimuth_array = [0 , 0 , 0 , 0 , 0 , 0 , 0 , 0 , 0 , 0 , 0 , 0 , 0 , 0 , 0 , 0 , 0 , 0 , 0 , 0 , 0 , 0 , 0 , 0 , 0 , 0 , 0 , 0 , 0 , 0 , 0 , 0 , 0 , 0 , 0 , 0 , 0 , 0 , 0 , 0 , 0 , 0 , 0 , 0 , 0 , 0 , 0 , 0 , 0 , 0 ,]
