% ground truth for sim_inc170_az40.tif
% settings
number_of_spots = 50
pixel_size_nm = 51.200
image_size_nm = 14142.136
image_size_px = 275
wavelength = 500
par.objectiveNA = 2.17
objectiveFocalLength = 770
par.refractiveIndices = [1.310000e+00 , 2.170000e+00 , 2.170000e+00 ,]
par.nDiscretizationBFP = 129
par.backgroundNoise = 0.020
par.nPhotons = 500
positionX_nm_array = [3.079765e+03 , -4.726980e+03 , -4.330800e+02 , -1.717418e+02 ,  2.421821e+03 ,  1.843907e+00 , -3.245687e+03 ,  4.827630e+03 ,  6.798014e+02 ,  3.505103e+03 , -3.660296e+03 ,  4.700448e+03 ,  2.387141e+03 , -3.505878e+03 , -4.274307e+03 , -3.145740e+02 ,  3.157598e+03 ,  4.543242e+03 ,  4.285545e+03 , -6.329408e+02 , -3.994653e+03 ,  1.096404e+03 ,  3.825612e+03 ,  8.819988e+02 , -4.377924e+03 , -1.899701e+03 , -1.150149e+03 , -1.872259e+03 ,  3.223842e+03 ,  4.269360e+03 ,  1.889437e+03 , -4.596106e+03 , -8.440887e+01 , -2.236330e+03 , -1.934315e+03 ,  7.132999e+02 , -1.409397e+03 ,  9.059047e+02 , -3.266911e+03 , -3.170460e+03 , -2.399658e+03 , -2.550491e+03 , -9.631769e+02 ,  3.676789e+03 ,  4.834949e+03 ,  1.353964e+03 , -4.422316e+03 , -1.339175e+03 ,  1.809368e+03 ,  2.845948e+03 ,]
positionY_nm_array = [2.428743e+03 ,  4.535306e+03 ,  4.409326e+03 ,  1.377149e+03 , -1.635058e+03 ,  3.863230e+02 , -3.149028e+03 ,  1.261566e+03 , -1.389413e+03 , -1.278948e+03 ,  4.266031e+03 , -4.567492e+03 , -4.060707e+03 ,  2.065007e+03 ,  3.179194e+03 , -6.967154e+02 ,  4.368467e+03 , -3.246066e+03 ,  3.232398e+03 , -3.936088e+03 , -3.984589e+03 , -4.128931e+03 ,  1.144191e+03 ,  1.584253e+03 , -7.545436e+02 , -2.070693e+03 , -2.743684e+03 ,  4.109619e+03 , -4.853509e+03 , -2.627234e+02 ,  7.485358e+02 ,  5.181634e+02 ,  2.642786e+03 ,  3.130161e+03 ,  5.232393e+02 , -3.039352e+03 , -5.534431e+02 ,  4.293393e+03 ,  6.831029e+02 , -2.078190e+03 , -7.159190e+02 , -4.035089e+03 ,  3.274522e+03 , -3.873266e+03 ,  4.224243e+03 , -6.207556e+02 , -2.451280e+03 ,  1.654302e+03 ,  4.809524e+03 ,  4.073101e+02 ,]
angleInclination_array = [2.967060e+00 , 2.967060e+00 , 2.967060e+00 , 2.967060e+00 , 2.967060e+00 , 2.967060e+00 , 2.967060e+00 , 2.967060e+00 , 2.967060e+00 , 2.967060e+00 , 2.967060e+00 , 2.967060e+00 , 2.967060e+00 , 2.967060e+00 , 2.967060e+00 , 2.967060e+00 , 2.967060e+00 , 2.967060e+00 , 2.967060e+00 , 2.967060e+00 , 2.967060e+00 , 2.967060e+00 , 2.967060e+00 , 2.967060e+00 , 2.967060e+00 , 2.967060e+00 , 2.967060e+00 , 2.967060e+00 , 2.967060e+00 , 2.967060e+00 , 2.967060e+00 , 2.967060e+00 , 2.967060e+00 , 2.967060e+00 , 2.967060e+00 , 2.967060e+00 , 2.967060e+00 , 2.967060e+00 , 2.967060e+00 , 2.967060e+00 , 2.967060e+00 , 2.967060e+00 , 2.967060e+00 , 2.967060e+00 , 2.967060e+00 , 2.967060e+00 , 2.967060e+00 , 2.967060e+00 , 2.967060e+00 , 2.967060e+00 ,]
angleAzimuth_array = [6.981317e-01 , 6.981317e-01 , 6.981317e-01 , 6.981317e-01 , 6.981317e-01 , 6.981317e-01 , 6.981317e-01 , 6.981317e-01 , 6.981317e-01 , 6.981317e-01 , 6.981317e-01 , 6.981317e-01 , 6.981317e-01 , 6.981317e-01 , 6.981317e-01 , 6.981317e-01 , 6.981317e-01 , 6.981317e-01 , 6.981317e-01 , 6.981317e-01 , 6.981317e-01 , 6.981317e-01 , 6.981317e-01 , 6.981317e-01 , 6.981317e-01 , 6.981317e-01 , 6.981317e-01 , 6.981317e-01 , 6.981317e-01 , 6.981317e-01 , 6.981317e-01 , 6.981317e-01 , 6.981317e-01 , 6.981317e-01 , 6.981317e-01 , 6.981317e-01 , 6.981317e-01 , 6.981317e-01 , 6.981317e-01 , 6.981317e-01 , 6.981317e-01 , 6.981317e-01 , 6.981317e-01 , 6.981317e-01 , 6.981317e-01 , 6.981317e-01 , 6.981317e-01 , 6.981317e-01 , 6.981317e-01 , 6.981317e-01 ,]
