% ground truth for sim_inc60_az160.tif
% settings
number_of_spots = 50
pixel_size_nm = 51.200
image_size_nm = 14142.136
image_size_px = 275
wavelength = 500
par.objectiveNA = 2.17
objectiveFocalLength = 770
par.refractiveIndices = [1.310000e+00 , 2.170000e+00 , 2.170000e+00 ,]
par.nDiscretizationBFP = 129
par.backgroundNoise = 0.020
par.nPhotons = 500
positionX_nm_array = [-2.804272e+03 , -3.007481e+03 ,  2.330398e+03 , -5.865068e+02 , -8.044855e+02 ,  4.399117e+03 , -3.011782e+03 ,  2.492761e+03 ,  7.205810e+02 ,  5.300205e+02 ,  4.870601e+03 , -2.185530e+03 ,  3.287034e+02 ,  6.780891e+02 , -2.898879e+03 ,  4.823902e+03 , -4.670848e+03 ,  4.977025e+02 ,  6.617346e+02 ,  3.562880e+03 , -3.507827e+03 , -1.815738e+03 , -1.811463e+03 , -3.996497e+03 , -4.770638e+03 ,  2.293080e+03 , -1.945087e+03 ,  2.597678e+03 ,  4.026292e+03 ,  1.300191e+03 , -4.278382e+03 , -5.858094e+02 ,  3.241024e+03 ,  3.543869e+03 , -1.551945e+03 , -9.470547e+02 ,  4.790824e+03 , -4.132026e+03 , -3.326731e+03 ,  2.427100e+03 ,  4.794540e+03 ,  4.935596e+03 , -6.532703e+02 , -4.906901e+03 ,  1.505740e+03 , -1.532825e+03 ,  3.413864e+03 , -3.745506e+03 ,  3.761191e+03 , -2.626818e+03 ,]
positionY_nm_array = [-2.423092e+03 ,  2.182769e+03 , -3.116100e+03 , -2.937783e+03 , -1.580714e+03 , -4.292435e+03 , -9.107266e+02 ,  1.288664e+03 , -4.931301e+03 , -3.718094e+03 , -1.520278e+03 ,  1.487202e+03 , -7.471532e+02 ,  4.683980e+03 , -4.411643e+03 ,  2.472531e+03 , -1.263424e+03 , -2.371579e+03 ,  1.404149e+03 , -1.712672e+03 ,  3.954351e+03 , -6.217772e+02 , -2.738176e+03 ,  1.824377e+02 , -4.149923e+03 , -4.795668e+03 ,  2.672616e+03 , -2.026331e+03 , -2.808866e+02 ,  3.595438e+03 ,  3.091835e+03 ,  4.924512e+03 ,  3.050853e+03 , -4.836413e+03 , -3.930091e+03 ,  2.237655e+03 ,  4.523201e+03 ,  1.759869e+03 ,  1.088127e+03 ,  4.108074e+03 , -3.185352e+03 ,  1.225410e+03 , -4.689814e+03 , -2.404234e+03 , -4.041839e+03 ,  3.656942e+03 ,  4.305944e+03 , -3.324418e+03 ,  9.489203e+02 ,  1.897950e+01 ,]
angleInclination_array = [1.047198e+00 , 1.047198e+00 , 1.047198e+00 , 1.047198e+00 , 1.047198e+00 , 1.047198e+00 , 1.047198e+00 , 1.047198e+00 , 1.047198e+00 , 1.047198e+00 , 1.047198e+00 , 1.047198e+00 , 1.047198e+00 , 1.047198e+00 , 1.047198e+00 , 1.047198e+00 , 1.047198e+00 , 1.047198e+00 , 1.047198e+00 , 1.047198e+00 , 1.047198e+00 , 1.047198e+00 , 1.047198e+00 , 1.047198e+00 , 1.047198e+00 , 1.047198e+00 , 1.047198e+00 , 1.047198e+00 , 1.047198e+00 , 1.047198e+00 , 1.047198e+00 , 1.047198e+00 , 1.047198e+00 , 1.047198e+00 , 1.047198e+00 , 1.047198e+00 , 1.047198e+00 , 1.047198e+00 , 1.047198e+00 , 1.047198e+00 , 1.047198e+00 , 1.047198e+00 , 1.047198e+00 , 1.047198e+00 , 1.047198e+00 , 1.047198e+00 , 1.047198e+00 , 1.047198e+00 , 1.047198e+00 , 1.047198e+00 ,]
angleAzimuth_array = [2.792527e+00 , 2.792527e+00 , 2.792527e+00 , 2.792527e+00 , 2.792527e+00 , 2.792527e+00 , 2.792527e+00 , 2.792527e+00 , 2.792527e+00 , 2.792527e+00 , 2.792527e+00 , 2.792527e+00 , 2.792527e+00 , 2.792527e+00 , 2.792527e+00 , 2.792527e+00 , 2.792527e+00 , 2.792527e+00 , 2.792527e+00 , 2.792527e+00 , 2.792527e+00 , 2.792527e+00 , 2.792527e+00 , 2.792527e+00 , 2.792527e+00 , 2.792527e+00 , 2.792527e+00 , 2.792527e+00 , 2.792527e+00 , 2.792527e+00 , 2.792527e+00 , 2.792527e+00 , 2.792527e+00 , 2.792527e+00 , 2.792527e+00 , 2.792527e+00 , 2.792527e+00 , 2.792527e+00 , 2.792527e+00 , 2.792527e+00 , 2.792527e+00 , 2.792527e+00 , 2.792527e+00 , 2.792527e+00 , 2.792527e+00 , 2.792527e+00 , 2.792527e+00 , 2.792527e+00 , 2.792527e+00 , 2.792527e+00 ,]
