% ground truth for sim_inc30_az200.tif
% settings
number_of_spots = 50
pixel_size_nm = 51.200
image_size_nm = 14142.136
image_size_px = 275
wavelength = 500
par.objectiveNA = 2.17
objectiveFocalLength = 770
par.refractiveIndices = [1.310000e+00 , 2.170000e+00 , 2.170000e+00 ,]
par.nDiscretizationBFP = 129
par.backgroundNoise = 0.020
par.nPhotons = 500
positionX_nm_array = [8.955009e+02 ,  2.297336e+03 , -2.883880e+03 , -1.789045e+03 , -2.708561e+03 , -1.521676e+02 ,  2.423252e+03 ,  4.215895e+03 ,  8.476708e+02 , -4.071033e+03 , -1.329508e+03 , -3.018003e+01 , -2.275398e+03 ,  1.090617e+03 ,  3.639790e+03 ,  2.330308e+03 ,  3.877154e+03 ,  3.695128e+03 , -1.710787e+03 , -4.572231e+03 , -4.058655e+03 ,  3.097604e+01 ,  2.969526e+03 , -1.003053e+03 , -3.835539e+03 ,  1.683561e+03 , -3.000286e+03 ,  3.423593e+03 , -4.811519e+03 , -2.367746e+03 , -4.392139e+03 ,  8.118036e+02 , -1.194549e+03 ,  9.797454e+02 , -1.409443e+03 ,  2.203011e+03 ,  4.946503e+03 ,  4.544153e+03 , -3.683974e+03 , -8.795620e+02 , -3.916486e+03 ,  3.317081e+02 ,  4.799542e+03 ,  4.859688e+03 , -9.945493e+02 ,  4.796789e+03 ,  4.852846e+03 , -2.774161e+03 , -1.768285e+03 ,  2.872904e+03 ,]
positionY_nm_array = [-1.703444e+03 ,  3.113831e+03 , -3.026558e+03 , -5.352718e+02 ,  4.786565e+03 ,  1.369489e+03 , -3.307118e+03 , -3.915022e+03 ,  4.695391e+03 , -3.542389e+03 , -2.740438e+03 , -3.208149e+03 , -4.815550e+03 , -3.474508e+03 , -9.730484e+02 , -1.635705e+03 , -2.882887e+03 ,  1.109069e+03 ,  1.725975e+03 , -4.638992e+03 , -7.785895e+01 ,  3.640915e+02 ,  4.582926e+03 , -1.391650e+03 ,  2.643834e+03 , -1.133962e+02 , -2.762057e+02 ,  3.057142e+03 ,  1.786664e+03 , -2.158375e+03 ,  4.945292e+03 , -4.794491e+03 , -3.876775e+03 ,  2.207555e+03 ,  3.039719e+03 ,  1.251219e+03 , -3.228021e+03 ,  1.950135e+03 ,  3.988830e+03 , -1.184472e+02 , -1.100660e+03 ,  3.260676e+03 , -1.893772e+03 , -7.435857e+02 , -4.892384e+03 ,  4.202419e+03 ,  7.965477e+02 ,  2.785029e+03 ,  4.314458e+03 , -4.536238e+03 ,]
angleInclination_array = [5.235988e-01 , 5.235988e-01 , 5.235988e-01 , 5.235988e-01 , 5.235988e-01 , 5.235988e-01 , 5.235988e-01 , 5.235988e-01 , 5.235988e-01 , 5.235988e-01 , 5.235988e-01 , 5.235988e-01 , 5.235988e-01 , 5.235988e-01 , 5.235988e-01 , 5.235988e-01 , 5.235988e-01 , 5.235988e-01 , 5.235988e-01 , 5.235988e-01 , 5.235988e-01 , 5.235988e-01 , 5.235988e-01 , 5.235988e-01 , 5.235988e-01 , 5.235988e-01 , 5.235988e-01 , 5.235988e-01 , 5.235988e-01 , 5.235988e-01 , 5.235988e-01 , 5.235988e-01 , 5.235988e-01 , 5.235988e-01 , 5.235988e-01 , 5.235988e-01 , 5.235988e-01 , 5.235988e-01 , 5.235988e-01 , 5.235988e-01 , 5.235988e-01 , 5.235988e-01 , 5.235988e-01 , 5.235988e-01 , 5.235988e-01 , 5.235988e-01 , 5.235988e-01 , 5.235988e-01 , 5.235988e-01 , 5.235988e-01 ,]
angleAzimuth_array = [3.490659e+00 , 3.490659e+00 , 3.490659e+00 , 3.490659e+00 , 3.490659e+00 , 3.490659e+00 , 3.490659e+00 , 3.490659e+00 , 3.490659e+00 , 3.490659e+00 , 3.490659e+00 , 3.490659e+00 , 3.490659e+00 , 3.490659e+00 , 3.490659e+00 , 3.490659e+00 , 3.490659e+00 , 3.490659e+00 , 3.490659e+00 , 3.490659e+00 , 3.490659e+00 , 3.490659e+00 , 3.490659e+00 , 3.490659e+00 , 3.490659e+00 , 3.490659e+00 , 3.490659e+00 , 3.490659e+00 , 3.490659e+00 , 3.490659e+00 , 3.490659e+00 , 3.490659e+00 , 3.490659e+00 , 3.490659e+00 , 3.490659e+00 , 3.490659e+00 , 3.490659e+00 , 3.490659e+00 , 3.490659e+00 , 3.490659e+00 , 3.490659e+00 , 3.490659e+00 , 3.490659e+00 , 3.490659e+00 , 3.490659e+00 , 3.490659e+00 , 3.490659e+00 , 3.490659e+00 , 3.490659e+00 , 3.490659e+00 ,]
