% ground truth for sim_inc100_az320.tif
% settings
number_of_spots = 50
pixel_size_nm = 51.200
image_size_nm = 14142.136
image_size_px = 275
wavelength = 500
par.objectiveNA = 2.17
objectiveFocalLength = 770
par.refractiveIndices = [1.310000e+00 , 2.170000e+00 , 2.170000e+00 ,]
par.nDiscretizationBFP = 129
par.backgroundNoise = 0.020
par.nPhotons = 500
positionX_nm_array = [3.079694e+03 ,  4.744175e+03 , -1.090448e+03 ,  2.898778e+03 , -4.754730e+02 ,  2.340941e+03 , -1.447065e+03 , -3.645151e+03 , -2.950925e+03 ,  3.866565e+03 , -2.504959e+03 ,  5.585406e+02 , -3.555072e+03 , -3.253211e+03 , -3.507172e+03 ,  8.975552e+02 ,  1.199426e+03 ,  4.827756e+03 ,  9.847775e+02 , -1.640008e+03 , -2.094937e+03 ,  3.069034e+03 ,  2.891306e+03 ,  4.493578e+03 , -4.457284e+03 , -3.283435e+03 ,  4.117450e+03 ,  2.230023e+01 , -4.942814e+03 , -1.657760e+03 ,  8.022353e+02 , -4.645348e+03 ,  1.679263e+03 , -5.264692e+02 ,  2.036930e+03 ,  3.464782e+03 ,  4.389271e+03 , -1.836239e+02 , -2.265318e+03 ,  4.609151e+03 , -4.528362e+03 ,  3.844465e+02 ,  3.431674e+03 , -4.919577e+03 ,  4.698102e+03 , -4.820037e+03 ,  2.998760e+03 ,  9.865484e+02 , -1.440838e+03 , -1.174151e+03 ,]
positionY_nm_array = [3.069769e+03 , -4.552461e+03 ,  1.508621e+03 , -2.747645e+03 , -7.168040e+02 , -3.331751e+02 , -2.780189e+03 , -4.669318e+03 ,  3.243541e+03 , -1.832845e+03 , -4.145560e+03 , -2.046131e+03 ,  1.367316e+03 , -1.789686e+02 ,  4.522620e+03 , -1.581912e+02 ,  2.891322e+03 , -2.146296e+03 , -4.282801e+03 ,  4.736014e+02 ,  2.341094e+03 ,  4.941455e+03 ,  1.529476e+03 ,  1.144819e+03 ,  3.233679e+02 , -2.123075e+03 ,  3.855480e+03 ,  4.021365e+03 , -2.157723e+03 ,  4.918148e+03 ,  9.339244e+02 ,  2.860382e+03 , -1.989803e+03 , -2.044014e+03 ,  3.518076e+03 ,  2.057944e+02 , -3.123301e+03 ,  5.465554e+02 , -1.419293e+03 , -1.088030e+03 ,  4.013575e+03 ,  2.284085e+03 , -4.448072e+03 , -1.121729e+03 ,  4.690366e+03 , -4.547660e+03 , -1.169567e+03 , -3.032019e+03 ,  3.124791e+03 , -4.844129e+03 ,]
angleInclination_array = [1.745329e+00 , 1.745329e+00 , 1.745329e+00 , 1.745329e+00 , 1.745329e+00 , 1.745329e+00 , 1.745329e+00 , 1.745329e+00 , 1.745329e+00 , 1.745329e+00 , 1.745329e+00 , 1.745329e+00 , 1.745329e+00 , 1.745329e+00 , 1.745329e+00 , 1.745329e+00 , 1.745329e+00 , 1.745329e+00 , 1.745329e+00 , 1.745329e+00 , 1.745329e+00 , 1.745329e+00 , 1.745329e+00 , 1.745329e+00 , 1.745329e+00 , 1.745329e+00 , 1.745329e+00 , 1.745329e+00 , 1.745329e+00 , 1.745329e+00 , 1.745329e+00 , 1.745329e+00 , 1.745329e+00 , 1.745329e+00 , 1.745329e+00 , 1.745329e+00 , 1.745329e+00 , 1.745329e+00 , 1.745329e+00 , 1.745329e+00 , 1.745329e+00 , 1.745329e+00 , 1.745329e+00 , 1.745329e+00 , 1.745329e+00 , 1.745329e+00 , 1.745329e+00 , 1.745329e+00 , 1.745329e+00 , 1.745329e+00 ,]
angleAzimuth_array = [5.585054e+00 , 5.585054e+00 , 5.585054e+00 , 5.585054e+00 , 5.585054e+00 , 5.585054e+00 , 5.585054e+00 , 5.585054e+00 , 5.585054e+00 , 5.585054e+00 , 5.585054e+00 , 5.585054e+00 , 5.585054e+00 , 5.585054e+00 , 5.585054e+00 , 5.585054e+00 , 5.585054e+00 , 5.585054e+00 , 5.585054e+00 , 5.585054e+00 , 5.585054e+00 , 5.585054e+00 , 5.585054e+00 , 5.585054e+00 , 5.585054e+00 , 5.585054e+00 , 5.585054e+00 , 5.585054e+00 , 5.585054e+00 , 5.585054e+00 , 5.585054e+00 , 5.585054e+00 , 5.585054e+00 , 5.585054e+00 , 5.585054e+00 , 5.585054e+00 , 5.585054e+00 , 5.585054e+00 , 5.585054e+00 , 5.585054e+00 , 5.585054e+00 , 5.585054e+00 , 5.585054e+00 , 5.585054e+00 , 5.585054e+00 , 5.585054e+00 , 5.585054e+00 , 5.585054e+00 , 5.585054e+00 , 5.585054e+00 ,]
