% ground truth for sim_inc70_az260.tif
% settings
number_of_spots = 50
pixel_size_nm = 51.200
image_size_nm = 14142.136
image_size_px = 275
wavelength = 500
par.objectiveNA = 2.17
objectiveFocalLength = 770
par.refractiveIndices = [1.310000e+00 , 2.170000e+00 , 2.170000e+00 ,]
par.nDiscretizationBFP = 129
par.backgroundNoise = 0.020
par.nPhotons = 500
positionX_nm_array = [-3.535809e+03 ,  4.560039e+03 , -1.641509e+03 ,  5.236201e+02 , -1.059377e+03 , -2.131129e+03 ,  4.593227e+03 , -3.804132e+03 ,  1.222970e+03 , -2.087446e+03 , -2.457325e+02 ,  1.056039e+03 ,  3.527424e+03 ,  3.571016e+03 ,  3.576975e+03 , -1.542448e+02 , -2.801033e+02 , -5.297376e+02 , -3.916091e+03 , -4.852862e+03 ,  3.963653e+01 , -1.271389e+03 ,  2.596629e+03 ,  4.935968e+03 ,  2.134092e+03 ,  1.652466e+03 ,  3.327409e+03 ,  9.962808e+02 , -4.781466e+03 ,  2.501509e+03 , -2.944168e+03 , -1.136936e+03 , -2.287456e+03 , -4.823495e+03 , -4.338935e+03 , -2.439574e+03 ,  1.117052e+03 ,  2.268242e+03 ,  5.864422e+01 , -3.244926e+03 , -3.096230e+03 ,  3.176585e+03 ,  3.858125e+03 , -2.510683e+03 , -1.673491e+03 ,  4.468763e+03 ,  4.874863e+03 ,  3.935762e+03 ,  9.584685e+02 ,  2.202882e+03 ,]
positionY_nm_array = [-4.794402e+02 , -3.290495e+03 ,  1.100531e+03 , -1.497764e+03 , -7.421586e+02 ,  3.174836e+03 ,  2.439330e+03 , -2.612001e+03 ,  4.597890e+02 , -1.701759e+03 ,  6.864477e+02 ,  2.174359e+03 , -3.568129e+03 , -1.078697e+03 ,  1.455031e+03 , -3.721861e+03 , -2.313918e+03 ,  3.678545e+03 ,  4.557935e+03 , -4.504882e+03 , -3.357799e+02 , -3.952556e+03 , -4.114460e+03 ,  4.343517e+02 , -2.480146e+03 , -7.206725e+02 , -2.218913e+03 , -4.020901e+03 ,  2.678704e+03 ,  4.185235e+03 ,  3.883901e+03 ,  2.062561e+03 , -2.825210e+03 ,  5.742086e+02 , -3.597739e+03 ,  3.835552e+02 ,  4.510140e+03 ,  3.143819e+03 , -4.757982e+03 ,  1.978147e+03 , -1.658524e+03 ,  3.625716e+02 ,  3.468397e+03 , -4.530991e+03 ,  4.452645e+03 ,  4.476723e+03 , -1.071631e+03 , -4.540311e+03 , -2.433956e+03 ,  1.154174e+03 ,]
angleInclination_array = [1.221730e+00 , 1.221730e+00 , 1.221730e+00 , 1.221730e+00 , 1.221730e+00 , 1.221730e+00 , 1.221730e+00 , 1.221730e+00 , 1.221730e+00 , 1.221730e+00 , 1.221730e+00 , 1.221730e+00 , 1.221730e+00 , 1.221730e+00 , 1.221730e+00 , 1.221730e+00 , 1.221730e+00 , 1.221730e+00 , 1.221730e+00 , 1.221730e+00 , 1.221730e+00 , 1.221730e+00 , 1.221730e+00 , 1.221730e+00 , 1.221730e+00 , 1.221730e+00 , 1.221730e+00 , 1.221730e+00 , 1.221730e+00 , 1.221730e+00 , 1.221730e+00 , 1.221730e+00 , 1.221730e+00 , 1.221730e+00 , 1.221730e+00 , 1.221730e+00 , 1.221730e+00 , 1.221730e+00 , 1.221730e+00 , 1.221730e+00 , 1.221730e+00 , 1.221730e+00 , 1.221730e+00 , 1.221730e+00 , 1.221730e+00 , 1.221730e+00 , 1.221730e+00 , 1.221730e+00 , 1.221730e+00 , 1.221730e+00 ,]
angleAzimuth_array = [4.537856e+00 , 4.537856e+00 , 4.537856e+00 , 4.537856e+00 , 4.537856e+00 , 4.537856e+00 , 4.537856e+00 , 4.537856e+00 , 4.537856e+00 , 4.537856e+00 , 4.537856e+00 , 4.537856e+00 , 4.537856e+00 , 4.537856e+00 , 4.537856e+00 , 4.537856e+00 , 4.537856e+00 , 4.537856e+00 , 4.537856e+00 , 4.537856e+00 , 4.537856e+00 , 4.537856e+00 , 4.537856e+00 , 4.537856e+00 , 4.537856e+00 , 4.537856e+00 , 4.537856e+00 , 4.537856e+00 , 4.537856e+00 , 4.537856e+00 , 4.537856e+00 , 4.537856e+00 , 4.537856e+00 , 4.537856e+00 , 4.537856e+00 , 4.537856e+00 , 4.537856e+00 , 4.537856e+00 , 4.537856e+00 , 4.537856e+00 , 4.537856e+00 , 4.537856e+00 , 4.537856e+00 , 4.537856e+00 , 4.537856e+00 , 4.537856e+00 , 4.537856e+00 , 4.537856e+00 , 4.537856e+00 , 4.537856e+00 ,]
