% ground truth for sim_inc0_az280.tif
% settings
number_of_spots = 50
pixel_size_nm = 51.200
image_size_nm = 14142.136
image_size_px = 275
wavelength = 500
par.objectiveNA = 2.17
objectiveFocalLength = 770
par.refractiveIndices = [1.310000e+00 , 2.170000e+00 , 2.170000e+00 ,]
par.nDiscretizationBFP = 129
par.backgroundNoise = 0.020
par.nPhotons = 500
positionX_nm_array = [6.678491e+02 , -2.266439e+03 ,  4.401154e+03 , -2.465217e+03 ,  1.358635e+03 ,  2.808501e+03 , -4.703444e+03 ,  3.546902e+03 , -1.065176e+03 , -3.159750e+02 ,  2.582397e+02 , -4.828858e+03 ,  1.041901e+03 , -9.477529e+02 , -2.578207e+03 ,  3.997532e+03 ,  4.831490e+03 , -3.587690e+03 ,  4.352051e+03 ,  2.746500e+03 ,  1.722022e+03 ,  2.258560e+03 , -8.665158e+02 ,  3.887510e+03 , -1.899608e+03 , -3.870803e+03 , -8.463856e+02 ,  5.150413e+02 , -6.748147e+02 , -1.909208e+03 , -2.758357e+03 , -4.940663e+03 ,  8.548967e+02 , -4.231496e+03 , -3.322128e+03 ,  3.214850e+03 , -3.415333e+03 ,  3.004976e+02 , -4.841850e+03 ,  4.623567e+03 ,  3.027563e+03 , -1.253676e+03 , -2.410896e+03 ,  1.682681e+03 ,  1.324099e+03 , -3.562345e+03 , -3.170211e+03 , -4.155635e+03 ,  1.608335e+03 ,  4.898162e+03 ,]
positionY_nm_array = [-2.440682e+03 ,  3.086254e+03 , -1.858824e+03 , -1.616052e+02 ,  2.838738e+03 ,  6.632563e+02 , -1.226168e+03 , -4.598781e+03 ,  3.674002e+03 ,  2.077444e+03 , -1.391787e+03 , -2.829939e+03 , -3.519887e+03 ,  9.149787e+02 , -3.465535e+03 ,  1.976706e+03 , -3.148632e+03 , -4.104002e+03 ,  3.809867e+01 , -3.686353e+03 , -1.019242e+03 , -2.679518e+03 , -1.916915e+03 ,  3.245002e+03 ,  4.487502e+03 ,  2.761659e+03 , -3.137837e+03 , -1.367593e+02 , -5.193440e+02 , -1.737334e+03 , -2.461957e+03 , -3.944954e+03 ,  1.566271e+03 ,  4.486875e+03 ,  1.888095e+03 ,  4.522651e+03 , -9.823754e+02 ,  3.996549e+03 ,  3.142118e+03 ,  1.126098e+03 , -4.037787e+02 , -4.881401e+03 , -4.763903e+03 ,  7.320296e+02 , -4.859473e+03 , -3.062286e+03 ,  4.413226e+03 , -2.161501e+02 ,  4.911588e+03 ,  2.753729e+03 ,]
angleInclination_array = [0 , 0 , 0 , 0 , 0 , 0 , 0 , 0 , 0 , 0 , 0 , 0 , 0 , 0 , 0 , 0 , 0 , 0 , 0 , 0 , 0 , 0 , 0 , 0 , 0 , 0 , 0 , 0 , 0 , 0 , 0 , 0 , 0 , 0 , 0 , 0 , 0 , 0 , 0 , 0 , 0 , 0 , 0 , 0 , 0 , 0 , 0 , 0 , 0 , 0 ,]
angleAzimuth_array = [4.886922e+00 , 4.886922e+00 , 4.886922e+00 , 4.886922e+00 , 4.886922e+00 , 4.886922e+00 , 4.886922e+00 , 4.886922e+00 , 4.886922e+00 , 4.886922e+00 , 4.886922e+00 , 4.886922e+00 , 4.886922e+00 , 4.886922e+00 , 4.886922e+00 , 4.886922e+00 , 4.886922e+00 , 4.886922e+00 , 4.886922e+00 , 4.886922e+00 , 4.886922e+00 , 4.886922e+00 , 4.886922e+00 , 4.886922e+00 , 4.886922e+00 , 4.886922e+00 , 4.886922e+00 , 4.886922e+00 , 4.886922e+00 , 4.886922e+00 , 4.886922e+00 , 4.886922e+00 , 4.886922e+00 , 4.886922e+00 , 4.886922e+00 , 4.886922e+00 , 4.886922e+00 , 4.886922e+00 , 4.886922e+00 , 4.886922e+00 , 4.886922e+00 , 4.886922e+00 , 4.886922e+00 , 4.886922e+00 , 4.886922e+00 , 4.886922e+00 , 4.886922e+00 , 4.886922e+00 , 4.886922e+00 , 4.886922e+00 ,]
