% ground truth for sim_inc0_az140.tif
% settings
number_of_spots = 50
pixel_size_nm = 51.200
image_size_nm = 14142.136
image_size_px = 275
wavelength = 500
par.objectiveNA = 2.17
objectiveFocalLength = 770
par.refractiveIndices = [1.310000e+00 , 2.170000e+00 , 2.170000e+00 ,]
par.nDiscretizationBFP = 129
par.backgroundNoise = 0.020
par.nPhotons = 500
positionX_nm_array = [3.520550e+03 ,  3.241184e+03 ,  2.741703e+03 ,  3.880402e+03 , -3.146168e+03 , -4.006519e+03 , -4.700463e+03 ,  2.202154e+03 ,  8.505959e+02 , -4.544318e+03 , -1.328664e+03 ,  1.437105e+03 ,  7.304092e+01 , -8.290185e+02 , -9.269550e+00 ,  1.190415e+03 , -2.951684e+03 ,  1.899022e+03 , -4.834458e+02 , -3.420655e+03 , -1.790528e+03 ,  3.509234e+03 ,  2.914676e+03 ,  4.731503e+03 ,  3.962144e+03 , -2.954967e+03 ,  5.676238e+01 ,  1.411144e+03 , -1.421804e+03 ,  4.683500e+03 , -2.757572e+03 , -4.945191e+03 ,  3.585541e+03 ,  8.869781e+02 ,  4.516798e+03 , -1.344916e+03 , -4.246861e+03 ,  4.860596e+03 , -3.881445e+03 , -3.156136e+03 ,  1.636254e+03 ,  2.545437e+03 ,  3.318023e+03 , -3.260497e+02 , -2.069803e+02 ,  6.515386e+02 ,  4.535043e+03 , -1.766932e+03 , -1.827560e+03 , -2.157107e+03 ,]
positionY_nm_array = [3.432543e+03 , -9.039672e+02 , -2.985339e+03 ,  2.494543e+03 ,  4.459656e+03 , -3.576387e+03 ,  4.653827e+03 ,  2.763711e+03 ,  4.612729e+03 ,  2.047184e+03 ,  2.398490e+03 ,  3.510665e+02 , -3.969716e+02 , -4.425383e+03 , -3.189212e+03 , -4.371429e+03 , -5.200322e+02 , -1.119454e+03 ,  3.856657e+03 ,  8.848058e+02 ,  9.657367e+02 , -4.868367e+03 ,  4.383498e+03 ,  7.068536e+02 , -3.507309e+03 ,  2.789463e+03 ,  8.550338e+02 ,  1.863091e+03 , -1.684468e+03 , -2.595437e+03 , -2.812023e+03 ,  1.059175e+03 , -2.048056e+03 , -2.103271e+03 , -4.688035e+03 , -3.085306e+03 ,  3.222931e+03 , -9.978675e+02 , -2.404798e+03 , -4.824367e+03 ,  3.862252e+03 , -4.504673e+03 ,  2.013472e+02 , -1.980864e+03 ,  2.214105e+03 ,  3.153355e+03 ,  3.379654e+03 , -4.071766e+03 , -6.554170e+01 ,  4.007084e+03 ,]
angleInclination_array = [0 , 0 , 0 , 0 , 0 , 0 , 0 , 0 , 0 , 0 , 0 , 0 , 0 , 0 , 0 , 0 , 0 , 0 , 0 , 0 , 0 , 0 , 0 , 0 , 0 , 0 , 0 , 0 , 0 , 0 , 0 , 0 , 0 , 0 , 0 , 0 , 0 , 0 , 0 , 0 , 0 , 0 , 0 , 0 , 0 , 0 , 0 , 0 , 0 , 0 ,]
angleAzimuth_array = [2.443461e+00 , 2.443461e+00 , 2.443461e+00 , 2.443461e+00 , 2.443461e+00 , 2.443461e+00 , 2.443461e+00 , 2.443461e+00 , 2.443461e+00 , 2.443461e+00 , 2.443461e+00 , 2.443461e+00 , 2.443461e+00 , 2.443461e+00 , 2.443461e+00 , 2.443461e+00 , 2.443461e+00 , 2.443461e+00 , 2.443461e+00 , 2.443461e+00 , 2.443461e+00 , 2.443461e+00 , 2.443461e+00 , 2.443461e+00 , 2.443461e+00 , 2.443461e+00 , 2.443461e+00 , 2.443461e+00 , 2.443461e+00 , 2.443461e+00 , 2.443461e+00 , 2.443461e+00 , 2.443461e+00 , 2.443461e+00 , 2.443461e+00 , 2.443461e+00 , 2.443461e+00 , 2.443461e+00 , 2.443461e+00 , 2.443461e+00 , 2.443461e+00 , 2.443461e+00 , 2.443461e+00 , 2.443461e+00 , 2.443461e+00 , 2.443461e+00 , 2.443461e+00 , 2.443461e+00 , 2.443461e+00 , 2.443461e+00 ,]
