% ground truth for sim_inc100_az120.tif
% settings
number_of_spots = 50
pixel_size_nm = 51.200
image_size_nm = 14142.136
image_size_px = 275
wavelength = 500
par.objectiveNA = 2.17
objectiveFocalLength = 770
par.refractiveIndices = [1.310000e+00 , 2.170000e+00 , 2.170000e+00 ,]
par.nDiscretizationBFP = 129
par.backgroundNoise = 0.020
par.nPhotons = 500
positionX_nm_array = [3.788934e+03 ,  4.153970e+03 ,  4.124593e+03 ,  1.617090e+03 ,  2.887319e+03 , -2.782820e+03 , -3.005744e+03 ,  2.187083e+03 ,  3.727384e+03 , -4.477747e+03 , -1.402752e+03 ,  3.733660e+03 , -3.321049e+03 ,  3.419130e+03 , -1.192634e+03 , -3.868628e+03 , -3.176197e+03 ,  3.885374e+02 ,  4.306169e+03 , -1.039420e+03 ,  1.099291e+03 , -3.849497e+02 ,  2.460921e+02 ,  2.412718e+03 , -9.048655e+02 , -4.775560e+03 , -3.067202e+03 , -3.161692e+02 ,  9.377543e+02 ,  1.924682e+03 , -7.892086e+02 ,  3.243923e+03 ,  7.737275e+02 ,  4.709073e+02 ,  4.511480e+03 , -4.215509e+03 , -4.011992e+03 , -2.341646e+03 , -4.651171e+03 ,  1.871554e+03 , -1.946013e+03 ,  3.746506e+03 ,  4.690505e+03 , -2.702877e+03 ,  3.142446e+03 ,  1.462954e+03 ,  3.278825e+03 , -2.668763e+03 ,  7.502129e+02 , -1.737853e+03 ,]
positionY_nm_array = [1.457928e+03 ,  2.889129e+03 , -4.758114e+03 ,  1.851282e+03 ,  3.696510e+03 ,  5.868309e+02 ,  4.634808e+03 , -8.093207e+02 , -1.883013e+03 ,  9.586947e+02 , -3.493494e+03 , -3.083244e+03 , -1.410158e+03 ,  3.824883e+02 ,  3.698359e+03 ,  2.673579e+03 , -4.702022e+03 ,  2.184227e+03 ,  3.991495e+03 ,  2.127401e+03 ,  5.450040e+02 , -3.957543e+01 ,  4.935262e+03 , -1.902275e+03 ,  9.676868e+02 ,  4.900815e+03 , -2.505311e+03 , -4.172444e+03 , -4.578213e+03 , -3.787500e+03 , -1.731831e+03 , -4.052887e+03 , -1.130146e+03 , -2.845447e+03 ,  4.451932e+02 , -2.812180e+03 , -4.501976e+02 ,  3.006294e+03 , -4.880119e+03 , -2.755679e+03 , -4.811150e+02 ,  4.863293e+03 , -3.720104e+03 ,  1.962813e+03 ,  2.527461e+03 ,  4.651235e+03 , -7.886240e+02 , -3.522360e+03 ,  3.725801e+03 , -4.812144e+03 ,]
angleInclination_array = [1.745329e+00 , 1.745329e+00 , 1.745329e+00 , 1.745329e+00 , 1.745329e+00 , 1.745329e+00 , 1.745329e+00 , 1.745329e+00 , 1.745329e+00 , 1.745329e+00 , 1.745329e+00 , 1.745329e+00 , 1.745329e+00 , 1.745329e+00 , 1.745329e+00 , 1.745329e+00 , 1.745329e+00 , 1.745329e+00 , 1.745329e+00 , 1.745329e+00 , 1.745329e+00 , 1.745329e+00 , 1.745329e+00 , 1.745329e+00 , 1.745329e+00 , 1.745329e+00 , 1.745329e+00 , 1.745329e+00 , 1.745329e+00 , 1.745329e+00 , 1.745329e+00 , 1.745329e+00 , 1.745329e+00 , 1.745329e+00 , 1.745329e+00 , 1.745329e+00 , 1.745329e+00 , 1.745329e+00 , 1.745329e+00 , 1.745329e+00 , 1.745329e+00 , 1.745329e+00 , 1.745329e+00 , 1.745329e+00 , 1.745329e+00 , 1.745329e+00 , 1.745329e+00 , 1.745329e+00 , 1.745329e+00 , 1.745329e+00 ,]
angleAzimuth_array = [2.094395e+00 , 2.094395e+00 , 2.094395e+00 , 2.094395e+00 , 2.094395e+00 , 2.094395e+00 , 2.094395e+00 , 2.094395e+00 , 2.094395e+00 , 2.094395e+00 , 2.094395e+00 , 2.094395e+00 , 2.094395e+00 , 2.094395e+00 , 2.094395e+00 , 2.094395e+00 , 2.094395e+00 , 2.094395e+00 , 2.094395e+00 , 2.094395e+00 , 2.094395e+00 , 2.094395e+00 , 2.094395e+00 , 2.094395e+00 , 2.094395e+00 , 2.094395e+00 , 2.094395e+00 , 2.094395e+00 , 2.094395e+00 , 2.094395e+00 , 2.094395e+00 , 2.094395e+00 , 2.094395e+00 , 2.094395e+00 , 2.094395e+00 , 2.094395e+00 , 2.094395e+00 , 2.094395e+00 , 2.094395e+00 , 2.094395e+00 , 2.094395e+00 , 2.094395e+00 , 2.094395e+00 , 2.094395e+00 , 2.094395e+00 , 2.094395e+00 , 2.094395e+00 , 2.094395e+00 , 2.094395e+00 , 2.094395e+00 ,]
