% ground truth for sim_inc40_az120.tif
% settings
number_of_spots = 50
pixel_size_nm = 51.200
image_size_nm = 14142.136
image_size_px = 275
wavelength = 500
par.objectiveNA = 2.17
objectiveFocalLength = 770
par.refractiveIndices = [1.310000e+00 , 2.170000e+00 , 2.170000e+00 ,]
par.nDiscretizationBFP = 129
par.backgroundNoise = 0.020
par.nPhotons = 500
positionX_nm_array = [-2.042869e+03 , -1.560494e+03 ,  4.572178e+03 ,  4.488427e+03 ,  1.821404e+03 ,  7.394240e+02 , -2.691381e+03 , -4.823795e+03 , -3.441472e+03 ,  3.942562e+03 , -3.938929e+03 ,  2.390615e+03 ,  1.500783e+03 , -5.717110e+02 ,  3.247424e+03 ,  2.858738e+02 ,  3.088427e+03 ,  3.967906e+03 , -3.732734e+03 ,  2.092876e+03 , -1.289264e+03 , -3.381536e+03 ,  1.102155e+03 ,  4.004218e+02 , -2.053707e+02 , -2.065754e+03 , -2.739205e+03 , -9.852087e+02 ,  2.188577e+02 ,  1.880020e+03 , -1.591057e+03 ,  3.166846e+03 , -4.563117e+03 ,  3.782983e+03 ,  2.111633e+03 , -1.371392e+01 , -2.229965e+03 ,  2.924187e+03 , -4.363455e+03 ,  4.852088e+03 , -5.913812e+02 , -2.392242e+03 , -1.152602e+03 , -3.000249e+03 , -1.737135e+03 , -4.062186e+03 , -4.932445e+03 ,  2.943884e+03 , -4.882350e+03 , -3.038945e+03 ,]
positionY_nm_array = [1.676921e+03 ,  6.131738e+02 ,  3.810578e+03 ,  1.012614e+03 ,  3.076592e+03 ,  3.276061e+03 ,  3.490031e+03 ,  4.340868e+03 , -3.114531e+03 , -6.640651e+02 , -7.816206e+02 , -2.634060e+03 , -3.461269e+03 ,  3.816570e+03 ,  3.331362e+02 , -3.665929e+02 , -3.648180e+03 , -4.199522e+03 , -4.897579e+03 ,  1.375879e+03 , -2.816562e+03 ,  1.913271e+03 ,  4.748071e+03 ,  9.934327e+02 , -1.704662e+03 , -1.420325e+03 ,  3.363286e+02 , -4.656220e+03 , -4.482352e+03 , -6.124661e+02 , -4.560644e+02 ,  1.830567e+03 , -3.043022e+03 , -2.192721e+03 , -1.617518e+03 , -2.850653e+03 , -2.414059e+03 ,  3.463756e+03 ,  1.209996e+03 , -2.225949e+03 ,  1.634547e+03 , -4.346359e+03 ,  4.667033e+03 ,  4.641157e+03 ,  3.087135e+03 ,  3.622648e+03 , -4.980183e+02 , -4.862335e+03 , -1.632915e+03 , -1.733238e+03 ,]
angleInclination_array = [6.981317e-01 , 6.981317e-01 , 6.981317e-01 , 6.981317e-01 , 6.981317e-01 , 6.981317e-01 , 6.981317e-01 , 6.981317e-01 , 6.981317e-01 , 6.981317e-01 , 6.981317e-01 , 6.981317e-01 , 6.981317e-01 , 6.981317e-01 , 6.981317e-01 , 6.981317e-01 , 6.981317e-01 , 6.981317e-01 , 6.981317e-01 , 6.981317e-01 , 6.981317e-01 , 6.981317e-01 , 6.981317e-01 , 6.981317e-01 , 6.981317e-01 , 6.981317e-01 , 6.981317e-01 , 6.981317e-01 , 6.981317e-01 , 6.981317e-01 , 6.981317e-01 , 6.981317e-01 , 6.981317e-01 , 6.981317e-01 , 6.981317e-01 , 6.981317e-01 , 6.981317e-01 , 6.981317e-01 , 6.981317e-01 , 6.981317e-01 , 6.981317e-01 , 6.981317e-01 , 6.981317e-01 , 6.981317e-01 , 6.981317e-01 , 6.981317e-01 , 6.981317e-01 , 6.981317e-01 , 6.981317e-01 , 6.981317e-01 ,]
angleAzimuth_array = [2.094395e+00 , 2.094395e+00 , 2.094395e+00 , 2.094395e+00 , 2.094395e+00 , 2.094395e+00 , 2.094395e+00 , 2.094395e+00 , 2.094395e+00 , 2.094395e+00 , 2.094395e+00 , 2.094395e+00 , 2.094395e+00 , 2.094395e+00 , 2.094395e+00 , 2.094395e+00 , 2.094395e+00 , 2.094395e+00 , 2.094395e+00 , 2.094395e+00 , 2.094395e+00 , 2.094395e+00 , 2.094395e+00 , 2.094395e+00 , 2.094395e+00 , 2.094395e+00 , 2.094395e+00 , 2.094395e+00 , 2.094395e+00 , 2.094395e+00 , 2.094395e+00 , 2.094395e+00 , 2.094395e+00 , 2.094395e+00 , 2.094395e+00 , 2.094395e+00 , 2.094395e+00 , 2.094395e+00 , 2.094395e+00 , 2.094395e+00 , 2.094395e+00 , 2.094395e+00 , 2.094395e+00 , 2.094395e+00 , 2.094395e+00 , 2.094395e+00 , 2.094395e+00 , 2.094395e+00 , 2.094395e+00 , 2.094395e+00 ,]
