% ground truth for sim_inc90_az240.tif
% settings
number_of_spots = 50
pixel_size_nm = 51.200
image_size_nm = 14142.136
image_size_px = 275
wavelength = 500
par.objectiveNA = 2.17
objectiveFocalLength = 770
par.refractiveIndices = [1.310000e+00 , 2.170000e+00 , 2.170000e+00 ,]
par.nDiscretizationBFP = 129
par.backgroundNoise = 0.020
par.nPhotons = 500
positionX_nm_array = [-2.208756e+03 ,  3.459895e+03 , -3.455443e+03 , -4.086137e+03 , -8.838270e+02 ,  1.760187e+03 ,  4.579532e+03 ,  4.045894e+03 , -1.709043e+03 , -2.875040e+03 , -4.591686e+03 , -2.975898e+03 ,  1.753453e+03 , -1.117846e+03 , -4.297777e+03 , -5.395009e+02 ,  1.615125e+03 , -5.770034e+02 , -4.935077e+03 ,  4.067958e+03 , -3.630104e+03 ,  3.907511e+03 ,  2.311119e+03 ,  1.117411e+03 , -4.864699e+03 , -2.095137e+03 ,  1.113626e+03 ,  4.219348e+02 , -4.410302e+02 , -1.128578e+03 ,  2.932059e+03 , -1.663838e+03 ,  4.781159e+03 ,  4.749023e+02 , -2.066305e+03 ,  2.668372e+03 , -3.102299e+02 ,  2.818544e+03 ,  2.119945e+03 ,  1.406138e+03 , -3.054239e+03 ,  1.654652e+03 , -2.829199e+03 ,  2.514833e+03 ,  4.006294e+03 ,  9.431756e+02 ,  4.147998e+03 , -4.592928e+03 , -4.664811e+03 ,  1.567676e+03 ,]
positionY_nm_array = [3.591910e+03 , -3.571437e+03 , -3.209515e+03 ,  3.148718e+03 , -1.534879e+03 ,  3.504902e+03 ,  9.671131e+02 ,  3.318747e+03 ,  2.540910e+03 , -1.151446e+03 ,  4.777281e+03 ,  1.420545e+03 ,  2.428820e+03 , -4.937820e+03 , -2.643986e+03 ,  4.747127e+03 ,  9.549314e+02 , -3.119401e+03 , -4.577242e+03 , -2.376104e+03 ,  5.562623e+02 , -1.356103e+03 ,  4.935533e+03 , -4.858598e+03 ,  2.471241e+03 ,  4.662726e+03 , -5.208978e+02 , -1.525096e+03 , -2.670714e+02 ,  1.459669e+03 ,  1.250963e+03 ,  1.922590e+01 , -3.585462e+03 ,  1.139723e+03 , -2.943140e+03 ,  2.992651e+03 ,  2.165073e+03 , -2.280240e+03 , -4.456611e+03 , -3.749089e+03 , -4.619673e+03 , -1.626614e+03 ,  2.788375e+03 ,  3.044320e+02 , -4.792281e+03 ,  4.411214e+03 ,  2.030174e+03 , -1.191988e+03 ,  5.365121e+02 , -2.667964e+03 ,]
angleInclination_array = [1.570796e+00 , 1.570796e+00 , 1.570796e+00 , 1.570796e+00 , 1.570796e+00 , 1.570796e+00 , 1.570796e+00 , 1.570796e+00 , 1.570796e+00 , 1.570796e+00 , 1.570796e+00 , 1.570796e+00 , 1.570796e+00 , 1.570796e+00 , 1.570796e+00 , 1.570796e+00 , 1.570796e+00 , 1.570796e+00 , 1.570796e+00 , 1.570796e+00 , 1.570796e+00 , 1.570796e+00 , 1.570796e+00 , 1.570796e+00 , 1.570796e+00 , 1.570796e+00 , 1.570796e+00 , 1.570796e+00 , 1.570796e+00 , 1.570796e+00 , 1.570796e+00 , 1.570796e+00 , 1.570796e+00 , 1.570796e+00 , 1.570796e+00 , 1.570796e+00 , 1.570796e+00 , 1.570796e+00 , 1.570796e+00 , 1.570796e+00 , 1.570796e+00 , 1.570796e+00 , 1.570796e+00 , 1.570796e+00 , 1.570796e+00 , 1.570796e+00 , 1.570796e+00 , 1.570796e+00 , 1.570796e+00 , 1.570796e+00 ,]
angleAzimuth_array = [4.188790e+00 , 4.188790e+00 , 4.188790e+00 , 4.188790e+00 , 4.188790e+00 , 4.188790e+00 , 4.188790e+00 , 4.188790e+00 , 4.188790e+00 , 4.188790e+00 , 4.188790e+00 , 4.188790e+00 , 4.188790e+00 , 4.188790e+00 , 4.188790e+00 , 4.188790e+00 , 4.188790e+00 , 4.188790e+00 , 4.188790e+00 , 4.188790e+00 , 4.188790e+00 , 4.188790e+00 , 4.188790e+00 , 4.188790e+00 , 4.188790e+00 , 4.188790e+00 , 4.188790e+00 , 4.188790e+00 , 4.188790e+00 , 4.188790e+00 , 4.188790e+00 , 4.188790e+00 , 4.188790e+00 , 4.188790e+00 , 4.188790e+00 , 4.188790e+00 , 4.188790e+00 , 4.188790e+00 , 4.188790e+00 , 4.188790e+00 , 4.188790e+00 , 4.188790e+00 , 4.188790e+00 , 4.188790e+00 , 4.188790e+00 , 4.188790e+00 , 4.188790e+00 , 4.188790e+00 , 4.188790e+00 , 4.188790e+00 ,]
