% ground truth for sim_inc20_az240.tif
% settings
number_of_spots = 50
pixel_size_nm = 51.200
image_size_nm = 14142.136
image_size_px = 275
wavelength = 500
par.objectiveNA = 2.17
objectiveFocalLength = 770
par.refractiveIndices = [1.310000e+00 , 2.170000e+00 , 2.170000e+00 ,]
par.nDiscretizationBFP = 129
par.backgroundNoise = 0.020
par.nPhotons = 500
positionX_nm_array = [-1.737951e+03 , -3.243817e+03 ,  2.302755e+03 , -4.564730e+03 , -2.911074e+03 ,  1.016978e+03 ,  1.037777e+03 , -1.265004e+03 ,  3.633597e+03 ,  1.388254e+03 ,  6.811302e+02 ,  2.837399e+03 ,  8.546666e+02 , -1.385112e+03 , -2.928390e+03 , -1.373936e+03 ,  3.572204e+03 ,  4.718659e+03 ,  2.121197e+03 ,  1.408775e+02 , -1.778811e+03 , -5.715933e+02 ,  3.524425e+03 , -4.039065e+03 , -2.664828e+03 ,  4.733704e+03 , -3.901098e+02 ,  2.264331e+03 ,  4.708848e+03 ,  1.844057e+03 , -4.716149e+03 ,  3.583552e+03 , -2.575639e+03 , -2.160965e+02 , -3.929575e+03 , -3.563200e+02 , -4.836972e+03 ,  4.290152e+03 , -3.758431e+03 , -3.958844e+03 , -4.736191e+03 , -3.741872e+03 , -2.440324e+03 , -6.892116e+02 ,  1.989488e+03 ,  1.054628e+03 , -4.782188e+03 ,  4.895259e+03 , -1.248415e+03 , -2.197665e+03 ,]
positionY_nm_array = [-1.725744e+03 , -3.090675e+03 , -7.044455e+02 , -1.278883e+03 ,  2.602869e+03 ,  2.535417e+03 , -2.520777e+03 ,  3.630297e+03 , -9.919941e+02 , -1.566832e+03 , -3.878008e+03 , -2.017903e+03 ,  8.557359e+02 ,  2.417439e+03 ,  7.411414e+02 , -4.599268e+03 ,  4.853326e+03 ,  3.421659e+03 , -4.343464e+03 ,  4.187565e+03 , -1.992053e+02 ,  1.269720e+03 , -3.960359e+03 ,  4.736070e+03 , -9.244256e+02 ,  2.082617e+03 , -2.897801e+03 ,  1.386294e+03 , -2.149720e+03 ,  4.948884e+03 ,  2.684721e+03 ,  2.723694e+03 ,  4.018950e+03 , -1.093548e+03 ,  1.651631e+03 ,  2.699397e+03 , -2.669418e+02 ,  7.206100e+02 , -4.784619e+02 , -4.165430e+03 , -2.870452e+03 ,  3.700537e+03 , -4.089921e+03 ,  4.852514e+03 ,  3.025478e+03 , -3.592561e+02 ,  3.843546e+03 , -4.410561e+03 , -3.414377e+03 ,  1.797037e+03 ,]
angleInclination_array = [3.490659e-01 , 3.490659e-01 , 3.490659e-01 , 3.490659e-01 , 3.490659e-01 , 3.490659e-01 , 3.490659e-01 , 3.490659e-01 , 3.490659e-01 , 3.490659e-01 , 3.490659e-01 , 3.490659e-01 , 3.490659e-01 , 3.490659e-01 , 3.490659e-01 , 3.490659e-01 , 3.490659e-01 , 3.490659e-01 , 3.490659e-01 , 3.490659e-01 , 3.490659e-01 , 3.490659e-01 , 3.490659e-01 , 3.490659e-01 , 3.490659e-01 , 3.490659e-01 , 3.490659e-01 , 3.490659e-01 , 3.490659e-01 , 3.490659e-01 , 3.490659e-01 , 3.490659e-01 , 3.490659e-01 , 3.490659e-01 , 3.490659e-01 , 3.490659e-01 , 3.490659e-01 , 3.490659e-01 , 3.490659e-01 , 3.490659e-01 , 3.490659e-01 , 3.490659e-01 , 3.490659e-01 , 3.490659e-01 , 3.490659e-01 , 3.490659e-01 , 3.490659e-01 , 3.490659e-01 , 3.490659e-01 , 3.490659e-01 ,]
angleAzimuth_array = [4.188790e+00 , 4.188790e+00 , 4.188790e+00 , 4.188790e+00 , 4.188790e+00 , 4.188790e+00 , 4.188790e+00 , 4.188790e+00 , 4.188790e+00 , 4.188790e+00 , 4.188790e+00 , 4.188790e+00 , 4.188790e+00 , 4.188790e+00 , 4.188790e+00 , 4.188790e+00 , 4.188790e+00 , 4.188790e+00 , 4.188790e+00 , 4.188790e+00 , 4.188790e+00 , 4.188790e+00 , 4.188790e+00 , 4.188790e+00 , 4.188790e+00 , 4.188790e+00 , 4.188790e+00 , 4.188790e+00 , 4.188790e+00 , 4.188790e+00 , 4.188790e+00 , 4.188790e+00 , 4.188790e+00 , 4.188790e+00 , 4.188790e+00 , 4.188790e+00 , 4.188790e+00 , 4.188790e+00 , 4.188790e+00 , 4.188790e+00 , 4.188790e+00 , 4.188790e+00 , 4.188790e+00 , 4.188790e+00 , 4.188790e+00 , 4.188790e+00 , 4.188790e+00 , 4.188790e+00 , 4.188790e+00 , 4.188790e+00 ,]
