% ground truth for sim_inc50_az40.tif
% settings
number_of_spots = 50
pixel_size_nm = 51.200
image_size_nm = 14142.136
image_size_px = 275
wavelength = 500
par.objectiveNA = 2.17
objectiveFocalLength = 770
par.refractiveIndices = [1.310000e+00 , 2.170000e+00 , 2.170000e+00 ,]
par.nDiscretizationBFP = 129
par.backgroundNoise = 0.020
par.nPhotons = 500
positionX_nm_array = [-4.012925e+03 ,  4.742620e+03 ,  2.269020e+03 ,  3.423088e+03 , -9.317662e+02 , -1.619136e+03 ,  2.527526e+03 , -1.490732e+03 ,  3.217866e+02 , -3.087190e+03 ,  4.044567e+03 , -2.299695e+02 ,  2.670161e+03 ,  4.682930e+03 ,  1.867586e+03 , -2.337936e+03 , -3.859776e+03 ,  2.630532e+03 ,  3.110855e+03 ,  1.675349e+02 ,  3.900471e+03 , -2.055432e+03 , -1.655361e+03 ,  4.045797e+03 , -4.933063e+03 , -4.658199e+03 ,  3.993356e+03 ,  6.313839e+02 ,  4.757405e+03 , -1.465446e+03 , -1.241254e+03 ,  8.940984e+02 ,  1.330294e+03 ,  2.391522e+03 , -1.366027e+02 , -1.005486e+03 , -4.457584e+03 ,  1.780158e+03 , -4.726662e+03 , -3.405630e+03 ,  1.292694e+03 , -2.720546e+03 , -4.716607e+03 , -3.386013e+03 , -3.887262e+03 ,  2.248646e+03 ,  4.657194e+03 , -4.488388e+03 ,  2.416319e+01 , -1.130871e+03 ,]
positionY_nm_array = [-4.250167e+02 ,  1.189200e+03 , -4.363877e+03 ,  4.794522e+03 ,  4.797557e+03 ,  7.756654e+02 , -1.628058e+03 ,  2.014135e+03 , -4.559703e+03 ,  3.843871e+03 , -1.428235e+03 ,  2.770785e+03 , -2.623355e+03 ,  2.297654e+03 ,  2.100325e+02 , -2.453437e+03 , -4.872783e+03 ,  3.560073e+03 , -6.160497e+02 , -9.548785e+02 ,  3.205803e+03 , -1.485100e+03 , -4.609926e+03 , -3.384182e+01 ,  1.488755e+02 , -3.849720e+03 , -3.143239e+03 , -3.309382e+03 , -4.293988e+03 ,  3.312824e+03 , -2.832692e+03 ,  1.497940e+03 , -2.300253e+03 ,  1.613948e+03 ,  3.937242e+03 , -1.822708e+03 ,  4.370531e+03 ,  3.000231e+03 , -1.515683e+03 ,  8.173668e+02 ,  4.015753e+03 ,  4.924389e+03 ,  1.259089e+03 , -3.739306e+03 , -2.364280e+03 ,  4.926095e+03 ,  4.884920e+03 ,  2.603472e+03 , -2.449757e+03 , -2.166097e+02 ,]
angleInclination_array = [8.726646e-01 , 8.726646e-01 , 8.726646e-01 , 8.726646e-01 , 8.726646e-01 , 8.726646e-01 , 8.726646e-01 , 8.726646e-01 , 8.726646e-01 , 8.726646e-01 , 8.726646e-01 , 8.726646e-01 , 8.726646e-01 , 8.726646e-01 , 8.726646e-01 , 8.726646e-01 , 8.726646e-01 , 8.726646e-01 , 8.726646e-01 , 8.726646e-01 , 8.726646e-01 , 8.726646e-01 , 8.726646e-01 , 8.726646e-01 , 8.726646e-01 , 8.726646e-01 , 8.726646e-01 , 8.726646e-01 , 8.726646e-01 , 8.726646e-01 , 8.726646e-01 , 8.726646e-01 , 8.726646e-01 , 8.726646e-01 , 8.726646e-01 , 8.726646e-01 , 8.726646e-01 , 8.726646e-01 , 8.726646e-01 , 8.726646e-01 , 8.726646e-01 , 8.726646e-01 , 8.726646e-01 , 8.726646e-01 , 8.726646e-01 , 8.726646e-01 , 8.726646e-01 , 8.726646e-01 , 8.726646e-01 , 8.726646e-01 ,]
angleAzimuth_array = [6.981317e-01 , 6.981317e-01 , 6.981317e-01 , 6.981317e-01 , 6.981317e-01 , 6.981317e-01 , 6.981317e-01 , 6.981317e-01 , 6.981317e-01 , 6.981317e-01 , 6.981317e-01 , 6.981317e-01 , 6.981317e-01 , 6.981317e-01 , 6.981317e-01 , 6.981317e-01 , 6.981317e-01 , 6.981317e-01 , 6.981317e-01 , 6.981317e-01 , 6.981317e-01 , 6.981317e-01 , 6.981317e-01 , 6.981317e-01 , 6.981317e-01 , 6.981317e-01 , 6.981317e-01 , 6.981317e-01 , 6.981317e-01 , 6.981317e-01 , 6.981317e-01 , 6.981317e-01 , 6.981317e-01 , 6.981317e-01 , 6.981317e-01 , 6.981317e-01 , 6.981317e-01 , 6.981317e-01 , 6.981317e-01 , 6.981317e-01 , 6.981317e-01 , 6.981317e-01 , 6.981317e-01 , 6.981317e-01 , 6.981317e-01 , 6.981317e-01 , 6.981317e-01 , 6.981317e-01 , 6.981317e-01 , 6.981317e-01 ,]
