% ground truth for sim_inc110_az220.tif
% settings
number_of_spots = 50
pixel_size_nm = 51.200
image_size_nm = 14142.136
image_size_px = 275
wavelength = 500
par.objectiveNA = 2.17
objectiveFocalLength = 770
par.refractiveIndices = [1.310000e+00 , 2.170000e+00 , 2.170000e+00 ,]
par.nDiscretizationBFP = 129
par.backgroundNoise = 0.020
par.nPhotons = 500
positionX_nm_array = [4.209656e+03 , -3.098734e+03 , -1.583010e+03 ,  6.137181e+02 ,  1.127683e+03 ,  2.629887e+03 ,  4.769704e+03 ,  2.933706e+03 , -1.718174e+03 ,  1.644367e+03 , -9.606906e+02 , -2.496358e+02 , -4.155633e+03 , -4.510481e+03 , -4.215224e+03 , -2.472656e+03 , -2.381358e+03 , -3.995843e+03 , -1.850622e+03 ,  3.179060e+03 ,  4.793403e+03 , -1.263283e+03 ,  3.411953e+02 ,  3.669807e+03 , -2.740731e+03 ,  5.984107e+02 ,  1.315225e+03 ,  4.556759e+03 , -1.944853e+03 ,  2.166621e+03 ,  3.281210e+03 ,  3.696465e+03 , -2.504354e+03 ,  1.576236e+03 , -4.390364e+03 ,  1.879770e+03 ,  1.514275e+03 ,  4.447255e+03 , -3.617795e+02 ,  2.204139e+03 , -4.780118e+03 , -8.433815e+01 ,  1.581883e+03 ,  3.688567e+03 , -4.819434e+03 ,  1.029232e+03 , -3.425032e+02 , -1.225561e+03 ,  6.102006e+02 ,  4.538952e+03 ,]
positionY_nm_array = [3.890939e+03 , -2.649285e+03 , -4.600414e+02 ,  3.570275e+03 , -3.107867e+03 ,  4.522729e+03 , -3.300451e+03 , -2.854951e+02 ,  2.217391e+03 ,  3.549904e+03 ,  4.593226e+03 ,  4.458691e+02 ,  4.279394e+03 ,  3.663479e+02 ,  1.808363e+03 ,  1.289410e+03 , -4.332232e+03 , -1.023894e+03 , -2.821058e+03 , -4.707492e+03 ,  1.067585e+03 , -1.749090e+03 , -2.347864e+03 , -1.918151e+03 , -8.410548e+02 , -1.291777e+03 , -4.759058e+02 ,  2.761826e+03 ,  4.259001e+03 ,  4.529549e+02 ,  2.001000e+03 , -3.248502e+03 ,  2.995527e+03 ,  1.298880e+03 , -4.358090e+03 , -2.343624e+03 ,  2.455520e+03 , -4.891802e+03 ,  1.470707e+03 , -1.037773e+03 , -2.312236e+03 , -3.829229e+03 , -4.177965e+03 ,  5.669160e+02 ,  3.157384e+03 ,  4.759787e+03 ,  2.487711e+03 ,  8.935257e+02 ,  1.920095e+03 , -1.542663e+02 ,]
angleInclination_array = [1.919862e+00 , 1.919862e+00 , 1.919862e+00 , 1.919862e+00 , 1.919862e+00 , 1.919862e+00 , 1.919862e+00 , 1.919862e+00 , 1.919862e+00 , 1.919862e+00 , 1.919862e+00 , 1.919862e+00 , 1.919862e+00 , 1.919862e+00 , 1.919862e+00 , 1.919862e+00 , 1.919862e+00 , 1.919862e+00 , 1.919862e+00 , 1.919862e+00 , 1.919862e+00 , 1.919862e+00 , 1.919862e+00 , 1.919862e+00 , 1.919862e+00 , 1.919862e+00 , 1.919862e+00 , 1.919862e+00 , 1.919862e+00 , 1.919862e+00 , 1.919862e+00 , 1.919862e+00 , 1.919862e+00 , 1.919862e+00 , 1.919862e+00 , 1.919862e+00 , 1.919862e+00 , 1.919862e+00 , 1.919862e+00 , 1.919862e+00 , 1.919862e+00 , 1.919862e+00 , 1.919862e+00 , 1.919862e+00 , 1.919862e+00 , 1.919862e+00 , 1.919862e+00 , 1.919862e+00 , 1.919862e+00 , 1.919862e+00 ,]
angleAzimuth_array = [3.839724e+00 , 3.839724e+00 , 3.839724e+00 , 3.839724e+00 , 3.839724e+00 , 3.839724e+00 , 3.839724e+00 , 3.839724e+00 , 3.839724e+00 , 3.839724e+00 , 3.839724e+00 , 3.839724e+00 , 3.839724e+00 , 3.839724e+00 , 3.839724e+00 , 3.839724e+00 , 3.839724e+00 , 3.839724e+00 , 3.839724e+00 , 3.839724e+00 , 3.839724e+00 , 3.839724e+00 , 3.839724e+00 , 3.839724e+00 , 3.839724e+00 , 3.839724e+00 , 3.839724e+00 , 3.839724e+00 , 3.839724e+00 , 3.839724e+00 , 3.839724e+00 , 3.839724e+00 , 3.839724e+00 , 3.839724e+00 , 3.839724e+00 , 3.839724e+00 , 3.839724e+00 , 3.839724e+00 , 3.839724e+00 , 3.839724e+00 , 3.839724e+00 , 3.839724e+00 , 3.839724e+00 , 3.839724e+00 , 3.839724e+00 , 3.839724e+00 , 3.839724e+00 , 3.839724e+00 , 3.839724e+00 , 3.839724e+00 ,]
