% ground truth for sim_inc80_az160.tif
% settings
number_of_spots = 50
pixel_size_nm = 51.200
image_size_nm = 14142.136
image_size_px = 275
wavelength = 500
par.objectiveNA = 2.17
objectiveFocalLength = 770
par.refractiveIndices = [1.310000e+00 , 2.170000e+00 , 2.170000e+00 ,]
par.nDiscretizationBFP = 129
par.backgroundNoise = 0.020
par.nPhotons = 500
positionX_nm_array = [9.355471e+02 , -4.006325e+03 , -1.996989e+03 ,  4.198406e+03 ,  4.769036e+03 ,  2.800293e+03 , -2.902987e+03 ,  3.092754e+03 , -1.345456e+02 , -4.005726e+03 , -1.139002e+03 , -2.880497e+03 ,  2.291955e+02 , -4.872097e+03 , -4.920475e+03 ,  2.904999e+02 ,  9.721640e+02 ,  1.491495e+03 ,  3.481242e+03 ,  2.653497e+03 ,  3.356691e+01 ,  2.902877e+03 , -1.960658e+03 , -3.987180e+03 , -3.803136e+03 ,  2.410914e+03 ,  1.681483e+03 , -2.873534e+03 , -5.875662e+02 , -1.393024e+03 , -3.380167e+03 , -1.222357e+02 , -1.372502e+03 ,  3.449937e+03 ,  2.090516e+03 ,  4.816099e+03 ,  4.801416e+03 ,  3.604439e+03 , -2.929891e+03 , -3.068404e+03 , -1.237901e+03 , -7.468236e+02 ,  4.792241e+03 , -1.919338e+03 , -2.775950e+03 , -4.053360e+03 ,  9.656662e+02 ,  4.795896e+03 ,  3.541039e+03 , -4.851714e+03 ,]
positionY_nm_array = [-2.287537e+03 ,  1.401397e+03 , -3.176647e+03 ,  3.939702e+03 , -3.501211e+03 ,  1.609296e+03 , -4.294897e+03 , -2.463006e+03 , -3.774709e+03 , -3.016337e+03 ,  4.813954e+02 ,  3.197564e+03 ,  4.324106e+03 , -4.642626e+03 ,  3.890167e+03 , -1.037902e+03 ,  6.870363e+02 , -3.323375e+03 ,  4.930487e+02 ,  4.243477e+03 ,  2.954973e+03 , -3.857052e+02 ,  4.132334e+03 , -1.584505e+03 ,  2.493618e+03 ,  2.653904e+03 , -4.843743e+03 ,  1.413239e+03 , -2.765642e+03 , -4.197735e+03 ,  4.303474e+02 ,  1.816591e+03 ,  2.873701e+03 , -4.117089e+03 , -2.189000e+03 , -1.291640e+03 , -2.036859e+02 ,  2.986601e+03 , -2.773662e+03 ,  4.333393e+03 ,  1.722784e+03 , -1.226406e+03 ,  2.766775e+03 , -6.338670e+02 , -1.198333e+03 , -4.437866e+02 ,  2.536856e+03 ,  1.403777e+03 , -1.172161e+03 ,  2.557768e+03 ,]
angleInclination_array = [1.396263e+00 , 1.396263e+00 , 1.396263e+00 , 1.396263e+00 , 1.396263e+00 , 1.396263e+00 , 1.396263e+00 , 1.396263e+00 , 1.396263e+00 , 1.396263e+00 , 1.396263e+00 , 1.396263e+00 , 1.396263e+00 , 1.396263e+00 , 1.396263e+00 , 1.396263e+00 , 1.396263e+00 , 1.396263e+00 , 1.396263e+00 , 1.396263e+00 , 1.396263e+00 , 1.396263e+00 , 1.396263e+00 , 1.396263e+00 , 1.396263e+00 , 1.396263e+00 , 1.396263e+00 , 1.396263e+00 , 1.396263e+00 , 1.396263e+00 , 1.396263e+00 , 1.396263e+00 , 1.396263e+00 , 1.396263e+00 , 1.396263e+00 , 1.396263e+00 , 1.396263e+00 , 1.396263e+00 , 1.396263e+00 , 1.396263e+00 , 1.396263e+00 , 1.396263e+00 , 1.396263e+00 , 1.396263e+00 , 1.396263e+00 , 1.396263e+00 , 1.396263e+00 , 1.396263e+00 , 1.396263e+00 , 1.396263e+00 ,]
angleAzimuth_array = [2.792527e+00 , 2.792527e+00 , 2.792527e+00 , 2.792527e+00 , 2.792527e+00 , 2.792527e+00 , 2.792527e+00 , 2.792527e+00 , 2.792527e+00 , 2.792527e+00 , 2.792527e+00 , 2.792527e+00 , 2.792527e+00 , 2.792527e+00 , 2.792527e+00 , 2.792527e+00 , 2.792527e+00 , 2.792527e+00 , 2.792527e+00 , 2.792527e+00 , 2.792527e+00 , 2.792527e+00 , 2.792527e+00 , 2.792527e+00 , 2.792527e+00 , 2.792527e+00 , 2.792527e+00 , 2.792527e+00 , 2.792527e+00 , 2.792527e+00 , 2.792527e+00 , 2.792527e+00 , 2.792527e+00 , 2.792527e+00 , 2.792527e+00 , 2.792527e+00 , 2.792527e+00 , 2.792527e+00 , 2.792527e+00 , 2.792527e+00 , 2.792527e+00 , 2.792527e+00 , 2.792527e+00 , 2.792527e+00 , 2.792527e+00 , 2.792527e+00 , 2.792527e+00 , 2.792527e+00 , 2.792527e+00 , 2.792527e+00 ,]
