% ground truth for sim_inc10_az40.tif
% settings
number_of_spots = 50
pixel_size_nm = 51.200
image_size_nm = 14142.136
image_size_px = 275
wavelength = 500
par.objectiveNA = 2.17
objectiveFocalLength = 770
par.refractiveIndices = [1.310000e+00 , 2.170000e+00 , 2.170000e+00 ,]
par.nDiscretizationBFP = 129
par.backgroundNoise = 0.020
par.nPhotons = 500
positionX_nm_array = [3.233990e+03 , -4.373242e+03 , -4.730780e+03 , -3.210251e+03 , -1.852886e+03 ,  1.234273e+03 ,  3.176485e+03 , -3.823477e+03 , -2.557024e+03 ,  2.294611e+03 ,  4.049858e+03 , -6.362843e+02 ,  4.208601e+03 , -1.215969e+02 , -1.792847e+03 , -4.326836e+03 ,  1.044484e+03 ,  2.465702e+03 , -3.243341e+03 , -2.187913e+03 , -1.959818e+03 , -8.856016e+02 ,  2.377096e+03 , -3.714632e+03 ,  1.287506e+03 ,  2.338026e+03 ,  8.722209e+02 ,  9.360770e+01 ,  1.403070e+03 , -1.112781e+03 , -8.474793e+01 , -6.276355e+02 , -1.523618e+03 , -4.703622e+03 , -2.204175e+03 , -2.220722e+03 ,  3.208630e+03 ,  5.584376e+02 ,  1.011211e+03 ,  4.428499e+03 , -4.849607e+03 , -3.880842e+03 ,  1.605172e+03 ,  5.462512e+01 ,  4.938464e+03 , -2.784438e+03 ,  4.084438e+03 ,  4.565109e+03 ,  4.366417e+03 ,  3.365341e+03 ,]
positionY_nm_array = [-1.193986e+03 ,  1.439918e+03 ,  3.841112e+03 ,  4.050330e+02 ,  1.426412e+03 ,  3.909578e+03 ,  2.861278e+03 , -3.122924e+03 , -3.401749e+03 ,  4.808799e+02 , -1.940929e+03 , -4.775912e+03 ,  4.190616e+03 ,  4.017842e+03 ,  3.049541e+02 , -4.613717e+02 ,  3.299033e+02 ,  3.909689e+03 , -1.207807e+03 ,  2.373321e+03 , -4.899533e+03 , -5.535669e+02 , -3.998386e+03 ,  2.348409e+03 , -3.477283e+03 , -2.493398e+03 ,  1.980926e+03 ,  1.222943e+03 , -1.790457e+03 ,  2.791713e+03 ,  1.842072e+02 , -2.765602e+03 , -1.804823e+03 , -3.722474e+03 ,  3.690627e+03 , -7.568533e+02 ,  1.621535e+03 ,  2.958832e+03 , -4.719605e+03 , -3.400697e+02 , -2.591207e+03 , -4.583515e+03 ,  1.236198e+03 , -3.581829e+03 ,  2.130851e+03 ,  4.737446e+03 , -4.703765e+03 ,  6.585530e+02 , -3.152683e+03 , -2.787453e+03 ,]
angleInclination_array = [1.745329e-01 , 1.745329e-01 , 1.745329e-01 , 1.745329e-01 , 1.745329e-01 , 1.745329e-01 , 1.745329e-01 , 1.745329e-01 , 1.745329e-01 , 1.745329e-01 , 1.745329e-01 , 1.745329e-01 , 1.745329e-01 , 1.745329e-01 , 1.745329e-01 , 1.745329e-01 , 1.745329e-01 , 1.745329e-01 , 1.745329e-01 , 1.745329e-01 , 1.745329e-01 , 1.745329e-01 , 1.745329e-01 , 1.745329e-01 , 1.745329e-01 , 1.745329e-01 , 1.745329e-01 , 1.745329e-01 , 1.745329e-01 , 1.745329e-01 , 1.745329e-01 , 1.745329e-01 , 1.745329e-01 , 1.745329e-01 , 1.745329e-01 , 1.745329e-01 , 1.745329e-01 , 1.745329e-01 , 1.745329e-01 , 1.745329e-01 , 1.745329e-01 , 1.745329e-01 , 1.745329e-01 , 1.745329e-01 , 1.745329e-01 , 1.745329e-01 , 1.745329e-01 , 1.745329e-01 , 1.745329e-01 , 1.745329e-01 ,]
angleAzimuth_array = [6.981317e-01 , 6.981317e-01 , 6.981317e-01 , 6.981317e-01 , 6.981317e-01 , 6.981317e-01 , 6.981317e-01 , 6.981317e-01 , 6.981317e-01 , 6.981317e-01 , 6.981317e-01 , 6.981317e-01 , 6.981317e-01 , 6.981317e-01 , 6.981317e-01 , 6.981317e-01 , 6.981317e-01 , 6.981317e-01 , 6.981317e-01 , 6.981317e-01 , 6.981317e-01 , 6.981317e-01 , 6.981317e-01 , 6.981317e-01 , 6.981317e-01 , 6.981317e-01 , 6.981317e-01 , 6.981317e-01 , 6.981317e-01 , 6.981317e-01 , 6.981317e-01 , 6.981317e-01 , 6.981317e-01 , 6.981317e-01 , 6.981317e-01 , 6.981317e-01 , 6.981317e-01 , 6.981317e-01 , 6.981317e-01 , 6.981317e-01 , 6.981317e-01 , 6.981317e-01 , 6.981317e-01 , 6.981317e-01 , 6.981317e-01 , 6.981317e-01 , 6.981317e-01 , 6.981317e-01 , 6.981317e-01 , 6.981317e-01 ,]
