% ground truth for sim_inc50_az60.tif
% settings
number_of_spots = 50
pixel_size_nm = 51.200
image_size_nm = 14142.136
image_size_px = 275
wavelength = 500
par.objectiveNA = 2.17
objectiveFocalLength = 770
par.refractiveIndices = [1.310000e+00 , 2.170000e+00 , 2.170000e+00 ,]
par.nDiscretizationBFP = 129
par.backgroundNoise = 0.020
par.nPhotons = 500
positionX_nm_array = [-6.192757e+02 ,  3.203748e+03 ,  3.562036e+03 , -4.009115e+03 ,  3.084740e+03 ,  3.613969e+03 , -1.275787e+03 , -1.055809e+03 ,  2.637781e+03 ,  4.762761e+03 , -4.759696e+03 ,  4.267776e+03 ,  2.017623e+03 , -2.280890e+03 , -1.420184e+02 , -2.096882e+03 ,  8.379807e+02 , -2.088274e+03 , -3.227775e+03 , -3.837082e+03 , -3.656751e+03 ,  1.128911e+03 ,  1.684805e+03 ,  1.605754e+03 , -4.557761e+03 , -4.356545e+03 ,  1.790683e+03 , -4.060639e+03 , -4.458043e+03 ,  4.440565e+03 , -1.383595e+03 ,  3.463153e+03 ,  5.044935e+02 , -2.310410e+02 ,  3.221456e+03 , -3.149258e+03 , -5.693729e+01 ,  4.196111e+03 ,  1.719075e+03 ,  8.349564e+01 , -2.438449e+03 , -2.137731e+03 ,  4.707316e+03 ,  2.975801e+03 ,  4.024660e+03 ,  1.062688e+03 , -2.029438e+03 , -7.827280e+02 , -4.112775e+03 , -2.108147e+03 ,]
positionY_nm_array = [1.992087e+03 ,  1.062121e+03 , -3.481888e+03 ,  2.206725e+03 ,  3.372343e+03 , -1.023882e+03 ,  8.963045e+02 , -1.314507e+03 , -1.902453e+02 , -1.422626e+03 , -2.311776e+03 ,  6.761373e+02 ,  3.309800e+03 , -2.988988e+02 ,  3.562742e+03 , -2.993638e+03 , -2.086677e+03 ,  2.255806e+03 ,  1.199922e+03 , -2.850402e+03 ,  4.621070e+03 ,  1.117036e+03 ,  4.904148e+03 ,  2.362123e+03 ,  3.954040e+03 ,  1.257893e+03 , -7.327673e+02 , -2.590067e+02 , -4.803364e+03 ,  4.809529e+03 , -4.681772e+03 ,  4.575667e+03 ,  4.680339e+03 ,  5.102210e+01 , -4.694639e+03 ,  3.696374e+03 , -1.538997e+03 ,  3.246301e+03 , -4.195330e+03 , -3.761815e+03 , -4.564678e+03 , -1.985813e+03 , -2.432142e+03 , -2.267766e+03 ,  2.231022e+03 , -3.381605e+03 ,  4.865390e+03 ,  4.497808e+03 , -3.829071e+03 ,  3.488563e+03 ,]
angleInclination_array = [8.726646e-01 , 8.726646e-01 , 8.726646e-01 , 8.726646e-01 , 8.726646e-01 , 8.726646e-01 , 8.726646e-01 , 8.726646e-01 , 8.726646e-01 , 8.726646e-01 , 8.726646e-01 , 8.726646e-01 , 8.726646e-01 , 8.726646e-01 , 8.726646e-01 , 8.726646e-01 , 8.726646e-01 , 8.726646e-01 , 8.726646e-01 , 8.726646e-01 , 8.726646e-01 , 8.726646e-01 , 8.726646e-01 , 8.726646e-01 , 8.726646e-01 , 8.726646e-01 , 8.726646e-01 , 8.726646e-01 , 8.726646e-01 , 8.726646e-01 , 8.726646e-01 , 8.726646e-01 , 8.726646e-01 , 8.726646e-01 , 8.726646e-01 , 8.726646e-01 , 8.726646e-01 , 8.726646e-01 , 8.726646e-01 , 8.726646e-01 , 8.726646e-01 , 8.726646e-01 , 8.726646e-01 , 8.726646e-01 , 8.726646e-01 , 8.726646e-01 , 8.726646e-01 , 8.726646e-01 , 8.726646e-01 , 8.726646e-01 ,]
angleAzimuth_array = [1.047198e+00 , 1.047198e+00 , 1.047198e+00 , 1.047198e+00 , 1.047198e+00 , 1.047198e+00 , 1.047198e+00 , 1.047198e+00 , 1.047198e+00 , 1.047198e+00 , 1.047198e+00 , 1.047198e+00 , 1.047198e+00 , 1.047198e+00 , 1.047198e+00 , 1.047198e+00 , 1.047198e+00 , 1.047198e+00 , 1.047198e+00 , 1.047198e+00 , 1.047198e+00 , 1.047198e+00 , 1.047198e+00 , 1.047198e+00 , 1.047198e+00 , 1.047198e+00 , 1.047198e+00 , 1.047198e+00 , 1.047198e+00 , 1.047198e+00 , 1.047198e+00 , 1.047198e+00 , 1.047198e+00 , 1.047198e+00 , 1.047198e+00 , 1.047198e+00 , 1.047198e+00 , 1.047198e+00 , 1.047198e+00 , 1.047198e+00 , 1.047198e+00 , 1.047198e+00 , 1.047198e+00 , 1.047198e+00 , 1.047198e+00 , 1.047198e+00 , 1.047198e+00 , 1.047198e+00 , 1.047198e+00 , 1.047198e+00 ,]
