% ground truth for sim_inc100_az360.tif
% settings
number_of_spots = 50
pixel_size_nm = 51.200
image_size_nm = 14142.136
image_size_px = 275
wavelength = 500
par.objectiveNA = 2.17
objectiveFocalLength = 770
par.refractiveIndices = [1.310000e+00 , 2.170000e+00 , 2.170000e+00 ,]
par.nDiscretizationBFP = 129
par.backgroundNoise = 0.020
par.nPhotons = 500
positionX_nm_array = [-3.582580e+03 , -1.046238e+03 ,  3.933927e+02 , -3.879363e+03 , -1.619651e+03 ,  2.325593e+03 , -4.565460e+03 ,  4.348094e+03 ,  5.778834e+02 , -2.344350e+03 ,  1.398535e+03 , -4.326605e+02 , -2.484645e+03 ,  3.434922e+03 , -4.549347e+03 , -3.276846e+03 , -1.357555e+03 ,  2.352761e+03 , -3.654811e+03 ,  4.294042e+03 , -4.144915e+03 ,  4.713826e+03 ,  1.290944e+03 , -1.142154e+03 ,  4.364475e+03 ,  2.813731e+03 ,  3.784976e+03 ,  3.817629e+03 , -5.122745e+02 ,  6.055685e+02 , -2.149873e+03 ,  1.452346e+03 , -3.077270e+01 ,  3.948896e+03 , -2.495238e+03 ,  1.779438e+03 , -2.722405e+03 ,  1.644469e+03 , -3.070450e+03 , -4.571607e+03 , -2.441838e+02 , -4.462726e+03 ,  4.757267e+02 , -1.378198e+03 ,  2.695501e+03 ,  2.359875e+03 ,  8.930243e+02 , -1.414465e+03 ,  2.454666e+03 , -2.320601e+03 ,]
positionY_nm_array = [4.868505e+03 , -3.002364e+03 , -7.189096e+02 ,  3.084138e+02 ,  2.531873e+03 ,  9.535011e+02 , -4.740919e+02 , -1.865057e+03 , -3.685902e+03 , -8.940151e+01 , -2.443902e+03 ,  6.411576e+02 , -4.521427e+03 ,  3.483566e+03 ,  2.964708e+03 , -3.877316e+03 , -1.824321e+03 ,  3.339003e+03 ,  1.367428e+03 ,  2.259874e+03 , -1.989334e+03 ,  6.567706e+02 , -4.542332e+03 ,  3.616492e+03 , -4.623132e+03 , -2.095369e+03 , -3.137859e+03 , -2.232052e+02 , -1.209066e+03 ,  3.151273e+03 ,  1.502686e+03 ,  3.965246e+03 ,  2.149782e+03 ,  4.539502e+03 ,  4.732291e+03 , -8.696276e+00 ,  2.410262e+03 ,  1.880128e+03 , -1.599754e+03 ,  1.826897e+03 ,  4.294068e+03 , -4.777810e+03 , -1.870426e+03 , -4.749779e+03 ,  2.364593e+03 , -3.563537e+03 ,  7.419333e+02 ,  3.490627e+02 ,  4.381674e+03 , -2.522557e+03 ,]
angleInclination_array = [1.745329e+00 , 1.745329e+00 , 1.745329e+00 , 1.745329e+00 , 1.745329e+00 , 1.745329e+00 , 1.745329e+00 , 1.745329e+00 , 1.745329e+00 , 1.745329e+00 , 1.745329e+00 , 1.745329e+00 , 1.745329e+00 , 1.745329e+00 , 1.745329e+00 , 1.745329e+00 , 1.745329e+00 , 1.745329e+00 , 1.745329e+00 , 1.745329e+00 , 1.745329e+00 , 1.745329e+00 , 1.745329e+00 , 1.745329e+00 , 1.745329e+00 , 1.745329e+00 , 1.745329e+00 , 1.745329e+00 , 1.745329e+00 , 1.745329e+00 , 1.745329e+00 , 1.745329e+00 , 1.745329e+00 , 1.745329e+00 , 1.745329e+00 , 1.745329e+00 , 1.745329e+00 , 1.745329e+00 , 1.745329e+00 , 1.745329e+00 , 1.745329e+00 , 1.745329e+00 , 1.745329e+00 , 1.745329e+00 , 1.745329e+00 , 1.745329e+00 , 1.745329e+00 , 1.745329e+00 , 1.745329e+00 , 1.745329e+00 ,]
angleAzimuth_array = [6.283185e+00 , 6.283185e+00 , 6.283185e+00 , 6.283185e+00 , 6.283185e+00 , 6.283185e+00 , 6.283185e+00 , 6.283185e+00 , 6.283185e+00 , 6.283185e+00 , 6.283185e+00 , 6.283185e+00 , 6.283185e+00 , 6.283185e+00 , 6.283185e+00 , 6.283185e+00 , 6.283185e+00 , 6.283185e+00 , 6.283185e+00 , 6.283185e+00 , 6.283185e+00 , 6.283185e+00 , 6.283185e+00 , 6.283185e+00 , 6.283185e+00 , 6.283185e+00 , 6.283185e+00 , 6.283185e+00 , 6.283185e+00 , 6.283185e+00 , 6.283185e+00 , 6.283185e+00 , 6.283185e+00 , 6.283185e+00 , 6.283185e+00 , 6.283185e+00 , 6.283185e+00 , 6.283185e+00 , 6.283185e+00 , 6.283185e+00 , 6.283185e+00 , 6.283185e+00 , 6.283185e+00 , 6.283185e+00 , 6.283185e+00 , 6.283185e+00 , 6.283185e+00 , 6.283185e+00 , 6.283185e+00 , 6.283185e+00 ,]
