% ground truth for sim_inc20_az60.tif
% settings
number_of_spots = 50
pixel_size_nm = 51.200
image_size_nm = 14142.136
image_size_px = 275
wavelength = 500
par.objectiveNA = 2.17
objectiveFocalLength = 770
par.refractiveIndices = [1.310000e+00 , 2.170000e+00 , 2.170000e+00 ,]
par.nDiscretizationBFP = 129
par.backgroundNoise = 0.020
par.nPhotons = 500
positionX_nm_array = [3.302657e+03 , -4.284639e+03 , -4.607272e+03 , -1.906141e+03 , -7.869532e+02 ,  4.108771e+03 ,  3.090312e+03 ,  2.739145e+03 , -3.109147e+03 ,  2.783665e+03 ,  1.884778e+03 ,  1.147327e+03 ,  1.001197e+03 , -3.989810e+03 , -1.387147e+03 ,  3.345400e+03 , -4.921658e+03 , -1.422118e+03 ,  1.173671e+03 , -7.954596e+02 ,  4.711545e+03 ,  2.341147e+03 ,  9.999074e+01 ,  2.933308e+03 , -3.604432e+03 , -3.824442e+01 ,  1.754327e+03 , -3.515113e+03 ,  4.429400e+03 , -4.678189e+03 , -2.151752e+03 , -7.270220e+02 , -3.733206e+03 ,  4.273513e+03 , -1.244927e+03 , -4.296800e+03 ,  4.210324e+02 ,  3.685279e+02 , -2.323302e+03 ,  4.014768e+02 , -3.239490e+03 , -2.152957e+03 , -1.981248e+02 , -1.270268e+03 , -4.518699e+03 , -3.397789e+03 ,  4.469689e+03 ,  2.919967e+02 ,  2.595626e+03 ,  1.652356e+03 ,]
positionY_nm_array = [4.651534e+03 ,  8.138976e+02 , -1.266094e+03 , -2.693451e+03 , -3.153602e+03 , -1.689093e+03 ,  1.961597e+03 , -2.870447e+03 ,  2.133013e+03 , -1.555416e+03 , -3.403603e+03 , -4.336270e+03 ,  3.795817e+03 , -3.481742e+03 ,  3.482707e+03 , -3.719690e+03 , -5.561856e+01 ,  1.287248e+03 ,  2.030118e+03 ,  2.653815e+03 ,  2.968186e+03 , -4.406037e+03 , -1.635495e+03 ,  2.230243e+02 , -1.699828e+03 ,  3.563475e+03 ,  1.057265e+03 , -1.280603e+02 ,  4.063845e+03 ,  4.109228e+03 ,  2.593308e+03 ,  1.929180e+02 ,  3.453943e+03 ,  6.371926e+02 , -1.088592e+03 , -4.819698e+03 , -3.201094e+03 , -2.621226e+02 ,  4.272183e+03 ,  4.759061e+03 , -4.901281e+03 , -7.152104e+01 ,  1.297412e+03 , -4.481426e+03 ,  2.280238e+03 ,  4.620347e+03 , -4.540697e+03 , -4.929512e+03 ,  3.715119e+03 , -9.938475e+02 ,]
angleInclination_array = [3.490659e-01 , 3.490659e-01 , 3.490659e-01 , 3.490659e-01 , 3.490659e-01 , 3.490659e-01 , 3.490659e-01 , 3.490659e-01 , 3.490659e-01 , 3.490659e-01 , 3.490659e-01 , 3.490659e-01 , 3.490659e-01 , 3.490659e-01 , 3.490659e-01 , 3.490659e-01 , 3.490659e-01 , 3.490659e-01 , 3.490659e-01 , 3.490659e-01 , 3.490659e-01 , 3.490659e-01 , 3.490659e-01 , 3.490659e-01 , 3.490659e-01 , 3.490659e-01 , 3.490659e-01 , 3.490659e-01 , 3.490659e-01 , 3.490659e-01 , 3.490659e-01 , 3.490659e-01 , 3.490659e-01 , 3.490659e-01 , 3.490659e-01 , 3.490659e-01 , 3.490659e-01 , 3.490659e-01 , 3.490659e-01 , 3.490659e-01 , 3.490659e-01 , 3.490659e-01 , 3.490659e-01 , 3.490659e-01 , 3.490659e-01 , 3.490659e-01 , 3.490659e-01 , 3.490659e-01 , 3.490659e-01 , 3.490659e-01 ,]
angleAzimuth_array = [1.047198e+00 , 1.047198e+00 , 1.047198e+00 , 1.047198e+00 , 1.047198e+00 , 1.047198e+00 , 1.047198e+00 , 1.047198e+00 , 1.047198e+00 , 1.047198e+00 , 1.047198e+00 , 1.047198e+00 , 1.047198e+00 , 1.047198e+00 , 1.047198e+00 , 1.047198e+00 , 1.047198e+00 , 1.047198e+00 , 1.047198e+00 , 1.047198e+00 , 1.047198e+00 , 1.047198e+00 , 1.047198e+00 , 1.047198e+00 , 1.047198e+00 , 1.047198e+00 , 1.047198e+00 , 1.047198e+00 , 1.047198e+00 , 1.047198e+00 , 1.047198e+00 , 1.047198e+00 , 1.047198e+00 , 1.047198e+00 , 1.047198e+00 , 1.047198e+00 , 1.047198e+00 , 1.047198e+00 , 1.047198e+00 , 1.047198e+00 , 1.047198e+00 , 1.047198e+00 , 1.047198e+00 , 1.047198e+00 , 1.047198e+00 , 1.047198e+00 , 1.047198e+00 , 1.047198e+00 , 1.047198e+00 , 1.047198e+00 ,]
