% ground truth for sim_inc10_az300.tif
% settings
number_of_spots = 50
pixel_size_nm = 51.200
image_size_nm = 14142.136
image_size_px = 275
wavelength = 500
par.objectiveNA = 2.17
objectiveFocalLength = 770
par.refractiveIndices = [1.310000e+00 , 2.170000e+00 , 2.170000e+00 ,]
par.nDiscretizationBFP = 129
par.backgroundNoise = 0.020
par.nPhotons = 500
positionX_nm_array = [-1.386814e+03 , -4.407702e+01 , -3.119690e+03 , -4.457247e+03 ,  3.996346e+03 ,  2.474741e+03 , -4.468705e+03 ,  2.694977e+03 ,  4.224660e+03 ,  3.303422e+03 , -3.357321e+02 , -4.762811e+03 , -6.572685e+02 ,  9.814525e+02 ,  4.104006e+03 , -3.303243e+03 ,  2.107252e+03 ,  3.268792e+03 ,  1.689374e+03 ,  4.794107e+03 ,  1.547525e+02 ,  8.937014e+02 , -2.305849e+03 , -3.518760e+03 ,  1.321733e+03 , -3.458511e+03 , -4.425013e+03 , -5.308466e+02 ,  3.035462e+03 , -1.405694e+02 ,  4.912151e+03 ,  2.678650e+03 , -1.627360e+03 , -3.724160e+02 ,  1.139848e+03 , -2.425095e+03 , -3.630146e+03 ,  2.054705e+03 , -3.485628e+03 , -4.493358e+03 , -4.866362e+03 ,  1.272730e+03 ,  3.942699e+03 , -1.351255e+03 , -1.703945e+03 ,  7.458855e+02 ,  9.134888e+02 , -3.465326e+03 , -1.933540e+03 , -4.627155e+03 ,]
positionY_nm_array = [-3.765018e+03 , -2.872794e+03 ,  1.085329e+03 ,  1.372855e+03 ,  1.859855e+03 ,  4.755235e+03 ,  4.418114e+03 , -4.039370e+03 ,  2.395505e+02 ,  3.277441e+03 ,  3.006641e+03 , -3.899430e+03 ,  7.311771e+02 ,  2.058888e+03 , -2.069766e+03 , -7.443789e+02 , -5.212091e+02 , -9.097306e+02 ,  9.119281e+02 , -4.668100e+03 ,  4.534717e+03 , -4.756684e+03 , -2.571608e+03 , -4.911723e+03 , -3.325763e+03 ,  4.658823e+03 , -9.188706e+02 ,  1.949783e+03 ,  1.514397e+03 , -4.852246e+03 ,  1.233931e+03 , -2.536498e+03 ,  2.933675e+02 , -1.062819e+03 ,  4.834690e+03 ,  2.725570e+03 , -2.780360e+03 ,  3.604367e+03 , -3.815217e+03 , -2.221160e+03 ,  3.478648e+03 , -1.178913e+03 ,  4.421521e+03 ,  4.718629e+03 ,  3.551195e+03 ,  3.226258e+00 ,  3.431735e+03 ,  2.116409e+03 , -1.188134e+03 ,  2.272508e+02 ,]
angleInclination_array = [1.745329e-01 , 1.745329e-01 , 1.745329e-01 , 1.745329e-01 , 1.745329e-01 , 1.745329e-01 , 1.745329e-01 , 1.745329e-01 , 1.745329e-01 , 1.745329e-01 , 1.745329e-01 , 1.745329e-01 , 1.745329e-01 , 1.745329e-01 , 1.745329e-01 , 1.745329e-01 , 1.745329e-01 , 1.745329e-01 , 1.745329e-01 , 1.745329e-01 , 1.745329e-01 , 1.745329e-01 , 1.745329e-01 , 1.745329e-01 , 1.745329e-01 , 1.745329e-01 , 1.745329e-01 , 1.745329e-01 , 1.745329e-01 , 1.745329e-01 , 1.745329e-01 , 1.745329e-01 , 1.745329e-01 , 1.745329e-01 , 1.745329e-01 , 1.745329e-01 , 1.745329e-01 , 1.745329e-01 , 1.745329e-01 , 1.745329e-01 , 1.745329e-01 , 1.745329e-01 , 1.745329e-01 , 1.745329e-01 , 1.745329e-01 , 1.745329e-01 , 1.745329e-01 , 1.745329e-01 , 1.745329e-01 , 1.745329e-01 ,]
angleAzimuth_array = [5.235988e+00 , 5.235988e+00 , 5.235988e+00 , 5.235988e+00 , 5.235988e+00 , 5.235988e+00 , 5.235988e+00 , 5.235988e+00 , 5.235988e+00 , 5.235988e+00 , 5.235988e+00 , 5.235988e+00 , 5.235988e+00 , 5.235988e+00 , 5.235988e+00 , 5.235988e+00 , 5.235988e+00 , 5.235988e+00 , 5.235988e+00 , 5.235988e+00 , 5.235988e+00 , 5.235988e+00 , 5.235988e+00 , 5.235988e+00 , 5.235988e+00 , 5.235988e+00 , 5.235988e+00 , 5.235988e+00 , 5.235988e+00 , 5.235988e+00 , 5.235988e+00 , 5.235988e+00 , 5.235988e+00 , 5.235988e+00 , 5.235988e+00 , 5.235988e+00 , 5.235988e+00 , 5.235988e+00 , 5.235988e+00 , 5.235988e+00 , 5.235988e+00 , 5.235988e+00 , 5.235988e+00 , 5.235988e+00 , 5.235988e+00 , 5.235988e+00 , 5.235988e+00 , 5.235988e+00 , 5.235988e+00 , 5.235988e+00 ,]
