% ground truth for sim_inc140_az140.tif
% settings
number_of_spots = 50
pixel_size_nm = 51.200
image_size_nm = 14142.136
image_size_px = 275
wavelength = 500
par.objectiveNA = 2.17
objectiveFocalLength = 770
par.refractiveIndices = [1.310000e+00 , 2.170000e+00 , 2.170000e+00 ,]
par.nDiscretizationBFP = 129
par.backgroundNoise = 0.020
par.nPhotons = 500
positionX_nm_array = [-2.319583e+02 ,  1.103102e+03 , -3.271890e+03 , -2.685253e+03 ,  4.297851e+03 ,  4.508946e+02 ,  3.207066e+03 ,  3.926253e+03 ,  3.313287e+03 , -4.215127e+02 ,  1.675476e+03 ,  2.888919e+02 ,  2.625993e+03 , -3.373563e+03 ,  2.418730e+03 ,  3.854487e+03 ,  2.478167e+03 ,  4.526435e+03 , -8.183820e+02 , -1.016538e+03 , -4.376844e+03 ,  2.539926e+03 , -3.612896e+03 , -4.028032e+03 , -7.341238e+02 ,  9.396126e+02 , -2.844252e+03 , -3.448863e+03 , -2.002885e+03 ,  3.762692e+03 ,  4.901162e+03 , -4.291871e+03 ,  2.480445e+03 , -2.502191e+03 , -7.474662e+02 ,  1.336888e+03 , -2.434216e+02 , -4.296761e+03 , -2.361751e+03 , -5.045162e+02 , -1.953742e+03 , -4.308688e+03 , -3.284362e+03 ,  4.941244e+03 ,  3.139425e+03 , -4.588595e+03 ,  4.487995e+00 , -2.843875e+03 , -1.444313e+03 , -1.764787e+03 ,]
positionY_nm_array = [-3.559070e+03 ,  2.331874e+03 ,  3.991568e+03 , -4.815134e+03 , -4.084518e+03 ,  4.129249e+03 , -2.204414e+03 ,  1.473746e+03 ,  3.031452e+03 ,  1.765091e+03 , -2.224551e+03 ,  6.632988e+02 , -3.968701e+03 , -1.746767e+03 , -7.528623e+02 ,  3.177226e+02 ,  3.957672e+03 , -1.963923e+03 ,  5.070939e+02 , -4.217574e+03 , -2.570034e+03 ,  3.831578e+02 ,  2.950549e+03 ,  1.680294e+03 ,  3.791176e+03 , -7.075529e+02 , -2.769172e+03 , -2.524937e+02 ,  2.647955e+03 , -9.870300e+02 ,  4.816760e+03 ,  4.052410e+03 ,  2.102228e+03 ,  1.736652e+03 , -8.968875e+02 , -3.705295e+03 ,  4.889726e+03 , -4.900821e+03 , -9.524836e+02 , -2.546974e+03 , -3.440333e+03 ,  3.125727e+02 , -3.717015e+03 , -2.549255e+02 ,  4.891277e+03 , -9.274420e+02 , -4.593696e+03 ,  7.441198e+02 ,  1.308921e+03 ,  4.585582e+03 ,]
angleInclination_array = [2.443461e+00 , 2.443461e+00 , 2.443461e+00 , 2.443461e+00 , 2.443461e+00 , 2.443461e+00 , 2.443461e+00 , 2.443461e+00 , 2.443461e+00 , 2.443461e+00 , 2.443461e+00 , 2.443461e+00 , 2.443461e+00 , 2.443461e+00 , 2.443461e+00 , 2.443461e+00 , 2.443461e+00 , 2.443461e+00 , 2.443461e+00 , 2.443461e+00 , 2.443461e+00 , 2.443461e+00 , 2.443461e+00 , 2.443461e+00 , 2.443461e+00 , 2.443461e+00 , 2.443461e+00 , 2.443461e+00 , 2.443461e+00 , 2.443461e+00 , 2.443461e+00 , 2.443461e+00 , 2.443461e+00 , 2.443461e+00 , 2.443461e+00 , 2.443461e+00 , 2.443461e+00 , 2.443461e+00 , 2.443461e+00 , 2.443461e+00 , 2.443461e+00 , 2.443461e+00 , 2.443461e+00 , 2.443461e+00 , 2.443461e+00 , 2.443461e+00 , 2.443461e+00 , 2.443461e+00 , 2.443461e+00 , 2.443461e+00 ,]
angleAzimuth_array = [2.443461e+00 , 2.443461e+00 , 2.443461e+00 , 2.443461e+00 , 2.443461e+00 , 2.443461e+00 , 2.443461e+00 , 2.443461e+00 , 2.443461e+00 , 2.443461e+00 , 2.443461e+00 , 2.443461e+00 , 2.443461e+00 , 2.443461e+00 , 2.443461e+00 , 2.443461e+00 , 2.443461e+00 , 2.443461e+00 , 2.443461e+00 , 2.443461e+00 , 2.443461e+00 , 2.443461e+00 , 2.443461e+00 , 2.443461e+00 , 2.443461e+00 , 2.443461e+00 , 2.443461e+00 , 2.443461e+00 , 2.443461e+00 , 2.443461e+00 , 2.443461e+00 , 2.443461e+00 , 2.443461e+00 , 2.443461e+00 , 2.443461e+00 , 2.443461e+00 , 2.443461e+00 , 2.443461e+00 , 2.443461e+00 , 2.443461e+00 , 2.443461e+00 , 2.443461e+00 , 2.443461e+00 , 2.443461e+00 , 2.443461e+00 , 2.443461e+00 , 2.443461e+00 , 2.443461e+00 , 2.443461e+00 , 2.443461e+00 ,]
