% ground truth for sim_inc120_az100.tif
% settings
number_of_spots = 50
pixel_size_nm = 51.200
image_size_nm = 14142.136
image_size_px = 275
wavelength = 500
par.objectiveNA = 2.17
objectiveFocalLength = 770
par.refractiveIndices = [1.310000e+00 , 2.170000e+00 , 2.170000e+00 ,]
par.nDiscretizationBFP = 129
par.backgroundNoise = 0.020
par.nPhotons = 500
positionX_nm_array = [-3.573607e+03 ,  5.697084e+02 ,  4.886275e+03 , -4.030535e+03 , -1.089382e+03 , -1.483372e+03 ,  4.593004e+03 ,  1.608003e+03 , -4.516706e+02 ,  3.340567e+03 , -1.784548e+03 , -4.618266e+03 ,  3.089125e+03 ,  3.448712e+03 ,  4.687593e+03 ,  4.887267e+03 , -4.027827e+03 , -4.810073e+03 , -2.495674e+03 ,  7.852630e+02 ,  3.881335e+03 , -1.728046e+03 ,  3.113083e+03 ,  1.971545e+03 ,  1.162341e+03 , -4.181966e+03 , -6.454574e+02 , -4.867685e+03 , -4.075589e+03 , -3.125746e+03 ,  7.825017e+02 , -3.147225e+03 ,  4.446392e+03 , -2.504273e+03 ,  2.004710e+03 , -2.072777e+03 ,  2.890766e+03 ,  3.611731e+03 ,  1.514864e+02 , -2.043497e+01 ,  2.396419e+03 ,  4.486209e+03 , -9.131625e+02 ,  1.982031e+03 , -2.497249e+03 ,  7.324261e+02 , -2.231150e+02 , -3.138660e+03 , -2.000494e+03 ,  5.411241e+02 ,]
positionY_nm_array = [2.478895e+03 , -4.835116e+03 ,  3.655195e+03 ,  8.070980e+02 , -4.765710e+03 ,  2.681107e+03 , -2.372758e+03 ,  2.592035e+03 ,  2.103798e+03 ,  3.463457e+03 ,  3.808244e+03 ,  4.421590e+03 ,  1.235288e+03 , -1.072731e+03 ,  9.921930e+02 ,  2.350449e+03 , -4.598273e+03 ,  2.973195e+03 , -1.181724e+03 ,  4.155994e+03 , -4.316314e+03 , -3.939180e+03 , -3.255403e+03 , -4.033298e+03 , -1.768518e+03 , -2.637273e+03 ,  3.740850e+03 ,  1.797889e+03 , -6.024820e+02 , -2.370144e+03 ,  9.688286e+02 ,  4.116058e+03 , -9.681131e+02 ,  2.346412e+03 , -7.218659e+02 ,  6.063981e+02 ,  4.680595e+03 ,  2.255526e+03 , -1.632212e+03 , -4.023833e+03 , -2.407591e+03 , -3.464747e+03 , -1.572670e+03 ,  8.673928e+02 , -4.786060e+03 , -7.008937e+02 ,  4.678357e+02 ,  1.460418e+03 , -2.557826e+03 , -2.727505e+03 ,]
angleInclination_array = [2.094395e+00 , 2.094395e+00 , 2.094395e+00 , 2.094395e+00 , 2.094395e+00 , 2.094395e+00 , 2.094395e+00 , 2.094395e+00 , 2.094395e+00 , 2.094395e+00 , 2.094395e+00 , 2.094395e+00 , 2.094395e+00 , 2.094395e+00 , 2.094395e+00 , 2.094395e+00 , 2.094395e+00 , 2.094395e+00 , 2.094395e+00 , 2.094395e+00 , 2.094395e+00 , 2.094395e+00 , 2.094395e+00 , 2.094395e+00 , 2.094395e+00 , 2.094395e+00 , 2.094395e+00 , 2.094395e+00 , 2.094395e+00 , 2.094395e+00 , 2.094395e+00 , 2.094395e+00 , 2.094395e+00 , 2.094395e+00 , 2.094395e+00 , 2.094395e+00 , 2.094395e+00 , 2.094395e+00 , 2.094395e+00 , 2.094395e+00 , 2.094395e+00 , 2.094395e+00 , 2.094395e+00 , 2.094395e+00 , 2.094395e+00 , 2.094395e+00 , 2.094395e+00 , 2.094395e+00 , 2.094395e+00 , 2.094395e+00 ,]
angleAzimuth_array = [1.745329e+00 , 1.745329e+00 , 1.745329e+00 , 1.745329e+00 , 1.745329e+00 , 1.745329e+00 , 1.745329e+00 , 1.745329e+00 , 1.745329e+00 , 1.745329e+00 , 1.745329e+00 , 1.745329e+00 , 1.745329e+00 , 1.745329e+00 , 1.745329e+00 , 1.745329e+00 , 1.745329e+00 , 1.745329e+00 , 1.745329e+00 , 1.745329e+00 , 1.745329e+00 , 1.745329e+00 , 1.745329e+00 , 1.745329e+00 , 1.745329e+00 , 1.745329e+00 , 1.745329e+00 , 1.745329e+00 , 1.745329e+00 , 1.745329e+00 , 1.745329e+00 , 1.745329e+00 , 1.745329e+00 , 1.745329e+00 , 1.745329e+00 , 1.745329e+00 , 1.745329e+00 , 1.745329e+00 , 1.745329e+00 , 1.745329e+00 , 1.745329e+00 , 1.745329e+00 , 1.745329e+00 , 1.745329e+00 , 1.745329e+00 , 1.745329e+00 , 1.745329e+00 , 1.745329e+00 , 1.745329e+00 , 1.745329e+00 ,]
