% ground truth for sim_inc180_az40.tif
% settings
number_of_spots = 50
pixel_size_nm = 51.200
image_size_nm = 14142.136
image_size_px = 275
wavelength = 500
par.objectiveNA = 2.17
objectiveFocalLength = 770
par.refractiveIndices = [1.310000e+00 , 2.170000e+00 , 2.170000e+00 ,]
par.nDiscretizationBFP = 129
par.backgroundNoise = 0.020
par.nPhotons = 500
positionX_nm_array = [4.419126e+03 ,  3.310078e+03 , -3.621110e+03 , -1.629911e+03 ,  4.408945e+03 , -2.944352e+03 ,  1.752107e+03 ,  3.098838e+03 , -3.239920e+03 ,  7.522952e+02 ,  6.267563e+01 ,  2.554309e+03 , -1.160735e+03 , -1.417634e+03 ,  1.424326e+03 , -6.276891e+02 ,  1.633842e+03 , -4.551228e+03 , -2.735650e+03 ,  2.842816e+03 , -1.275196e+03 ,  3.909423e+03 , -4.345326e+03 , -4.069970e+03 , -4.094778e+02 , -4.311046e+01 ,  4.499451e+03 ,  2.225170e+03 , -3.634501e+03 , -4.006358e+03 , -3.398053e+02 , -1.169740e+03 ,  4.428358e+02 , -4.678364e+03 ,  3.476396e+03 , -2.611803e+03 , -4.932238e+03 , -4.297056e+03 , -2.260739e+03 ,  1.227071e+03 ,  4.623447e+03 , -3.344499e+03 , -2.381947e+03 ,  8.017016e+02 , -2.230537e+03 ,  6.268889e+02 , -4.879196e+03 ,  1.137783e+03 ,  4.906080e+03 , -3.035601e+03 ,]
positionY_nm_array = [3.509845e+03 , -3.186455e+03 , -1.755044e+03 ,  2.360153e+03 , -2.517506e+02 , -2.504498e+03 ,  3.128512e+03 ,  1.769499e+03 , -1.289958e+02 ,  1.011857e+03 ,  4.744279e+03 , -5.490845e+02 , -3.352864e+03 ,  4.229651e+03 , -5.645197e+02 ,  2.893621e+02 , -3.727391e+03 , -2.907609e+03 ,  3.258283e+03 , -4.732032e+03 , -4.836075e+03 , -2.036732e+03 ,  2.549589e+03 , -4.249653e+03 , -8.429090e+02 , -2.494782e+03 ,  1.429786e+03 ,  4.351041e+03 , -3.312906e+03 ,  5.140317e+02 ,  2.895441e+03 , -2.229044e+03 , -4.540107e+03 , -1.513584e+03 ,  4.823595e+03 , -3.459104e+03 , -2.204988e+02 ,  4.174335e+03 , -4.498448e+03 , -1.745801e+03 , -2.807443e+03 ,  2.387920e+03 ,  4.674261e+03 ,  2.052031e+03 , -1.144963e+03 ,  3.480516e+03 ,  1.687435e+03 ,  4.343932e+03 ,  2.362718e+03 ,  9.401113e+02 ,]
angleInclination_array = [3.141593e+00 , 3.141593e+00 , 3.141593e+00 , 3.141593e+00 , 3.141593e+00 , 3.141593e+00 , 3.141593e+00 , 3.141593e+00 , 3.141593e+00 , 3.141593e+00 , 3.141593e+00 , 3.141593e+00 , 3.141593e+00 , 3.141593e+00 , 3.141593e+00 , 3.141593e+00 , 3.141593e+00 , 3.141593e+00 , 3.141593e+00 , 3.141593e+00 , 3.141593e+00 , 3.141593e+00 , 3.141593e+00 , 3.141593e+00 , 3.141593e+00 , 3.141593e+00 , 3.141593e+00 , 3.141593e+00 , 3.141593e+00 , 3.141593e+00 , 3.141593e+00 , 3.141593e+00 , 3.141593e+00 , 3.141593e+00 , 3.141593e+00 , 3.141593e+00 , 3.141593e+00 , 3.141593e+00 , 3.141593e+00 , 3.141593e+00 , 3.141593e+00 , 3.141593e+00 , 3.141593e+00 , 3.141593e+00 , 3.141593e+00 , 3.141593e+00 , 3.141593e+00 , 3.141593e+00 , 3.141593e+00 , 3.141593e+00 ,]
angleAzimuth_array = [6.981317e-01 , 6.981317e-01 , 6.981317e-01 , 6.981317e-01 , 6.981317e-01 , 6.981317e-01 , 6.981317e-01 , 6.981317e-01 , 6.981317e-01 , 6.981317e-01 , 6.981317e-01 , 6.981317e-01 , 6.981317e-01 , 6.981317e-01 , 6.981317e-01 , 6.981317e-01 , 6.981317e-01 , 6.981317e-01 , 6.981317e-01 , 6.981317e-01 , 6.981317e-01 , 6.981317e-01 , 6.981317e-01 , 6.981317e-01 , 6.981317e-01 , 6.981317e-01 , 6.981317e-01 , 6.981317e-01 , 6.981317e-01 , 6.981317e-01 , 6.981317e-01 , 6.981317e-01 , 6.981317e-01 , 6.981317e-01 , 6.981317e-01 , 6.981317e-01 , 6.981317e-01 , 6.981317e-01 , 6.981317e-01 , 6.981317e-01 , 6.981317e-01 , 6.981317e-01 , 6.981317e-01 , 6.981317e-01 , 6.981317e-01 , 6.981317e-01 , 6.981317e-01 , 6.981317e-01 , 6.981317e-01 , 6.981317e-01 ,]
