% ground truth for sim_inc70_az300.tif
% settings
number_of_spots = 50
pixel_size_nm = 51.200
image_size_nm = 14142.136
image_size_px = 275
wavelength = 500
par.objectiveNA = 2.17
objectiveFocalLength = 770
par.refractiveIndices = [1.310000e+00 , 2.170000e+00 , 2.170000e+00 ,]
par.nDiscretizationBFP = 129
par.backgroundNoise = 0.020
par.nPhotons = 500
positionX_nm_array = [-4.480583e+02 , -8.903416e+02 ,  1.733844e+03 , -1.084439e+03 , -2.591093e+03 , -4.003996e+02 ,  3.192475e+03 , -3.180366e+03 , -1.059316e+03 , -1.128927e+03 , -2.425947e+03 ,  1.945552e+03 , -4.210200e+03 , -4.468652e+03 ,  4.256737e+03 ,  3.549861e+03 ,  2.332062e+03 , -2.551168e+03 , -4.494197e+03 ,  1.553740e+03 ,  2.815965e+03 , -4.851302e+03 , -3.765626e+03 , -2.397561e+03 ,  4.431978e+02 ,  4.264772e+03 ,  1.646136e+02 ,  1.051232e+03 , -1.788978e+03 ,  2.485984e+03 ,  1.377134e+03 ,  2.118233e+03 ,  3.108349e+02 ,  3.675550e+03 ,  4.702719e+03 , -3.170644e+03 , -2.687824e+03 ,  2.760345e+03 ,  4.899364e+03 , -1.477719e+03 , -2.164099e+03 , -1.484748e+03 , -3.827772e+03 ,  3.464679e+03 ,  2.581912e+03 ,  3.305400e+03 , -7.205583e+01 ,  1.384635e+03 , -3.760822e+03 ,  1.118300e+03 ,]
positionY_nm_array = [-2.562577e+03 , -9.989290e+02 , -4.572948e+02 , -4.792717e+03 ,  2.462171e+03 ,  2.121935e+03 , -4.107836e+03 ,  1.410860e+02 , -3.421104e+03 ,  3.185091e+03 , -6.750413e+02 ,  1.184439e+03 , -4.436090e+03 ,  3.634957e+02 ,  3.129094e+03 ,  4.662273e+03 ,  2.788522e+03 , -4.516942e+03 ,  1.833108e+03 , -2.616246e+03 , -1.688632e+02 , -2.920792e+03 ,  2.907001e+03 , -3.075588e+03 ,  6.558804e+02 , -8.440806e+02 ,  4.561943e+03 , -4.868794e+03 ,  4.011438e+03 , -2.038655e+03 ,  2.365704e+03 , -4.521451e+03 , -8.488246e+02 ,  7.209503e+02 , -2.887943e+03 , -2.055364e+03 ,  4.755169e+03 , -3.186935e+03 ,  4.245792e+03 ,  1.522206e+03 ,  5.656075e+02 , -2.512730e+03 , -3.268498e+03 ,  1.848303e+03 ,  4.137035e+03 , -1.391425e+03 , -4.484575e+03 ,  3.923114e+03 ,  4.947185e+03 , -3.807880e+03 ,]
angleInclination_array = [1.221730e+00 , 1.221730e+00 , 1.221730e+00 , 1.221730e+00 , 1.221730e+00 , 1.221730e+00 , 1.221730e+00 , 1.221730e+00 , 1.221730e+00 , 1.221730e+00 , 1.221730e+00 , 1.221730e+00 , 1.221730e+00 , 1.221730e+00 , 1.221730e+00 , 1.221730e+00 , 1.221730e+00 , 1.221730e+00 , 1.221730e+00 , 1.221730e+00 , 1.221730e+00 , 1.221730e+00 , 1.221730e+00 , 1.221730e+00 , 1.221730e+00 , 1.221730e+00 , 1.221730e+00 , 1.221730e+00 , 1.221730e+00 , 1.221730e+00 , 1.221730e+00 , 1.221730e+00 , 1.221730e+00 , 1.221730e+00 , 1.221730e+00 , 1.221730e+00 , 1.221730e+00 , 1.221730e+00 , 1.221730e+00 , 1.221730e+00 , 1.221730e+00 , 1.221730e+00 , 1.221730e+00 , 1.221730e+00 , 1.221730e+00 , 1.221730e+00 , 1.221730e+00 , 1.221730e+00 , 1.221730e+00 , 1.221730e+00 ,]
angleAzimuth_array = [5.235988e+00 , 5.235988e+00 , 5.235988e+00 , 5.235988e+00 , 5.235988e+00 , 5.235988e+00 , 5.235988e+00 , 5.235988e+00 , 5.235988e+00 , 5.235988e+00 , 5.235988e+00 , 5.235988e+00 , 5.235988e+00 , 5.235988e+00 , 5.235988e+00 , 5.235988e+00 , 5.235988e+00 , 5.235988e+00 , 5.235988e+00 , 5.235988e+00 , 5.235988e+00 , 5.235988e+00 , 5.235988e+00 , 5.235988e+00 , 5.235988e+00 , 5.235988e+00 , 5.235988e+00 , 5.235988e+00 , 5.235988e+00 , 5.235988e+00 , 5.235988e+00 , 5.235988e+00 , 5.235988e+00 , 5.235988e+00 , 5.235988e+00 , 5.235988e+00 , 5.235988e+00 , 5.235988e+00 , 5.235988e+00 , 5.235988e+00 , 5.235988e+00 , 5.235988e+00 , 5.235988e+00 , 5.235988e+00 , 5.235988e+00 , 5.235988e+00 , 5.235988e+00 , 5.235988e+00 , 5.235988e+00 , 5.235988e+00 ,]
