% ground truth for sim_inc130_az360.tif
% settings
number_of_spots = 50
pixel_size_nm = 51.200
image_size_nm = 14142.136
image_size_px = 275
wavelength = 500
par.objectiveNA = 2.17
objectiveFocalLength = 770
par.refractiveIndices = [1.310000e+00 , 2.170000e+00 , 2.170000e+00 ,]
par.nDiscretizationBFP = 129
par.backgroundNoise = 0.020
par.nPhotons = 500
positionX_nm_array = [1.675466e+03 , -3.774708e+03 ,  2.472091e+02 , -4.208400e+03 ,  2.880959e+03 ,  2.693978e+03 , -3.405573e+03 , -8.880445e+02 ,  4.069227e+03 , -3.770241e+03 ,  4.712934e+03 ,  3.995839e+03 , -1.543378e+03 ,  2.961464e+03 , -4.210605e+03 , -3.223869e+03 ,  1.253769e+03 , -1.897430e+03 , -2.770058e+03 , -1.121456e+02 ,  4.697876e+03 ,  6.309235e+02 , -2.130530e+03 , -4.896464e+03 , -1.208492e+03 , -1.966981e+03 ,  2.338454e+03 ,  3.531468e+03 ,  3.914256e+03 , -4.112044e+03 , -2.552061e+02 , -2.427726e+03 , -3.341857e+03 ,  8.983096e+02 ,  2.184518e+03 ,  3.510200e+03 , -4.717446e+03 ,  4.205422e+03 , -3.023684e+03 ,  2.214310e+03 ,  4.188022e+03 ,  5.807853e+02 ,  2.783393e+03 , -4.721162e+02 ,  4.504754e+03 ,  1.063634e+03 , -4.713250e+03 ,  6.503730e+02 , -1.572484e+03 , -5.188149e+02 ,]
positionY_nm_array = [-1.432058e+02 , -4.714035e+03 , -1.177984e+03 , -9.987451e+02 ,  3.695363e+03 , -4.017004e+03 ,  4.879526e+03 ,  9.943828e+02 ,  3.669616e+03 ,  1.441930e+03 , -2.027717e+03 , -1.246609e+03 , -3.493265e+03 ,  2.419951e+03 , -2.513696e+03 , -3.138656e+03 ,  2.704064e+03 , -2.930962e+01 , -1.636048e+03 , -3.095702e+03 ,  9.102683e+02 ,  9.919340e+02 ,  3.994140e+03 ,  3.099819e+03 , -2.391293e+03 ,  1.104049e+03 ,  8.116479e+02 , -2.664262e+03 ,  4.906035e+03 ,  3.786051e+03 ,  4.224126e+03 , -4.567806e+03 ,  4.883853e+02 , -2.755074e+03 ,  4.510448e+03 ,  7.034834e+02 ,  1.925490e+03 , -2.354078e+02 ,  2.523278e+03 , -2.897403e+03 , -4.094059e+03 , -4.207631e+03 , -9.108789e+02 ,  2.435545e+03 ,  2.082768e+03 ,  4.608618e+03 ,  3.866048e+01 , -2.424969e+02 ,  2.973525e+03 , -4.943176e+03 ,]
angleInclination_array = [2.268928e+00 , 2.268928e+00 , 2.268928e+00 , 2.268928e+00 , 2.268928e+00 , 2.268928e+00 , 2.268928e+00 , 2.268928e+00 , 2.268928e+00 , 2.268928e+00 , 2.268928e+00 , 2.268928e+00 , 2.268928e+00 , 2.268928e+00 , 2.268928e+00 , 2.268928e+00 , 2.268928e+00 , 2.268928e+00 , 2.268928e+00 , 2.268928e+00 , 2.268928e+00 , 2.268928e+00 , 2.268928e+00 , 2.268928e+00 , 2.268928e+00 , 2.268928e+00 , 2.268928e+00 , 2.268928e+00 , 2.268928e+00 , 2.268928e+00 , 2.268928e+00 , 2.268928e+00 , 2.268928e+00 , 2.268928e+00 , 2.268928e+00 , 2.268928e+00 , 2.268928e+00 , 2.268928e+00 , 2.268928e+00 , 2.268928e+00 , 2.268928e+00 , 2.268928e+00 , 2.268928e+00 , 2.268928e+00 , 2.268928e+00 , 2.268928e+00 , 2.268928e+00 , 2.268928e+00 , 2.268928e+00 , 2.268928e+00 ,]
angleAzimuth_array = [6.283185e+00 , 6.283185e+00 , 6.283185e+00 , 6.283185e+00 , 6.283185e+00 , 6.283185e+00 , 6.283185e+00 , 6.283185e+00 , 6.283185e+00 , 6.283185e+00 , 6.283185e+00 , 6.283185e+00 , 6.283185e+00 , 6.283185e+00 , 6.283185e+00 , 6.283185e+00 , 6.283185e+00 , 6.283185e+00 , 6.283185e+00 , 6.283185e+00 , 6.283185e+00 , 6.283185e+00 , 6.283185e+00 , 6.283185e+00 , 6.283185e+00 , 6.283185e+00 , 6.283185e+00 , 6.283185e+00 , 6.283185e+00 , 6.283185e+00 , 6.283185e+00 , 6.283185e+00 , 6.283185e+00 , 6.283185e+00 , 6.283185e+00 , 6.283185e+00 , 6.283185e+00 , 6.283185e+00 , 6.283185e+00 , 6.283185e+00 , 6.283185e+00 , 6.283185e+00 , 6.283185e+00 , 6.283185e+00 , 6.283185e+00 , 6.283185e+00 , 6.283185e+00 , 6.283185e+00 , 6.283185e+00 , 6.283185e+00 ,]
