% ground truth for sim_inc140_az260.tif
% settings
number_of_spots = 50
pixel_size_nm = 51.200
image_size_nm = 14142.136
image_size_px = 275
wavelength = 500
par.objectiveNA = 2.17
objectiveFocalLength = 770
par.refractiveIndices = [1.310000e+00 , 2.170000e+00 , 2.170000e+00 ,]
par.nDiscretizationBFP = 129
par.backgroundNoise = 0.020
par.nPhotons = 500
positionX_nm_array = [2.451083e+03 ,  4.925074e+03 ,  4.633815e+03 , -2.280913e+02 , -1.665805e+03 , -4.253445e+03 , -7.397109e+02 , -4.417665e+03 ,  2.657821e+02 , -1.783646e+03 ,  4.035119e+03 ,  9.224955e+02 , -3.175545e+02 , -2.879738e+03 , -1.966712e+03 , -4.923673e+03 ,  2.016570e+03 ,  1.257193e+03 , -3.640504e+03 ,  3.786546e+03 , -6.912446e+02 ,  2.129030e+03 ,  4.199553e+03 ,  2.343780e+03 , -2.377592e+03 , -2.968460e+03 ,  1.566907e+03 , -4.001333e+02 ,  3.250922e+03 ,  3.163143e+03 , -4.746361e+03 ,  3.070958e+03 , -4.012675e+03 , -4.646990e+03 , -4.375898e+02 , -2.602439e+03 , -3.830539e+03 ,  3.054920e+03 ,  1.118552e+03 , -3.925233e+03 ,  1.164826e+03 ,  4.522505e+03 ,  1.118752e+03 ,  2.934976e+03 , -2.925086e+03 ,  8.602007e+02 , -1.661972e+03 , -2.779169e+03 , -1.846587e+03 ,  6.131315e+02 ,]
positionY_nm_array = [4.234622e+03 ,  1.093781e+03 , -4.529405e+03 ,  3.131890e+03 ,  1.945846e+03 , -4.779732e+03 , -3.318359e+03 ,  3.486859e+03 , -2.927527e+03 , -1.824730e+03 ,  2.404641e+03 ,  4.832079e+03 , -4.692127e+03 ,  1.383894e+03 ,  3.544625e+03 ,  9.464174e+02 , -2.847093e+03 , -1.502430e+03 ,  2.709991e+03 , -3.464881e+03 ,  1.380228e+02 ,  4.093662e+02 , -1.780102e+03 ,  1.507553e+03 , -4.849495e+03 , -2.541316e+03 ,  2.831124e+03 , -1.734902e+03 , -2.339388e+03 ,  2.200042e+00 ,  2.164448e+03 ,  3.228818e+03 ,  4.750757e+03 , -3.559214e+03 ,  1.280098e+03 ,  3.935242e+02 , -5.582601e+02 , -1.284498e+03 , -4.861554e+03 , -2.850322e+03 , -3.755147e+03 ,  4.711386e+03 ,  2.922395e+02 , -4.586893e+03 ,  4.349726e+03 ,  3.729823e+03 , -3.930121e+03 , -7.470709e+02 , -3.081738e+02 ,  1.834358e+03 ,]
angleInclination_array = [2.443461e+00 , 2.443461e+00 , 2.443461e+00 , 2.443461e+00 , 2.443461e+00 , 2.443461e+00 , 2.443461e+00 , 2.443461e+00 , 2.443461e+00 , 2.443461e+00 , 2.443461e+00 , 2.443461e+00 , 2.443461e+00 , 2.443461e+00 , 2.443461e+00 , 2.443461e+00 , 2.443461e+00 , 2.443461e+00 , 2.443461e+00 , 2.443461e+00 , 2.443461e+00 , 2.443461e+00 , 2.443461e+00 , 2.443461e+00 , 2.443461e+00 , 2.443461e+00 , 2.443461e+00 , 2.443461e+00 , 2.443461e+00 , 2.443461e+00 , 2.443461e+00 , 2.443461e+00 , 2.443461e+00 , 2.443461e+00 , 2.443461e+00 , 2.443461e+00 , 2.443461e+00 , 2.443461e+00 , 2.443461e+00 , 2.443461e+00 , 2.443461e+00 , 2.443461e+00 , 2.443461e+00 , 2.443461e+00 , 2.443461e+00 , 2.443461e+00 , 2.443461e+00 , 2.443461e+00 , 2.443461e+00 , 2.443461e+00 ,]
angleAzimuth_array = [4.537856e+00 , 4.537856e+00 , 4.537856e+00 , 4.537856e+00 , 4.537856e+00 , 4.537856e+00 , 4.537856e+00 , 4.537856e+00 , 4.537856e+00 , 4.537856e+00 , 4.537856e+00 , 4.537856e+00 , 4.537856e+00 , 4.537856e+00 , 4.537856e+00 , 4.537856e+00 , 4.537856e+00 , 4.537856e+00 , 4.537856e+00 , 4.537856e+00 , 4.537856e+00 , 4.537856e+00 , 4.537856e+00 , 4.537856e+00 , 4.537856e+00 , 4.537856e+00 , 4.537856e+00 , 4.537856e+00 , 4.537856e+00 , 4.537856e+00 , 4.537856e+00 , 4.537856e+00 , 4.537856e+00 , 4.537856e+00 , 4.537856e+00 , 4.537856e+00 , 4.537856e+00 , 4.537856e+00 , 4.537856e+00 , 4.537856e+00 , 4.537856e+00 , 4.537856e+00 , 4.537856e+00 , 4.537856e+00 , 4.537856e+00 , 4.537856e+00 , 4.537856e+00 , 4.537856e+00 , 4.537856e+00 , 4.537856e+00 ,]
