% ground truth for sim_inc80_az320.tif
% settings
number_of_spots = 50
pixel_size_nm = 51.200
image_size_nm = 14142.136
image_size_px = 275
wavelength = 500
par.objectiveNA = 2.17
objectiveFocalLength = 770
par.refractiveIndices = [1.310000e+00 , 2.170000e+00 , 2.170000e+00 ,]
par.nDiscretizationBFP = 129
par.backgroundNoise = 0.020
par.nPhotons = 500
positionX_nm_array = [9.331770e+02 , -1.533042e+03 , -4.508749e+03 ,  3.268364e+03 , -5.805695e+02 ,  4.075992e+03 ,  3.365079e+03 ,  4.774701e+03 ,  1.425840e+03 ,  3.577721e+03 , -2.600055e+03 , -8.166845e+02 , -3.705053e+03 ,  7.291163e+02 , -4.523708e+03 ,  3.102429e+03 , -3.587648e+02 , -3.769256e+02 , -2.140384e+03 , -3.743195e+03 ,  9.455475e+02 , -3.508385e+03 , -1.492334e+03 , -4.467459e+03 ,  1.787814e+03 , -2.250564e+03 , -3.552712e+03 , -2.015541e+03 , -1.178299e+03 , -6.905144e+02 ,  3.236151e+03 , -2.781687e+03 ,  3.741653e+03 ,  2.140147e+03 ,  1.363780e+03 ,  1.932527e+03 ,  4.812405e+03 ,  4.714027e+03 ,  1.537808e+03 ,  5.564325e+02 , -2.233417e+03 ,  7.196840e+02 , -3.461200e+03 , -2.714614e+03 ,  3.421667e+03 , -1.575841e+03 ,  4.065168e+03 ,  4.931558e+03 ,  2.256520e+03 , -4.123763e+02 ,]
positionY_nm_array = [4.390249e+03 , -4.662997e+02 ,  4.481819e+03 , -3.271744e+03 ,  6.186375e+02 ,  4.908741e+02 ,  1.799772e+03 ,  4.561114e+03 ,  2.621456e+03 ,  4.268070e+03 , -2.473622e+02 ,  4.011491e+03 , -3.924667e+03 , -2.274799e+03 ,  9.704487e+02 , -6.486228e+02 ,  1.821936e+03 , -4.801482e+03 , -4.435147e+03 ,  3.113302e+03 , -4.119442e+03 ,  1.531133e+03 ,  3.215054e+03 , -6.193282e+02 , -2.052562e+02 ,  1.203614e+03 ,  3.867789e+02 ,  4.793927e+03 , -3.162557e+03 , -1.383056e+03 , -1.822724e+03 , -3.233661e+03 ,  2.861102e+03 , -4.396474e+03 , -3.160497e+03 ,  3.753198e+03 ,  1.999902e+03 , -4.720339e+03 , -1.314238e+03 ,  3.200450e+03 , -1.309157e+03 , -3.718549e+01 ,  4.783038e+03 ,  3.545414e+03 , -4.847858e+03 ,  2.075660e+03 , -2.518500e+03 , -1.415914e+03 , -2.668957e+03 , -4.055731e+02 ,]
angleInclination_array = [1.396263e+00 , 1.396263e+00 , 1.396263e+00 , 1.396263e+00 , 1.396263e+00 , 1.396263e+00 , 1.396263e+00 , 1.396263e+00 , 1.396263e+00 , 1.396263e+00 , 1.396263e+00 , 1.396263e+00 , 1.396263e+00 , 1.396263e+00 , 1.396263e+00 , 1.396263e+00 , 1.396263e+00 , 1.396263e+00 , 1.396263e+00 , 1.396263e+00 , 1.396263e+00 , 1.396263e+00 , 1.396263e+00 , 1.396263e+00 , 1.396263e+00 , 1.396263e+00 , 1.396263e+00 , 1.396263e+00 , 1.396263e+00 , 1.396263e+00 , 1.396263e+00 , 1.396263e+00 , 1.396263e+00 , 1.396263e+00 , 1.396263e+00 , 1.396263e+00 , 1.396263e+00 , 1.396263e+00 , 1.396263e+00 , 1.396263e+00 , 1.396263e+00 , 1.396263e+00 , 1.396263e+00 , 1.396263e+00 , 1.396263e+00 , 1.396263e+00 , 1.396263e+00 , 1.396263e+00 , 1.396263e+00 , 1.396263e+00 ,]
angleAzimuth_array = [5.585054e+00 , 5.585054e+00 , 5.585054e+00 , 5.585054e+00 , 5.585054e+00 , 5.585054e+00 , 5.585054e+00 , 5.585054e+00 , 5.585054e+00 , 5.585054e+00 , 5.585054e+00 , 5.585054e+00 , 5.585054e+00 , 5.585054e+00 , 5.585054e+00 , 5.585054e+00 , 5.585054e+00 , 5.585054e+00 , 5.585054e+00 , 5.585054e+00 , 5.585054e+00 , 5.585054e+00 , 5.585054e+00 , 5.585054e+00 , 5.585054e+00 , 5.585054e+00 , 5.585054e+00 , 5.585054e+00 , 5.585054e+00 , 5.585054e+00 , 5.585054e+00 , 5.585054e+00 , 5.585054e+00 , 5.585054e+00 , 5.585054e+00 , 5.585054e+00 , 5.585054e+00 , 5.585054e+00 , 5.585054e+00 , 5.585054e+00 , 5.585054e+00 , 5.585054e+00 , 5.585054e+00 , 5.585054e+00 , 5.585054e+00 , 5.585054e+00 , 5.585054e+00 , 5.585054e+00 , 5.585054e+00 , 5.585054e+00 ,]
