% ground truth for sim_inc70_az180.tif
% settings
number_of_spots = 50
pixel_size_nm = 51.200
image_size_nm = 14142.136
image_size_px = 275
wavelength = 500
par.objectiveNA = 2.17
objectiveFocalLength = 770
par.refractiveIndices = [1.310000e+00 , 2.170000e+00 , 2.170000e+00 ,]
par.nDiscretizationBFP = 129
par.backgroundNoise = 0.020
par.nPhotons = 500
positionX_nm_array = [1.785310e+03 ,  4.241739e+03 ,  5.086892e+02 , -4.469499e+03 , -4.701019e+03 ,  1.951200e+03 , -2.545655e+03 , -1.375650e+03 ,  3.280201e+03 , -1.337584e+03 ,  1.134461e+02 , -1.653188e+03 , -2.543212e+03 , -2.274546e+03 , -1.504233e+03 , -3.686176e+03 , -5.350382e+02 ,  4.238375e+03 , -4.003158e+03 ,  5.772346e+02 , -4.685976e+03 ,  2.665993e+03 , -6.379483e+02 , -2.984051e+03 , -3.678995e+03 ,  3.822055e+03 , -3.000288e+03 ,  2.167259e+03 , -7.006144e+02 ,  8.948468e+02 , -4.941599e+03 ,  1.821346e+03 ,  1.716285e+03 , -2.652167e+03 ,  3.901927e+03 , -7.999109e+02 , -3.822635e+03 ,  4.905679e+03 ,  4.869539e+03 , -1.861350e+03 , -4.552549e+03 , -4.826142e+03 ,  2.175265e+03 ,  2.777713e+03 ,  8.064794e+02 , -1.131283e+02 , -3.674091e+03 ,  4.494621e+03 ,  2.930113e+03 ,  4.744209e+03 ,]
positionY_nm_array = [-1.280306e+03 ,  1.419013e+03 , -4.241968e+03 , -2.772296e+03 ,  2.876512e+03 , -4.195445e+03 ,  5.997108e+01 , -1.396535e+03 ,  3.441181e+02 ,  4.853066e+03 ,  3.598538e+03 ,  3.424192e+03 ,  4.338509e+03 , -3.637255e+03 ,  2.387381e+03 , -3.962067e+03 ,  1.373673e+03 , -2.979550e+03 ,  1.075899e+03 ,  7.857366e+02 ,  3.879174e+03 ,  2.609076e+03 , -4.608824e+03 , -2.412581e+03 , -7.265549e+02 ,  2.843181e+03 ,  1.678940e+03 ,  1.370231e+03 ,  6.242155e+01 , -2.107699e+03 , -9.681572e+02 ,  4.945261e+03 ,  3.186077e+03 ,  2.852028e+03 ,  3.923239e+03 , -3.200160e+03 ,  4.558930e+03 , -4.173988e+03 , -1.774200e+01 ,  9.951561e+02 ,  1.607434e+02 , -4.828536e+03 , -1.050322e+02 , -1.128837e+03 ,  4.561872e+03 , -2.070435e+03 ,  2.780441e+03 ,  4.741459e+03 , -2.137699e+03 , -1.718077e+03 ,]
angleInclination_array = [1.221730e+00 , 1.221730e+00 , 1.221730e+00 , 1.221730e+00 , 1.221730e+00 , 1.221730e+00 , 1.221730e+00 , 1.221730e+00 , 1.221730e+00 , 1.221730e+00 , 1.221730e+00 , 1.221730e+00 , 1.221730e+00 , 1.221730e+00 , 1.221730e+00 , 1.221730e+00 , 1.221730e+00 , 1.221730e+00 , 1.221730e+00 , 1.221730e+00 , 1.221730e+00 , 1.221730e+00 , 1.221730e+00 , 1.221730e+00 , 1.221730e+00 , 1.221730e+00 , 1.221730e+00 , 1.221730e+00 , 1.221730e+00 , 1.221730e+00 , 1.221730e+00 , 1.221730e+00 , 1.221730e+00 , 1.221730e+00 , 1.221730e+00 , 1.221730e+00 , 1.221730e+00 , 1.221730e+00 , 1.221730e+00 , 1.221730e+00 , 1.221730e+00 , 1.221730e+00 , 1.221730e+00 , 1.221730e+00 , 1.221730e+00 , 1.221730e+00 , 1.221730e+00 , 1.221730e+00 , 1.221730e+00 , 1.221730e+00 ,]
angleAzimuth_array = [3.141593e+00 , 3.141593e+00 , 3.141593e+00 , 3.141593e+00 , 3.141593e+00 , 3.141593e+00 , 3.141593e+00 , 3.141593e+00 , 3.141593e+00 , 3.141593e+00 , 3.141593e+00 , 3.141593e+00 , 3.141593e+00 , 3.141593e+00 , 3.141593e+00 , 3.141593e+00 , 3.141593e+00 , 3.141593e+00 , 3.141593e+00 , 3.141593e+00 , 3.141593e+00 , 3.141593e+00 , 3.141593e+00 , 3.141593e+00 , 3.141593e+00 , 3.141593e+00 , 3.141593e+00 , 3.141593e+00 , 3.141593e+00 , 3.141593e+00 , 3.141593e+00 , 3.141593e+00 , 3.141593e+00 , 3.141593e+00 , 3.141593e+00 , 3.141593e+00 , 3.141593e+00 , 3.141593e+00 , 3.141593e+00 , 3.141593e+00 , 3.141593e+00 , 3.141593e+00 , 3.141593e+00 , 3.141593e+00 , 3.141593e+00 , 3.141593e+00 , 3.141593e+00 , 3.141593e+00 , 3.141593e+00 , 3.141593e+00 ,]
