% ground truth for sim_inc130_az320.tif
% settings
number_of_spots = 50
pixel_size_nm = 51.200
image_size_nm = 14142.136
image_size_px = 275
wavelength = 500
par.objectiveNA = 2.17
objectiveFocalLength = 770
par.refractiveIndices = [1.310000e+00 , 2.170000e+00 , 2.170000e+00 ,]
par.nDiscretizationBFP = 129
par.backgroundNoise = 0.020
par.nPhotons = 500
positionX_nm_array = [-3.614367e+03 , -2.914043e+03 ,  2.914879e+03 , -4.869634e+02 ,  1.714856e+03 , -2.682350e+03 ,  2.167144e+03 ,  3.971708e+03 ,  8.163296e+02 ,  2.013997e+03 ,  4.538499e+03 , -2.520399e+03 , -3.243711e+03 , -2.422927e+03 , -2.035201e+02 ,  3.678184e+03 , -3.939488e+03 , -4.871351e+03 , -4.533239e+03 , -4.413719e+03 , -1.619535e+03 , -4.542825e+03 ,  2.106952e+03 ,  1.389190e+03 , -1.610845e+03 ,  4.391680e+03 , -3.141670e+03 , -1.532241e+03 , -1.371613e+03 ,  3.074439e+03 , -1.792846e+02 ,  4.817732e+03 , -3.745601e+03 ,  9.315806e+02 , -4.090240e+03 , -5.547388e+02 , -3.762368e+02 ,  4.899302e+03 ,  6.096115e+02 , -3.717023e+03 , -2.711315e+03 ,  2.621453e+03 , -1.251791e+03 ,  6.904570e+02 ,  3.646867e+03 , -4.796449e+03 ,  1.118931e+03 ,  3.377418e+03 ,  4.583065e+03 , -1.376826e+02 ,]
positionY_nm_array = [-4.078182e+02 , -3.379754e+03 ,  1.081609e+03 ,  4.845677e+03 , -3.094330e+03 , -1.605862e+03 ,  2.035433e+03 , -3.858674e+03 ,  4.274085e+01 ,  4.043145e+03 , -2.665637e+03 ,  1.374127e+02 ,  4.463117e+03 ,  2.921127e+03 , -2.029573e+03 ,  4.163062e+03 ,  2.917302e+03 , -3.169019e+03 , -9.019727e+02 ,  4.563316e+03 ,  1.069610e+03 , -4.757767e+03 , -6.750762e+02 ,  2.762649e+03 , -3.805340e+03 ,  2.648795e+03 , -4.470620e+03 ,  4.393545e+03 ,  2.277607e+03 ,  2.977655e+03 ,  1.850339e+03 ,  4.372975e+03 , -2.267272e+03 ,  1.392498e+03 , -3.821426e+03 ,  2.943275e+02 ,  3.028238e+03 ,  1.476035e+03 , -4.745350e+03 ,  1.723257e+03 ,  1.148814e+03 , -4.012543e+03 , -6.422811e+02 ,  4.882234e+03 , -3.946770e+02 ,  3.621654e+03 , -1.496634e+03 , -2.405028e+03 , -1.527451e+03 , -3.422282e+03 ,]
angleInclination_array = [2.268928e+00 , 2.268928e+00 , 2.268928e+00 , 2.268928e+00 , 2.268928e+00 , 2.268928e+00 , 2.268928e+00 , 2.268928e+00 , 2.268928e+00 , 2.268928e+00 , 2.268928e+00 , 2.268928e+00 , 2.268928e+00 , 2.268928e+00 , 2.268928e+00 , 2.268928e+00 , 2.268928e+00 , 2.268928e+00 , 2.268928e+00 , 2.268928e+00 , 2.268928e+00 , 2.268928e+00 , 2.268928e+00 , 2.268928e+00 , 2.268928e+00 , 2.268928e+00 , 2.268928e+00 , 2.268928e+00 , 2.268928e+00 , 2.268928e+00 , 2.268928e+00 , 2.268928e+00 , 2.268928e+00 , 2.268928e+00 , 2.268928e+00 , 2.268928e+00 , 2.268928e+00 , 2.268928e+00 , 2.268928e+00 , 2.268928e+00 , 2.268928e+00 , 2.268928e+00 , 2.268928e+00 , 2.268928e+00 , 2.268928e+00 , 2.268928e+00 , 2.268928e+00 , 2.268928e+00 , 2.268928e+00 , 2.268928e+00 ,]
angleAzimuth_array = [5.585054e+00 , 5.585054e+00 , 5.585054e+00 , 5.585054e+00 , 5.585054e+00 , 5.585054e+00 , 5.585054e+00 , 5.585054e+00 , 5.585054e+00 , 5.585054e+00 , 5.585054e+00 , 5.585054e+00 , 5.585054e+00 , 5.585054e+00 , 5.585054e+00 , 5.585054e+00 , 5.585054e+00 , 5.585054e+00 , 5.585054e+00 , 5.585054e+00 , 5.585054e+00 , 5.585054e+00 , 5.585054e+00 , 5.585054e+00 , 5.585054e+00 , 5.585054e+00 , 5.585054e+00 , 5.585054e+00 , 5.585054e+00 , 5.585054e+00 , 5.585054e+00 , 5.585054e+00 , 5.585054e+00 , 5.585054e+00 , 5.585054e+00 , 5.585054e+00 , 5.585054e+00 , 5.585054e+00 , 5.585054e+00 , 5.585054e+00 , 5.585054e+00 , 5.585054e+00 , 5.585054e+00 , 5.585054e+00 , 5.585054e+00 , 5.585054e+00 , 5.585054e+00 , 5.585054e+00 , 5.585054e+00 , 5.585054e+00 ,]
