% ground truth for sim_inc80_az180.tif
% settings
number_of_spots = 50
pixel_size_nm = 51.200
image_size_nm = 14142.136
image_size_px = 275
wavelength = 500
par.objectiveNA = 2.17
objectiveFocalLength = 770
par.refractiveIndices = [1.310000e+00 , 2.170000e+00 , 2.170000e+00 ,]
par.nDiscretizationBFP = 129
par.backgroundNoise = 0.020
par.nPhotons = 500
positionX_nm_array = [-2.988066e+03 ,  4.847982e+03 , -1.580804e+03 ,  3.954413e+03 ,  2.485553e+03 ,  2.329593e+03 ,  2.008170e+03 , -4.422103e+03 ,  4.668086e+03 ,  1.624626e+03 ,  3.833216e+03 ,  2.476796e+03 , -2.566206e+03 ,  4.397655e+02 ,  4.403934e+03 , -6.740383e+02 , -3.349359e+03 , -1.811537e+03 ,  2.578135e+03 , -2.220007e+03 ,  3.649551e+03 ,  1.411073e+03 , -1.283616e+03 , -1.108691e+03 ,  4.800470e+03 , -2.633531e+03 , -2.526997e+02 ,  7.027450e+02 , -4.467460e+03 , -4.560129e+03 ,  2.958995e+03 ,  2.404681e+03 , -2.620424e+03 , -8.921108e+02 , -4.071309e+03 , -4.175863e+03 ,  1.873206e+02 , -1.670588e+03 , -2.369998e+03 ,  3.185233e+03 ,  9.272798e+01 ,  3.051438e+03 ,  1.645206e+03 ,  3.245870e+03 , -4.806570e+03 , -3.678397e+03 ,  9.628565e+02 ,  3.014553e+02 , -3.802619e+03 , -9.010984e+02 ,]
positionY_nm_array = [-3.273324e+03 ,  3.189919e+03 ,  3.785694e+03 , -4.142015e+03 , -1.538639e+03 ,  7.466834e+02 , -2.898256e+03 ,  3.332230e+03 , -2.211752e+03 ,  2.736399e+03 ,  1.604968e+03 , -4.094803e+03 ,  1.419948e+03 , -1.634755e+03 ,  4.806016e+03 ,  4.486874e+02 , -1.902794e+02 , -3.993706e+03 ,  4.668272e+03 ,  2.490878e+03 , -1.398224e+03 , -1.314559e+03 , -1.426791e+03 ,  1.842503e+03 , -9.126457e+02 ,  3.854634e+03 ,  2.700023e+03 , -4.265356e+03 ,  6.686673e+02 , -2.404034e+03 ,  3.487799e+03 ,  1.932409e+03 , -9.099823e+02 , -3.170787e+03 ,  1.710558e+03 , -3.740107e+03 ,  4.647304e+03 ,  9.168876e+02 , -2.303930e+03 , -4.548035e+02 , -6.764628e+02 , -2.464721e+03 , -9.984556e+01 , -4.901976e+03 , -3.474401e+02 , -4.685950e+03 ,  1.792913e+03 ,  1.001323e+03 ,  4.176265e+03 ,  4.654997e+03 ,]
angleInclination_array = [1.396263e+00 , 1.396263e+00 , 1.396263e+00 , 1.396263e+00 , 1.396263e+00 , 1.396263e+00 , 1.396263e+00 , 1.396263e+00 , 1.396263e+00 , 1.396263e+00 , 1.396263e+00 , 1.396263e+00 , 1.396263e+00 , 1.396263e+00 , 1.396263e+00 , 1.396263e+00 , 1.396263e+00 , 1.396263e+00 , 1.396263e+00 , 1.396263e+00 , 1.396263e+00 , 1.396263e+00 , 1.396263e+00 , 1.396263e+00 , 1.396263e+00 , 1.396263e+00 , 1.396263e+00 , 1.396263e+00 , 1.396263e+00 , 1.396263e+00 , 1.396263e+00 , 1.396263e+00 , 1.396263e+00 , 1.396263e+00 , 1.396263e+00 , 1.396263e+00 , 1.396263e+00 , 1.396263e+00 , 1.396263e+00 , 1.396263e+00 , 1.396263e+00 , 1.396263e+00 , 1.396263e+00 , 1.396263e+00 , 1.396263e+00 , 1.396263e+00 , 1.396263e+00 , 1.396263e+00 , 1.396263e+00 , 1.396263e+00 ,]
angleAzimuth_array = [3.141593e+00 , 3.141593e+00 , 3.141593e+00 , 3.141593e+00 , 3.141593e+00 , 3.141593e+00 , 3.141593e+00 , 3.141593e+00 , 3.141593e+00 , 3.141593e+00 , 3.141593e+00 , 3.141593e+00 , 3.141593e+00 , 3.141593e+00 , 3.141593e+00 , 3.141593e+00 , 3.141593e+00 , 3.141593e+00 , 3.141593e+00 , 3.141593e+00 , 3.141593e+00 , 3.141593e+00 , 3.141593e+00 , 3.141593e+00 , 3.141593e+00 , 3.141593e+00 , 3.141593e+00 , 3.141593e+00 , 3.141593e+00 , 3.141593e+00 , 3.141593e+00 , 3.141593e+00 , 3.141593e+00 , 3.141593e+00 , 3.141593e+00 , 3.141593e+00 , 3.141593e+00 , 3.141593e+00 , 3.141593e+00 , 3.141593e+00 , 3.141593e+00 , 3.141593e+00 , 3.141593e+00 , 3.141593e+00 , 3.141593e+00 , 3.141593e+00 , 3.141593e+00 , 3.141593e+00 , 3.141593e+00 , 3.141593e+00 ,]
