% ground truth for sim_inc150_az80.tif
% settings
number_of_spots = 50
pixel_size_nm = 51.200
image_size_nm = 14142.136
image_size_px = 275
wavelength = 500
par.objectiveNA = 2.17
objectiveFocalLength = 770
par.refractiveIndices = [1.310000e+00 , 2.170000e+00 , 2.170000e+00 ,]
par.nDiscretizationBFP = 129
par.backgroundNoise = 0.020
par.nPhotons = 500
positionX_nm_array = [-3.361698e+03 ,  3.077548e+02 ,  1.664821e+03 , -4.499718e+03 , -3.121094e+03 ,  4.599377e+03 ,  3.958225e+03 ,  4.916460e+03 ,  1.249343e+03 ,  9.829441e+02 ,  1.623525e+03 , -1.687318e+03 ,  2.549082e+03 ,  4.576066e+03 , -3.002092e+03 , -3.477662e+03 , -2.531087e+03 , -4.171013e+03 , -4.970046e+01 , -4.165515e+03 , -1.944139e+03 ,  4.932267e+03 , -4.010968e+03 , -2.105506e+03 , -1.231528e+03 , -6.348582e+02 , -3.771586e+03 , -4.905934e+03 ,  4.758622e+03 ,  2.663503e+02 ,  6.203674e+02 , -3.700635e+02 ,  2.469697e+03 ,  1.922904e+03 ,  2.620826e+03 ,  3.484311e+03 , -2.716708e+02 ,  3.443857e+03 ,  4.708574e+03 , -3.378934e+03 ,  3.074816e+03 , -4.512260e+03 ,  2.272208e+03 , -2.244619e+03 ,  7.457095e+02 ,  3.007524e+03 , -1.021577e+03 , -2.228112e+02 , -4.410979e+03 ,  4.343002e+03 ,]
positionY_nm_array = [-2.858288e+03 , -4.389769e+03 , -1.068197e+03 , -1.016949e+03 ,  4.728515e+03 ,  2.154933e+03 , -2.033154e+03 ,  2.020376e+01 ,  8.257761e+02 , -3.531466e+03 ,  3.640112e+03 ,  1.461878e+03 ,  3.154277e+03 , -4.094706e+03 , -3.877719e+02 ,  7.834964e+02 , -3.442253e+03 , -4.518789e+03 ,  9.576212e+02 ,  3.668102e+03 ,  4.579391e+03 , -2.918497e+03 , -1.180146e+02 , -1.232821e+03 , -4.792484e+03 ,  2.692671e+03 ,  2.444391e+03 ,  4.433243e+03 ,  1.041285e+03 ,  1.964341e+03 , -7.924770e+02 , -4.186473e+02 , -4.036201e+03 ,  2.137010e+03 , -2.794229e+02 , -4.629067e+03 ,  4.497160e+03 , -3.177300e+03 ,  4.297330e+03 , -1.395763e+03 ,  1.976034e+03 ,  1.449358e+03 , -2.605791e+03 ,  3.147207e+03 , -1.889949e+03 , -1.634932e+03 , -3.184240e+03 , -2.500417e+03 , -3.320621e+03 , -9.363787e+02 ,]
angleInclination_array = [2.617994e+00 , 2.617994e+00 , 2.617994e+00 , 2.617994e+00 , 2.617994e+00 , 2.617994e+00 , 2.617994e+00 , 2.617994e+00 , 2.617994e+00 , 2.617994e+00 , 2.617994e+00 , 2.617994e+00 , 2.617994e+00 , 2.617994e+00 , 2.617994e+00 , 2.617994e+00 , 2.617994e+00 , 2.617994e+00 , 2.617994e+00 , 2.617994e+00 , 2.617994e+00 , 2.617994e+00 , 2.617994e+00 , 2.617994e+00 , 2.617994e+00 , 2.617994e+00 , 2.617994e+00 , 2.617994e+00 , 2.617994e+00 , 2.617994e+00 , 2.617994e+00 , 2.617994e+00 , 2.617994e+00 , 2.617994e+00 , 2.617994e+00 , 2.617994e+00 , 2.617994e+00 , 2.617994e+00 , 2.617994e+00 , 2.617994e+00 , 2.617994e+00 , 2.617994e+00 , 2.617994e+00 , 2.617994e+00 , 2.617994e+00 , 2.617994e+00 , 2.617994e+00 , 2.617994e+00 , 2.617994e+00 , 2.617994e+00 ,]
angleAzimuth_array = [1.396263e+00 , 1.396263e+00 , 1.396263e+00 , 1.396263e+00 , 1.396263e+00 , 1.396263e+00 , 1.396263e+00 , 1.396263e+00 , 1.396263e+00 , 1.396263e+00 , 1.396263e+00 , 1.396263e+00 , 1.396263e+00 , 1.396263e+00 , 1.396263e+00 , 1.396263e+00 , 1.396263e+00 , 1.396263e+00 , 1.396263e+00 , 1.396263e+00 , 1.396263e+00 , 1.396263e+00 , 1.396263e+00 , 1.396263e+00 , 1.396263e+00 , 1.396263e+00 , 1.396263e+00 , 1.396263e+00 , 1.396263e+00 , 1.396263e+00 , 1.396263e+00 , 1.396263e+00 , 1.396263e+00 , 1.396263e+00 , 1.396263e+00 , 1.396263e+00 , 1.396263e+00 , 1.396263e+00 , 1.396263e+00 , 1.396263e+00 , 1.396263e+00 , 1.396263e+00 , 1.396263e+00 , 1.396263e+00 , 1.396263e+00 , 1.396263e+00 , 1.396263e+00 , 1.396263e+00 , 1.396263e+00 , 1.396263e+00 ,]
