% ground truth for sim_inc120_az300.tif
% settings
number_of_spots = 50
pixel_size_nm = 51.200
image_size_nm = 14142.136
image_size_px = 275
wavelength = 500
par.objectiveNA = 2.17
objectiveFocalLength = 770
par.refractiveIndices = [1.310000e+00 , 2.170000e+00 , 2.170000e+00 ,]
par.nDiscretizationBFP = 129
par.backgroundNoise = 0.020
par.nPhotons = 500
positionX_nm_array = [5.334229e+02 ,  4.879152e+03 , -2.771926e+03 ,  3.651201e+03 , -1.935972e+03 ,  1.118866e+03 , -4.537916e+03 , -4.529560e+03 , -1.821624e+03 , -3.990425e+03 ,  3.584175e+03 , -3.106646e+03 ,  3.667610e+03 ,  4.042274e+02 , -1.377474e+03 , -5.893553e+02 , -4.155957e+03 ,  2.537060e+03 ,  2.567911e+03 , -4.191706e+03 , -4.537625e+03 ,  2.226796e+03 , -2.360215e+03 , -2.291431e+03 ,  3.229634e+03 ,  1.064408e+03 , -2.927992e+03 ,  1.520448e+03 ,  4.805543e+03 , -1.041660e+03 , -8.573248e+02 , -7.417588e+02 ,  2.458702e+03 ,  1.626434e+03 ,  1.636481e+03 ,  2.620424e+03 ,  4.670545e+03 ,  4.194542e+03 , -4.620194e+03 ,  2.045537e+02 , -4.524409e+02 ,  4.783586e+03 , -1.542804e+03 ,  3.820842e+02 ,  3.467718e+03 ,  4.583206e+03 ,  2.612315e+03 , -2.918742e+03 ,  1.642069e+02 , -2.945829e+03 ,]
positionY_nm_array = [3.060064e+03 ,  1.240530e+03 ,  4.430899e+03 , -4.296674e+03 , -3.046134e+03 , -6.348203e+02 ,  5.141050e+02 ,  2.276958e+03 ,  1.146434e+03 , -2.745143e+03 , -1.770532e+03 , -1.981862e+03 ,  6.301537e+01 , -2.824000e+03 , -1.390422e+00 , -4.366034e+03 , -6.194746e+02 ,  4.606163e+03 ,  9.022214e+02 ,  4.676649e+03 , -4.530150e+03 , -3.027898e+03 ,  2.157723e+03 , -1.216073e+03 ,  2.304395e+03 , -4.284205e+03 , -4.144920e+03 ,  3.708179e+03 ,  2.438216e+03 ,  2.378108e+03 , -2.214439e+03 ,  4.917294e+03 , -4.794569e+03 , -1.558224e+03 ,  1.407961e+03 ,  3.178590e+03 , -1.625942e+03 ,  4.118202e+03 ,  3.633971e+03 , -8.253975e+01 ,  9.630260e+02 ,  1.443536e+02 ,  3.655483e+03 ,  4.562266e+03 , -3.275740e+03 , -2.632088e+03 , -7.785576e+02 ,  3.164123e+03 , -1.699776e+03 ,  9.379436e+02 ,]
angleInclination_array = [2.094395e+00 , 2.094395e+00 , 2.094395e+00 , 2.094395e+00 , 2.094395e+00 , 2.094395e+00 , 2.094395e+00 , 2.094395e+00 , 2.094395e+00 , 2.094395e+00 , 2.094395e+00 , 2.094395e+00 , 2.094395e+00 , 2.094395e+00 , 2.094395e+00 , 2.094395e+00 , 2.094395e+00 , 2.094395e+00 , 2.094395e+00 , 2.094395e+00 , 2.094395e+00 , 2.094395e+00 , 2.094395e+00 , 2.094395e+00 , 2.094395e+00 , 2.094395e+00 , 2.094395e+00 , 2.094395e+00 , 2.094395e+00 , 2.094395e+00 , 2.094395e+00 , 2.094395e+00 , 2.094395e+00 , 2.094395e+00 , 2.094395e+00 , 2.094395e+00 , 2.094395e+00 , 2.094395e+00 , 2.094395e+00 , 2.094395e+00 , 2.094395e+00 , 2.094395e+00 , 2.094395e+00 , 2.094395e+00 , 2.094395e+00 , 2.094395e+00 , 2.094395e+00 , 2.094395e+00 , 2.094395e+00 , 2.094395e+00 ,]
angleAzimuth_array = [5.235988e+00 , 5.235988e+00 , 5.235988e+00 , 5.235988e+00 , 5.235988e+00 , 5.235988e+00 , 5.235988e+00 , 5.235988e+00 , 5.235988e+00 , 5.235988e+00 , 5.235988e+00 , 5.235988e+00 , 5.235988e+00 , 5.235988e+00 , 5.235988e+00 , 5.235988e+00 , 5.235988e+00 , 5.235988e+00 , 5.235988e+00 , 5.235988e+00 , 5.235988e+00 , 5.235988e+00 , 5.235988e+00 , 5.235988e+00 , 5.235988e+00 , 5.235988e+00 , 5.235988e+00 , 5.235988e+00 , 5.235988e+00 , 5.235988e+00 , 5.235988e+00 , 5.235988e+00 , 5.235988e+00 , 5.235988e+00 , 5.235988e+00 , 5.235988e+00 , 5.235988e+00 , 5.235988e+00 , 5.235988e+00 , 5.235988e+00 , 5.235988e+00 , 5.235988e+00 , 5.235988e+00 , 5.235988e+00 , 5.235988e+00 , 5.235988e+00 , 5.235988e+00 , 5.235988e+00 , 5.235988e+00 , 5.235988e+00 ,]
