% ground truth for sim_inc60_az180.tif
% settings
number_of_spots = 50
pixel_size_nm = 51.200
image_size_nm = 14142.136
image_size_px = 275
wavelength = 500
par.objectiveNA = 2.17
objectiveFocalLength = 770
par.refractiveIndices = [1.310000e+00 , 2.170000e+00 , 2.170000e+00 ,]
par.nDiscretizationBFP = 129
par.backgroundNoise = 0.020
par.nPhotons = 500
positionX_nm_array = [1.206697e+03 ,  4.488301e+03 ,  2.839823e+02 , -8.906065e+02 ,  3.225188e+03 ,  1.151870e+01 , -1.044212e+03 ,  1.913966e+03 ,  3.708841e+03 , -1.752485e+03 ,  4.742953e+03 , -4.781619e+03 , -3.565983e+02 , -4.092080e+03 ,  2.888265e+03 , -4.775778e+03 ,  2.881842e+03 ,  1.082248e+03 ,  4.906594e+03 ,  1.956177e+03 , -3.299262e+03 ,  2.258637e+03 , -1.220306e+03 , -2.680481e+03 , -4.857465e+03 ,  4.230490e+03 , -2.574298e+03 , -3.130229e+03 ,  1.034451e+03 ,  4.189589e+03 , -2.648802e+03 , -2.748314e+03 , -7.830395e+02 , -3.085301e+03 ,  2.553572e+03 ,  3.381499e+03 , -4.893381e+03 ,  2.309353e+03 , -4.576202e+03 , -8.884355e+02 , -4.109143e+03 ,  7.905236e+02 , -2.142380e+03 , -2.968159e+03 , -2.057826e+03 , -3.586414e+02 ,  1.565406e+02 ,  3.866131e+03 , -4.902175e+03 , -3.560568e+03 ,]
positionY_nm_array = [1.851554e+03 , -3.997678e+02 ,  2.751248e+03 ,  8.410618e+02 ,  7.611488e+02 , -4.937983e+03 , -8.669649e+02 , -1.763246e+02 ,  4.623156e+03 ,  4.058326e+03 ,  9.689232e+02 ,  4.501620e+03 ,  4.084175e+03 ,  9.230583e+02 , -3.468139e+03 , -3.781365e+03 ,  2.527473e+03 , -3.893559e+03 ,  2.747278e+03 ,  3.171320e+03 , -4.714796e+03 ,  4.697504e+03 , -2.675645e+03 , -4.472641e+02 , -2.352493e+03 , -1.666638e+03 ,  2.526048e+03 ,  3.709114e+03 , -1.886784e+03 , -2.811451e+03 ,  1.046120e+03 ,  4.927095e+03 , -3.656633e+03 , -1.380085e+03 , -1.976254e+03 , -8.988096e+02 ,  3.265184e+03 ,  1.557361e+03 , -4.948053e+03 ,  2.198912e+03 , -3.194187e+02 , -6.781540e+02 , -4.588214e+03 , -2.766212e+03 , -1.492637e+03 , -1.649996e+03 , -2.509875e+03 ,  2.236070e+03 ,  2.066584e+03 ,  2.020384e+03 ,]
angleInclination_array = [1.047198e+00 , 1.047198e+00 , 1.047198e+00 , 1.047198e+00 , 1.047198e+00 , 1.047198e+00 , 1.047198e+00 , 1.047198e+00 , 1.047198e+00 , 1.047198e+00 , 1.047198e+00 , 1.047198e+00 , 1.047198e+00 , 1.047198e+00 , 1.047198e+00 , 1.047198e+00 , 1.047198e+00 , 1.047198e+00 , 1.047198e+00 , 1.047198e+00 , 1.047198e+00 , 1.047198e+00 , 1.047198e+00 , 1.047198e+00 , 1.047198e+00 , 1.047198e+00 , 1.047198e+00 , 1.047198e+00 , 1.047198e+00 , 1.047198e+00 , 1.047198e+00 , 1.047198e+00 , 1.047198e+00 , 1.047198e+00 , 1.047198e+00 , 1.047198e+00 , 1.047198e+00 , 1.047198e+00 , 1.047198e+00 , 1.047198e+00 , 1.047198e+00 , 1.047198e+00 , 1.047198e+00 , 1.047198e+00 , 1.047198e+00 , 1.047198e+00 , 1.047198e+00 , 1.047198e+00 , 1.047198e+00 , 1.047198e+00 ,]
angleAzimuth_array = [3.141593e+00 , 3.141593e+00 , 3.141593e+00 , 3.141593e+00 , 3.141593e+00 , 3.141593e+00 , 3.141593e+00 , 3.141593e+00 , 3.141593e+00 , 3.141593e+00 , 3.141593e+00 , 3.141593e+00 , 3.141593e+00 , 3.141593e+00 , 3.141593e+00 , 3.141593e+00 , 3.141593e+00 , 3.141593e+00 , 3.141593e+00 , 3.141593e+00 , 3.141593e+00 , 3.141593e+00 , 3.141593e+00 , 3.141593e+00 , 3.141593e+00 , 3.141593e+00 , 3.141593e+00 , 3.141593e+00 , 3.141593e+00 , 3.141593e+00 , 3.141593e+00 , 3.141593e+00 , 3.141593e+00 , 3.141593e+00 , 3.141593e+00 , 3.141593e+00 , 3.141593e+00 , 3.141593e+00 , 3.141593e+00 , 3.141593e+00 , 3.141593e+00 , 3.141593e+00 , 3.141593e+00 , 3.141593e+00 , 3.141593e+00 , 3.141593e+00 , 3.141593e+00 , 3.141593e+00 , 3.141593e+00 , 3.141593e+00 ,]
