% ground truth for sim_inc0_az200.tif
% settings
number_of_spots = 50
pixel_size_nm = 51.200
image_size_nm = 14142.136
image_size_px = 275
wavelength = 500
par.objectiveNA = 2.17
objectiveFocalLength = 770
par.refractiveIndices = [1.310000e+00 , 2.170000e+00 , 2.170000e+00 ,]
par.nDiscretizationBFP = 129
par.backgroundNoise = 0.020
par.nPhotons = 500
positionX_nm_array = [-1.046923e+02 , -2.609293e+03 , -3.777057e+03 ,  4.454475e+03 , -1.688945e+03 , -2.542425e+03 , -9.065190e+02 ,  3.112582e+03 ,  1.356471e+03 ,  3.185194e+03 , -4.447958e+03 ,  3.645756e+03 ,  1.205035e+03 ,  4.448820e+03 ,  2.024123e+03 ,  4.397981e+03 , -3.591631e+03 ,  1.949794e+02 ,  2.319814e+03 ,  3.338486e+03 , -4.421272e+03 , -3.743477e+03 , -4.201624e+03 , -1.141486e+03 , -4.400572e+02 , -2.530984e+03 , -1.250989e+03 ,  3.811888e+03 ,  1.399195e+03 , -4.220834e+03 , -4.794110e+03 , -2.074734e+03 ,  1.858645e+03 , -2.602556e+03 , -1.729536e+03 ,  4.123752e+03 ,  1.703011e+02 ,  3.208588e+02 , -2.794337e+03 , -1.571570e+03 ,  1.325746e+01 , -1.031323e+03 ,  1.432839e+03 ,  9.957983e+02 ,  2.860134e+03 , -3.069669e+02 , -2.866444e+03 ,  2.422806e+03 , -4.091587e+03 ,  3.922370e+03 ,]
positionY_nm_array = [-2.718908e+03 ,  2.528547e+03 , -6.483762e+02 ,  3.264644e+03 ,  1.058199e+03 , -4.651637e+03 ,  3.027769e+03 , -4.034922e+03 , -2.578429e+03 , -1.518470e+03 ,  7.498245e+02 ,  1.014118e+03 , -3.997209e+03 , -3.259928e+03 ,  4.276126e+03 , -1.628486e+03 , -3.257358e+03 ,  9.932514e+02 ,  9.436477e+02 ,  2.946787e+03 , -4.289332e+03 ,  2.051622e+03 ,  3.255457e+03 , -2.478710e+03 ,  4.841547e+03 ,  4.788727e+02 , -3.640810e+03 ,  4.312960e+03 ,  2.083102e+03 , -2.280752e+03 , -2.851398e+02 , -5.099499e+02 , -1.054553e+03 , -2.985482e+03 ,  3.628427e+03 , -2.122451e+02 , -6.757905e+02 ,  2.655008e+03 ,  3.532392e+03 , -1.468350e+03 , -4.012127e+03 , -1.875620e+01 , -9.062225e+01 ,  4.213937e+03 , -5.354137e+02 , -1.572339e+03 , -1.667315e+03 , -2.816166e+03 ,  4.752234e+03 ,  2.054726e+03 ,]
angleInclination_array = [0 , 0 , 0 , 0 , 0 , 0 , 0 , 0 , 0 , 0 , 0 , 0 , 0 , 0 , 0 , 0 , 0 , 0 , 0 , 0 , 0 , 0 , 0 , 0 , 0 , 0 , 0 , 0 , 0 , 0 , 0 , 0 , 0 , 0 , 0 , 0 , 0 , 0 , 0 , 0 , 0 , 0 , 0 , 0 , 0 , 0 , 0 , 0 , 0 , 0 ,]
angleAzimuth_array = [3.490659e+00 , 3.490659e+00 , 3.490659e+00 , 3.490659e+00 , 3.490659e+00 , 3.490659e+00 , 3.490659e+00 , 3.490659e+00 , 3.490659e+00 , 3.490659e+00 , 3.490659e+00 , 3.490659e+00 , 3.490659e+00 , 3.490659e+00 , 3.490659e+00 , 3.490659e+00 , 3.490659e+00 , 3.490659e+00 , 3.490659e+00 , 3.490659e+00 , 3.490659e+00 , 3.490659e+00 , 3.490659e+00 , 3.490659e+00 , 3.490659e+00 , 3.490659e+00 , 3.490659e+00 , 3.490659e+00 , 3.490659e+00 , 3.490659e+00 , 3.490659e+00 , 3.490659e+00 , 3.490659e+00 , 3.490659e+00 , 3.490659e+00 , 3.490659e+00 , 3.490659e+00 , 3.490659e+00 , 3.490659e+00 , 3.490659e+00 , 3.490659e+00 , 3.490659e+00 , 3.490659e+00 , 3.490659e+00 , 3.490659e+00 , 3.490659e+00 , 3.490659e+00 , 3.490659e+00 , 3.490659e+00 , 3.490659e+00 ,]
