% ground truth for sim_inc140_az200.tif
% settings
number_of_spots = 50
pixel_size_nm = 51.200
image_size_nm = 14142.136
image_size_px = 275
wavelength = 500
par.objectiveNA = 2.17
objectiveFocalLength = 770
par.refractiveIndices = [1.310000e+00 , 2.170000e+00 , 2.170000e+00 ,]
par.nDiscretizationBFP = 129
par.backgroundNoise = 0.020
par.nPhotons = 500
positionX_nm_array = [5.317630e+02 ,  4.693004e+03 , -3.269201e+03 , -3.522329e+03 ,  4.794315e+03 ,  3.565983e+03 ,  2.576332e+03 ,  9.728363e+02 , -4.396967e+03 ,  4.527995e+03 , -1.404220e+02 ,  3.048823e+03 ,  5.362441e+02 , -1.962531e+03 , -1.911681e+03 , -4.195765e+03 ,  3.414865e+02 ,  2.051457e+03 , -2.892117e+03 ,  4.031642e+03 ,  4.449755e+03 ,  2.727906e+03 ,  3.089530e+03 , -2.281437e+03 , -1.727619e+03 ,  5.246096e+02 , -2.394968e+03 , -3.870431e+03 , -4.785093e+03 , -3.096188e+03 , -4.577736e+03 ,  2.616839e+03 ,  9.541479e+01 ,  2.022578e+03 ,  4.458047e+03 ,  9.913730e+02 , -2.164887e+03 , -1.917838e+02 ,  4.313666e+03 ,  3.539348e+03 , -9.884768e+02 , -3.202156e+02 , -1.042486e+03 , -1.825669e+03 ,  2.602734e+03 ,  4.684892e+03 ,  1.257839e+03 , -4.109330e+03 , -2.619390e+03 , -7.968875e+02 ,]
positionY_nm_array = [-2.134887e+03 , -3.642050e+03 ,  2.175179e+03 , -7.807350e+02 ,  4.015834e+03 ,  3.277210e+03 ,  4.461006e+03 ,  4.242837e+03 ,  4.220313e+03 ,  2.632453e+03 ,  3.173916e+03 , -3.092749e+03 , -4.936093e+03 ,  5.939028e+02 ,  2.128415e+03 ,  2.616313e+03 ,  1.197783e+03 , -8.854168e+01 ,  3.106407e+03 , -4.618851e+03 , -1.455527e+03 ,  2.409901e+03 , -2.351068e+02 , -4.768577e+03 ,  3.656496e+03 ,  2.258012e+03 , -1.848763e+03 , -3.750870e+03 ,  1.490459e+03 ,  4.165860e+03 , -7.762483e+01 , -4.464421e+03 , -3.831076e+03 , -2.710134e+03 ,  1.537843e+03 ,  3.976403e+02 ,  4.648316e+03 , -7.473550e+02 , -2.609398e+03 ,  9.746882e+02 , -2.207574e+03 ,  4.584724e+03 , -1.629638e+02 , -3.686381e+03 , -1.457971e+03 , -3.919846e+02 , -3.481156e+03 , -2.156144e+03 , -2.319599e+02 , -4.751371e+03 ,]
angleInclination_array = [2.443461e+00 , 2.443461e+00 , 2.443461e+00 , 2.443461e+00 , 2.443461e+00 , 2.443461e+00 , 2.443461e+00 , 2.443461e+00 , 2.443461e+00 , 2.443461e+00 , 2.443461e+00 , 2.443461e+00 , 2.443461e+00 , 2.443461e+00 , 2.443461e+00 , 2.443461e+00 , 2.443461e+00 , 2.443461e+00 , 2.443461e+00 , 2.443461e+00 , 2.443461e+00 , 2.443461e+00 , 2.443461e+00 , 2.443461e+00 , 2.443461e+00 , 2.443461e+00 , 2.443461e+00 , 2.443461e+00 , 2.443461e+00 , 2.443461e+00 , 2.443461e+00 , 2.443461e+00 , 2.443461e+00 , 2.443461e+00 , 2.443461e+00 , 2.443461e+00 , 2.443461e+00 , 2.443461e+00 , 2.443461e+00 , 2.443461e+00 , 2.443461e+00 , 2.443461e+00 , 2.443461e+00 , 2.443461e+00 , 2.443461e+00 , 2.443461e+00 , 2.443461e+00 , 2.443461e+00 , 2.443461e+00 , 2.443461e+00 ,]
angleAzimuth_array = [3.490659e+00 , 3.490659e+00 , 3.490659e+00 , 3.490659e+00 , 3.490659e+00 , 3.490659e+00 , 3.490659e+00 , 3.490659e+00 , 3.490659e+00 , 3.490659e+00 , 3.490659e+00 , 3.490659e+00 , 3.490659e+00 , 3.490659e+00 , 3.490659e+00 , 3.490659e+00 , 3.490659e+00 , 3.490659e+00 , 3.490659e+00 , 3.490659e+00 , 3.490659e+00 , 3.490659e+00 , 3.490659e+00 , 3.490659e+00 , 3.490659e+00 , 3.490659e+00 , 3.490659e+00 , 3.490659e+00 , 3.490659e+00 , 3.490659e+00 , 3.490659e+00 , 3.490659e+00 , 3.490659e+00 , 3.490659e+00 , 3.490659e+00 , 3.490659e+00 , 3.490659e+00 , 3.490659e+00 , 3.490659e+00 , 3.490659e+00 , 3.490659e+00 , 3.490659e+00 , 3.490659e+00 , 3.490659e+00 , 3.490659e+00 , 3.490659e+00 , 3.490659e+00 , 3.490659e+00 , 3.490659e+00 , 3.490659e+00 ,]
