% ground truth for sim_inc120_az0.tif
% settings
number_of_spots = 50
pixel_size_nm = 51.200
image_size_nm = 14142.136
image_size_px = 275
wavelength = 500
par.objectiveNA = 2.17
objectiveFocalLength = 770
par.refractiveIndices = [1.310000e+00 , 2.170000e+00 , 2.170000e+00 ,]
par.nDiscretizationBFP = 129
par.backgroundNoise = 0.020
par.nPhotons = 500
positionX_nm_array = [-4.248610e+03 ,  1.438165e+03 ,  4.362372e+02 , -3.689059e+03 ,  3.922720e+02 , -1.607604e+03 ,  3.197041e+03 , -4.392340e+03 , -6.968702e+02 ,  3.832071e+03 ,  7.755794e+01 ,  2.887299e+03 ,  1.168978e+02 , -1.629426e+03 ,  2.589072e+03 , -1.780493e+03 ,  1.638734e+03 , -4.889982e+03 , -1.451004e+02 , -3.051251e+03 ,  4.857075e+03 ,  1.696641e+03 , -4.946887e+03 ,  1.808670e+03 ,  4.155736e+03 , -2.672212e+03 ,  4.788548e+03 , -1.842329e+03 , -3.298580e+03 , -2.515850e+03 ,  3.805504e+02 ,  2.663570e+03 , -6.012467e+02 ,  5.772238e+01 ,  4.266201e+03 , -4.530873e+03 ,  2.351198e+03 ,  3.570715e+03 ,  4.314341e+03 , -4.457682e+03 , -4.856221e+03 , -3.439644e+03 ,  3.829542e+03 , -3.761006e+03 ,  9.362271e+02 , -1.010908e+03 , -3.804194e+03 ,  1.085575e+03 ,  4.356208e+03 , -1.687470e+03 ,]
positionY_nm_array = [-3.218880e+03 ,  1.312001e+03 ,  4.827782e+03 , -9.773622e+02 ,  8.537243e+02 , -3.474151e+03 ,  1.289903e+03 ,  2.036127e+03 ,  4.646817e+03 ,  3.720379e+03 , -3.799521e+03 , -4.618258e+02 , -9.034636e+02 , -2.372902e+03 ,  2.954237e+03 ,  3.199288e+03 , -3.736390e+03 ,  3.064659e+03 , -4.792548e+03 ,  2.657907e+02 ,  4.431232e+03 ,  3.866694e+03 , -1.340350e+03 , -1.574031e+02 ,  4.059228e+02 ,  2.437949e+03 , -1.811875e+03 ,  4.288830e+02 , -3.569410e+03 ,  4.265647e+03 ,  2.218742e+03 ,  4.690119e+03 ,  1.475712e+03 , -2.337736e+03 , -4.768074e+03 , -7.188433e+01 , -3.034527e+03 , -2.895805e+03 ,  1.506368e+03 , -4.712879e+03 ,  1.017101e+03 , -4.857143e+03 , -1.113115e+03 ,  1.007249e+03 , -4.551942e+03 , -5.203988e+02 , -2.183848e+03 , -2.449930e+03 , -3.770186e+03 , -4.606971e+03 ,]
angleInclination_array = [2.094395e+00 , 2.094395e+00 , 2.094395e+00 , 2.094395e+00 , 2.094395e+00 , 2.094395e+00 , 2.094395e+00 , 2.094395e+00 , 2.094395e+00 , 2.094395e+00 , 2.094395e+00 , 2.094395e+00 , 2.094395e+00 , 2.094395e+00 , 2.094395e+00 , 2.094395e+00 , 2.094395e+00 , 2.094395e+00 , 2.094395e+00 , 2.094395e+00 , 2.094395e+00 , 2.094395e+00 , 2.094395e+00 , 2.094395e+00 , 2.094395e+00 , 2.094395e+00 , 2.094395e+00 , 2.094395e+00 , 2.094395e+00 , 2.094395e+00 , 2.094395e+00 , 2.094395e+00 , 2.094395e+00 , 2.094395e+00 , 2.094395e+00 , 2.094395e+00 , 2.094395e+00 , 2.094395e+00 , 2.094395e+00 , 2.094395e+00 , 2.094395e+00 , 2.094395e+00 , 2.094395e+00 , 2.094395e+00 , 2.094395e+00 , 2.094395e+00 , 2.094395e+00 , 2.094395e+00 , 2.094395e+00 , 2.094395e+00 ,]
angleAzimuth_array = [0 , 0 , 0 , 0 , 0 , 0 , 0 , 0 , 0 , 0 , 0 , 0 , 0 , 0 , 0 , 0 , 0 , 0 , 0 , 0 , 0 , 0 , 0 , 0 , 0 , 0 , 0 , 0 , 0 , 0 , 0 , 0 , 0 , 0 , 0 , 0 , 0 , 0 , 0 , 0 , 0 , 0 , 0 , 0 , 0 , 0 , 0 , 0 , 0 , 0 ,]
