% ground truth for sim_inc180_az140.tif
% settings
number_of_spots = 50
pixel_size_nm = 51.200
image_size_nm = 14142.136
image_size_px = 275
wavelength = 500
par.objectiveNA = 2.17
objectiveFocalLength = 770
par.refractiveIndices = [1.310000e+00 , 2.170000e+00 , 2.170000e+00 ,]
par.nDiscretizationBFP = 129
par.backgroundNoise = 0.020
par.nPhotons = 500
positionX_nm_array = [8.041884e+02 ,  2.551765e+03 ,  5.369905e+02 ,  3.334975e+03 ,  8.067058e+02 , -3.456304e+03 , -4.131600e+03 ,  4.078747e+03 , -3.862369e+03 , -2.884456e+03 , -2.219449e+03 , -1.985351e+03 , -8.634138e+02 ,  1.596510e+03 ,  2.139883e+03 ,  3.789946e+03 ,  3.148528e+03 , -6.430171e+02 , -3.069150e+03 ,  4.567384e+03 , -2.628991e+03 ,  1.597944e+03 ,  4.115833e+03 , -1.354131e+03 ,  6.555926e+02 ,  3.345366e+03 , -3.188823e+03 ,  3.111527e+03 , -1.141913e+02 ,  4.682802e+03 , -1.833550e+03 , -3.533543e+02 , -4.428798e+03 , -4.875852e+03 ,  1.071194e+03 , -3.481121e+03 ,  4.112480e+03 ,  2.273571e+03 ,  2.543497e+03 ,  1.285918e+02 , -7.277718e+02 , -2.159252e+03 , -2.756824e+03 ,  4.495681e+03 , -3.616986e+02 , -4.880005e+03 , -3.247674e+03 ,  1.396042e+03 , -4.410967e+03 , -4.938024e+03 ,]
positionY_nm_array = [-9.719380e+02 , -2.987460e+03 ,  9.354376e+02 ,  3.189190e+03 , -3.530255e+03 , -3.699383e+03 ,  1.176949e+03 ,  2.045371e+03 ,  4.334107e+03 ,  3.536978e+03 , -4.744451e+03 , -3.599174e+03 ,  3.133571e+03 , -4.882509e+03 ,  4.736187e+03 , -3.295806e+02 , -4.863485e+03 ,  1.949851e+03 , -7.566467e+02 , -2.167204e+03 ,  1.962509e+03 ,  2.052483e+03 , -4.292172e+03 , -7.841848e+02 ,  3.359075e+03 ,  4.324160e+03 ,  2.676683e+02 ,  1.333721e+03 , -2.501586e+02 ,  3.139410e+02 , -1.948036e+03 , -3.463927e+03 , -1.134532e+03 ,  3.148207e+03 ,  4.337507e+03 ,  2.591686e+03 , -3.144407e+03 , -9.917943e+02 ,  3.718579e+02 , -2.093053e+03 ,  4.245659e+03 ,  2.478048e+02 ,  4.824148e+03 ,  3.832446e+03 , -4.689005e+03 , -2.577725e+03 , -2.595806e+03 , -1.981699e+03 , -4.881850e+03 ,  4.517566e+03 ,]
angleInclination_array = [3.141593e+00 , 3.141593e+00 , 3.141593e+00 , 3.141593e+00 , 3.141593e+00 , 3.141593e+00 , 3.141593e+00 , 3.141593e+00 , 3.141593e+00 , 3.141593e+00 , 3.141593e+00 , 3.141593e+00 , 3.141593e+00 , 3.141593e+00 , 3.141593e+00 , 3.141593e+00 , 3.141593e+00 , 3.141593e+00 , 3.141593e+00 , 3.141593e+00 , 3.141593e+00 , 3.141593e+00 , 3.141593e+00 , 3.141593e+00 , 3.141593e+00 , 3.141593e+00 , 3.141593e+00 , 3.141593e+00 , 3.141593e+00 , 3.141593e+00 , 3.141593e+00 , 3.141593e+00 , 3.141593e+00 , 3.141593e+00 , 3.141593e+00 , 3.141593e+00 , 3.141593e+00 , 3.141593e+00 , 3.141593e+00 , 3.141593e+00 , 3.141593e+00 , 3.141593e+00 , 3.141593e+00 , 3.141593e+00 , 3.141593e+00 , 3.141593e+00 , 3.141593e+00 , 3.141593e+00 , 3.141593e+00 , 3.141593e+00 ,]
angleAzimuth_array = [2.443461e+00 , 2.443461e+00 , 2.443461e+00 , 2.443461e+00 , 2.443461e+00 , 2.443461e+00 , 2.443461e+00 , 2.443461e+00 , 2.443461e+00 , 2.443461e+00 , 2.443461e+00 , 2.443461e+00 , 2.443461e+00 , 2.443461e+00 , 2.443461e+00 , 2.443461e+00 , 2.443461e+00 , 2.443461e+00 , 2.443461e+00 , 2.443461e+00 , 2.443461e+00 , 2.443461e+00 , 2.443461e+00 , 2.443461e+00 , 2.443461e+00 , 2.443461e+00 , 2.443461e+00 , 2.443461e+00 , 2.443461e+00 , 2.443461e+00 , 2.443461e+00 , 2.443461e+00 , 2.443461e+00 , 2.443461e+00 , 2.443461e+00 , 2.443461e+00 , 2.443461e+00 , 2.443461e+00 , 2.443461e+00 , 2.443461e+00 , 2.443461e+00 , 2.443461e+00 , 2.443461e+00 , 2.443461e+00 , 2.443461e+00 , 2.443461e+00 , 2.443461e+00 , 2.443461e+00 , 2.443461e+00 , 2.443461e+00 ,]
