% ground truth for sim_inc70_az60.tif
% settings
number_of_spots = 50
pixel_size_nm = 51.200
image_size_nm = 14142.136
image_size_px = 275
wavelength = 500
par.objectiveNA = 2.17
objectiveFocalLength = 770
par.refractiveIndices = [1.310000e+00 , 2.170000e+00 , 2.170000e+00 ,]
par.nDiscretizationBFP = 129
par.backgroundNoise = 0.020
par.nPhotons = 500
positionX_nm_array = [-2.878598e+03 , -3.947238e+03 , -3.369642e+03 ,  3.512573e+02 ,  3.700138e+03 , -1.185398e+03 , -4.579925e+03 , -2.226963e+03 , -4.114413e+02 , -4.058985e+03 ,  4.724567e+03 ,  2.242527e+03 ,  9.984725e+02 ,  4.501085e+03 ,  2.638503e+03 ,  2.974572e+03 ,  3.148079e+03 ,  8.153756e+02 ,  3.197437e+03 , -2.049811e+03 ,  2.622193e+03 , -1.623928e+03 , -2.856479e+03 , -4.594303e+03 ,  1.763327e+03 , -7.190521e+02 , -2.026744e+03 , -1.200024e+03 , -4.509952e+03 ,  8.867801e+02 , -4.707056e+03 ,  2.785938e+02 ,  4.114308e+02 , -2.075959e+02 , -3.321765e+03 , -4.580850e+03 ,  2.011105e+03 , -4.000179e+03 ,  4.476076e+03 ,  1.224166e+03 , -2.880660e+02 ,  9.018970e+02 , -2.755691e+03 , -2.852717e+02 ,  3.524161e+03 ,  4.309778e+03 , -4.805055e+03 ,  4.278130e+03 ,  4.916399e+03 ,  1.969494e+03 ,]
positionY_nm_array = [2.304264e+03 ,  2.563412e+03 , -3.600369e+03 , -4.798868e+03 ,  1.000642e+03 , -3.849252e+03 ,  4.894264e+03 , -1.206834e+03 ,  2.026027e+03 , -1.902416e+03 , -3.984150e+03 , -1.991916e+03 ,  3.011578e+03 , -3.046889e+02 ,  1.845653e+03 , -2.821053e+03 ,  4.710209e+03 ,  4.895331e+03 , -4.332481e+03 ,  4.612150e+03 , -1.807190e+02 ,  2.761542e+03 ,  3.690553e+03 , -8.745534e+02 , -4.528741e+03 , -2.400138e+03 ,  8.513486e+02 , -1.889385e+02 , -4.024553e+03 , -3.312478e+03 ,  3.671115e+03 , -2.500506e+03 , -4.856191e+02 ,  4.398847e+03 ,  2.389296e+02 , -2.784772e+03 ,  3.072485e+03 ,  1.453732e+03 ,  2.221643e+03 ,  5.977013e+02 ,  7.111500e+02 , -1.390012e+03 , -2.060336e+03 , -1.248802e+03 ,  3.710537e+03 , -2.586181e+03 ,  4.714300e+02 ,  4.490779e+03 ,  1.203418e+03 ,  4.682096e+03 ,]
angleInclination_array = [1.221730e+00 , 1.221730e+00 , 1.221730e+00 , 1.221730e+00 , 1.221730e+00 , 1.221730e+00 , 1.221730e+00 , 1.221730e+00 , 1.221730e+00 , 1.221730e+00 , 1.221730e+00 , 1.221730e+00 , 1.221730e+00 , 1.221730e+00 , 1.221730e+00 , 1.221730e+00 , 1.221730e+00 , 1.221730e+00 , 1.221730e+00 , 1.221730e+00 , 1.221730e+00 , 1.221730e+00 , 1.221730e+00 , 1.221730e+00 , 1.221730e+00 , 1.221730e+00 , 1.221730e+00 , 1.221730e+00 , 1.221730e+00 , 1.221730e+00 , 1.221730e+00 , 1.221730e+00 , 1.221730e+00 , 1.221730e+00 , 1.221730e+00 , 1.221730e+00 , 1.221730e+00 , 1.221730e+00 , 1.221730e+00 , 1.221730e+00 , 1.221730e+00 , 1.221730e+00 , 1.221730e+00 , 1.221730e+00 , 1.221730e+00 , 1.221730e+00 , 1.221730e+00 , 1.221730e+00 , 1.221730e+00 , 1.221730e+00 ,]
angleAzimuth_array = [1.047198e+00 , 1.047198e+00 , 1.047198e+00 , 1.047198e+00 , 1.047198e+00 , 1.047198e+00 , 1.047198e+00 , 1.047198e+00 , 1.047198e+00 , 1.047198e+00 , 1.047198e+00 , 1.047198e+00 , 1.047198e+00 , 1.047198e+00 , 1.047198e+00 , 1.047198e+00 , 1.047198e+00 , 1.047198e+00 , 1.047198e+00 , 1.047198e+00 , 1.047198e+00 , 1.047198e+00 , 1.047198e+00 , 1.047198e+00 , 1.047198e+00 , 1.047198e+00 , 1.047198e+00 , 1.047198e+00 , 1.047198e+00 , 1.047198e+00 , 1.047198e+00 , 1.047198e+00 , 1.047198e+00 , 1.047198e+00 , 1.047198e+00 , 1.047198e+00 , 1.047198e+00 , 1.047198e+00 , 1.047198e+00 , 1.047198e+00 , 1.047198e+00 , 1.047198e+00 , 1.047198e+00 , 1.047198e+00 , 1.047198e+00 , 1.047198e+00 , 1.047198e+00 , 1.047198e+00 , 1.047198e+00 , 1.047198e+00 ,]
