% ground truth for sim_inc120_az200.tif
% settings
number_of_spots = 50
pixel_size_nm = 51.200
image_size_nm = 14142.136
image_size_px = 275
wavelength = 500
par.objectiveNA = 2.17
objectiveFocalLength = 770
par.refractiveIndices = [1.310000e+00 , 2.170000e+00 , 2.170000e+00 ,]
par.nDiscretizationBFP = 129
par.backgroundNoise = 0.020
par.nPhotons = 500
positionX_nm_array = [3.198576e+03 ,  4.694178e+03 ,  5.974182e+02 ,  3.109802e+02 ,  4.012608e+03 , -1.841731e+03 , -1.104479e+03 , -1.913372e+02 , -1.853603e+03 ,  4.335962e+03 , -4.312215e+03 , -3.099906e+03 , -4.212917e+03 ,  2.956784e+03 ,  4.904477e+03 , -4.393281e+03 ,  8.045653e+02 ,  1.130384e+03 ,  2.217489e+03 , -3.093509e+03 , -3.138873e+03 , -1.718714e+03 ,  4.306422e+03 , -2.256062e+03 ,  2.287625e+03 , -3.166536e+03 ,  3.682210e+03 ,  2.872149e+03 ,  5.211065e+02 , -8.102417e+02 , -1.988486e+03 ,  3.504475e+03 , -4.020156e+03 , -1.763725e+03 , -2.883433e+03 ,  2.566010e+03 ,  5.778462e+02 ,  4.528720e+03 , -4.145328e+03 ,  2.523216e+03 ,  3.457307e+03 ,  4.074594e+03 , -2.916327e+03 , -7.446084e+02 ,  1.338854e+03 ,  1.566009e+03 , -6.380722e+02 ,  1.702786e+03 , -4.136275e+03 ,  2.864101e+03 ,]
positionY_nm_array = [3.771863e+03 , -3.306337e+03 ,  2.224677e+03 , -1.635461e+03 ,  2.164062e+03 , -1.019771e+03 ,  3.806771e+03 , -2.617086e+03 ,  2.252708e+03 ,  4.316084e+03 ,  2.674443e+03 , -1.532871e+02 , -1.893490e+03 , -1.609840e+03 , -1.817814e+03 ,  1.077487e+03 ,  3.992522e+03 , -3.722851e+02 ,  1.642572e+03 , -4.582229e+03 ,  3.398593e+03 , -4.716803e+03 ,  1.092132e+02 , -2.533953e+03 , -4.262840e+03 , -1.987055e+03 , -2.320180e+03 , -3.205396e+03 , -4.233686e+03 ,  4.121933e+02 , -3.685869e+03 ,  8.038454e+02 ,  4.432508e+03 ,  1.085877e+03 ,  1.761186e+03 ,  4.934742e+03 ,  8.804386e+02 , -4.577116e+03 , -3.381662e+03 ,  2.658968e+03 , -4.599658e+03 , -9.409632e+02 ,  4.408495e+03 ,  2.515862e+03 , -1.862710e+03 ,  6.279761e+02 , -3.715859e+03 ,  3.420995e+03 , -4.724816e+03 , -2.685941e+02 ,]
angleInclination_array = [2.094395e+00 , 2.094395e+00 , 2.094395e+00 , 2.094395e+00 , 2.094395e+00 , 2.094395e+00 , 2.094395e+00 , 2.094395e+00 , 2.094395e+00 , 2.094395e+00 , 2.094395e+00 , 2.094395e+00 , 2.094395e+00 , 2.094395e+00 , 2.094395e+00 , 2.094395e+00 , 2.094395e+00 , 2.094395e+00 , 2.094395e+00 , 2.094395e+00 , 2.094395e+00 , 2.094395e+00 , 2.094395e+00 , 2.094395e+00 , 2.094395e+00 , 2.094395e+00 , 2.094395e+00 , 2.094395e+00 , 2.094395e+00 , 2.094395e+00 , 2.094395e+00 , 2.094395e+00 , 2.094395e+00 , 2.094395e+00 , 2.094395e+00 , 2.094395e+00 , 2.094395e+00 , 2.094395e+00 , 2.094395e+00 , 2.094395e+00 , 2.094395e+00 , 2.094395e+00 , 2.094395e+00 , 2.094395e+00 , 2.094395e+00 , 2.094395e+00 , 2.094395e+00 , 2.094395e+00 , 2.094395e+00 , 2.094395e+00 ,]
angleAzimuth_array = [3.490659e+00 , 3.490659e+00 , 3.490659e+00 , 3.490659e+00 , 3.490659e+00 , 3.490659e+00 , 3.490659e+00 , 3.490659e+00 , 3.490659e+00 , 3.490659e+00 , 3.490659e+00 , 3.490659e+00 , 3.490659e+00 , 3.490659e+00 , 3.490659e+00 , 3.490659e+00 , 3.490659e+00 , 3.490659e+00 , 3.490659e+00 , 3.490659e+00 , 3.490659e+00 , 3.490659e+00 , 3.490659e+00 , 3.490659e+00 , 3.490659e+00 , 3.490659e+00 , 3.490659e+00 , 3.490659e+00 , 3.490659e+00 , 3.490659e+00 , 3.490659e+00 , 3.490659e+00 , 3.490659e+00 , 3.490659e+00 , 3.490659e+00 , 3.490659e+00 , 3.490659e+00 , 3.490659e+00 , 3.490659e+00 , 3.490659e+00 , 3.490659e+00 , 3.490659e+00 , 3.490659e+00 , 3.490659e+00 , 3.490659e+00 , 3.490659e+00 , 3.490659e+00 , 3.490659e+00 , 3.490659e+00 , 3.490659e+00 ,]
