% ground truth for sim_inc40_az160.tif
% settings
number_of_spots = 50
pixel_size_nm = 51.200
image_size_nm = 14142.136
image_size_px = 275
wavelength = 500
par.objectiveNA = 2.17
objectiveFocalLength = 770
par.refractiveIndices = [1.310000e+00 , 2.170000e+00 , 2.170000e+00 ,]
par.nDiscretizationBFP = 129
par.backgroundNoise = 0.020
par.nPhotons = 500
positionX_nm_array = [3.740328e+03 , -2.249069e+03 , -2.614588e+03 , -3.907907e+03 ,  2.270921e+03 , -1.808393e+02 ,  6.765579e+02 , -3.489490e+03 ,  3.877182e+03 ,  1.644224e+03 ,  1.550021e+03 , -3.218612e+03 , -7.392638e+02 , -3.935610e+02 ,  2.197941e+03 , -3.912805e+03 ,  5.803774e+02 , -1.975513e+03 ,  1.174626e+03 ,  4.074926e+03 , -1.458629e+03 , -1.777701e+03 ,  5.240880e+02 ,  3.575586e+03 ,  4.743855e+03 ,  4.861390e+03 , -3.769738e+03 ,  8.137462e+02 , -3.324546e+03 ,  4.551701e+03 , -2.744411e+03 , -4.648663e+03 , -2.548034e+03 , -6.531892e+02 , -4.925650e+03 , -4.890403e+03 , -1.474434e+03 ,  3.385869e+03 ,  3.169729e+03 ,  5.614797e+02 , -1.332718e+03 ,  1.844532e+03 ,  6.221926e+02 ,  2.871276e+03 , -1.226293e+03 , -3.110696e+03 ,  4.570718e+03 , -4.395311e+03 , -3.772183e+02 ,  1.789152e+03 ,]
positionY_nm_array = [3.786153e+03 , -4.409789e+03 ,  2.995777e+03 , -2.572679e+03 ,  6.273062e+01 , -3.191138e+01 ,  3.638456e+03 , -4.432725e+03 ,  2.249614e+03 , -1.948936e+03 ,  2.632236e+03 ,  1.917137e+03 , -2.411939e+03 , -4.016145e+03 , -3.364787e+03 ,  2.966359e+03 ,  1.585387e+03 , -9.697935e+02 , -3.509313e+03 , -1.089838e+03 ,  7.743345e+02 , -2.615983e+03 ,  4.627148e+03 , -4.456490e+03 ,  1.051722e+03 ,  2.800175e+03 ,  4.040743e+02 , -5.863842e+02 ,  4.188975e+03 , -3.428764e+03 ,  8.806649e+02 , -4.695267e+03 , -3.366676e+03 ,  3.098122e+03 ,  3.234204e+03 ,  4.461419e+03 ,  4.187418e+03 , -3.220072e+03 ,  4.883221e+03 , -4.324909e+03 ,  2.344011e+03 , -8.591519e+02 , -1.893020e+03 , -1.379586e+03 , -4.891933e+03 , -1.953640e+03 ,  4.399120e+03 , -8.347082e+02 , -1.146227e+03 ,  4.386290e+03 ,]
angleInclination_array = [6.981317e-01 , 6.981317e-01 , 6.981317e-01 , 6.981317e-01 , 6.981317e-01 , 6.981317e-01 , 6.981317e-01 , 6.981317e-01 , 6.981317e-01 , 6.981317e-01 , 6.981317e-01 , 6.981317e-01 , 6.981317e-01 , 6.981317e-01 , 6.981317e-01 , 6.981317e-01 , 6.981317e-01 , 6.981317e-01 , 6.981317e-01 , 6.981317e-01 , 6.981317e-01 , 6.981317e-01 , 6.981317e-01 , 6.981317e-01 , 6.981317e-01 , 6.981317e-01 , 6.981317e-01 , 6.981317e-01 , 6.981317e-01 , 6.981317e-01 , 6.981317e-01 , 6.981317e-01 , 6.981317e-01 , 6.981317e-01 , 6.981317e-01 , 6.981317e-01 , 6.981317e-01 , 6.981317e-01 , 6.981317e-01 , 6.981317e-01 , 6.981317e-01 , 6.981317e-01 , 6.981317e-01 , 6.981317e-01 , 6.981317e-01 , 6.981317e-01 , 6.981317e-01 , 6.981317e-01 , 6.981317e-01 , 6.981317e-01 ,]
angleAzimuth_array = [2.792527e+00 , 2.792527e+00 , 2.792527e+00 , 2.792527e+00 , 2.792527e+00 , 2.792527e+00 , 2.792527e+00 , 2.792527e+00 , 2.792527e+00 , 2.792527e+00 , 2.792527e+00 , 2.792527e+00 , 2.792527e+00 , 2.792527e+00 , 2.792527e+00 , 2.792527e+00 , 2.792527e+00 , 2.792527e+00 , 2.792527e+00 , 2.792527e+00 , 2.792527e+00 , 2.792527e+00 , 2.792527e+00 , 2.792527e+00 , 2.792527e+00 , 2.792527e+00 , 2.792527e+00 , 2.792527e+00 , 2.792527e+00 , 2.792527e+00 , 2.792527e+00 , 2.792527e+00 , 2.792527e+00 , 2.792527e+00 , 2.792527e+00 , 2.792527e+00 , 2.792527e+00 , 2.792527e+00 , 2.792527e+00 , 2.792527e+00 , 2.792527e+00 , 2.792527e+00 , 2.792527e+00 , 2.792527e+00 , 2.792527e+00 , 2.792527e+00 , 2.792527e+00 , 2.792527e+00 , 2.792527e+00 , 2.792527e+00 ,]
