% ground truth for sim_inc90_az360.tif
% settings
number_of_spots = 50
pixel_size_nm = 51.200
image_size_nm = 14142.136
image_size_px = 275
wavelength = 500
par.objectiveNA = 2.17
objectiveFocalLength = 770
par.refractiveIndices = [1.310000e+00 , 2.170000e+00 , 2.170000e+00 ,]
par.nDiscretizationBFP = 129
par.backgroundNoise = 0.020
par.nPhotons = 500
positionX_nm_array = [1.136640e+03 , -1.962628e+03 , -1.041041e+03 ,  3.292929e+03 ,  2.773080e+03 , -4.225764e+03 ,  3.918562e+03 ,  6.654753e+02 ,  1.893808e+03 , -4.685867e+03 , -6.267301e+02 , -4.682795e+03 ,  2.965460e+03 ,  5.679034e+02 , -2.778005e+03 ,  2.227147e+03 , -1.077455e+03 , -4.372203e+03 ,  1.399698e+03 , -2.768045e+03 , -1.895345e+03 , -3.468043e+03 , -1.847451e+03 ,  1.786679e+03 ,  1.788684e+03 , -6.349026e+02 ,  3.225991e+03 ,  3.698782e+03 ,  4.624497e+03 , -2.555698e+03 , -4.390402e+02 ,  3.775168e+03 , -4.128833e+03 ,  4.839045e+03 , -2.248406e+03 ,  7.678254e+02 ,  1.256612e+03 ,  2.543667e+03 ,  8.267827e+02 ,  3.383895e+02 , -4.932353e+03 ,  4.380071e+03 , -3.755786e+03 ,  4.606232e+03 , -3.776320e+03 ,  2.320422e+03 ,  2.327004e+03 , -2.795200e+03 , -1.666980e+03 , -4.856287e+03 ,]
positionY_nm_array = [-3.731182e+03 ,  6.681236e+01 ,  4.430373e+03 ,  1.850901e+02 , -9.122022e+02 , -4.282634e+03 ,  2.279240e+03 ,  2.694176e+03 ,  4.699950e+03 ,  1.960407e+02 , -4.493722e+03 ,  4.695747e+03 ,  4.214391e+03 ,  1.460933e+03 , -2.846651e+03 , -4.137864e+03 , -1.045605e+03 ,  1.214992e+03 ,  5.101717e+01 , -1.083560e+03 ,  2.630484e+03 ,  6.621806e+02 , -4.616410e+03 ,  3.226881e+03 , -1.744441e+03 , -2.708647e+03 , -1.881316e+03 , -3.178120e+03 , -5.850101e+02 ,  1.554355e+03 ,  6.985185e+02 ,  1.142804e+03 , -1.345976e+03 , -1.601901e+03 ,  4.630266e+03 ,  4.056980e+03 , -2.702311e+03 , -2.681017e+03 , -9.152971e+02 , -2.121506e+03 , -2.925255e+03 , -4.219290e+03 ,  3.795696e+03 ,  4.773058e+03 ,  2.036800e+03 ,  1.636342e+03 ,  5.025417e+02 ,  3.403387e+03 , -3.536249e+03 ,  2.386268e+03 ,]
angleInclination_array = [1.570796e+00 , 1.570796e+00 , 1.570796e+00 , 1.570796e+00 , 1.570796e+00 , 1.570796e+00 , 1.570796e+00 , 1.570796e+00 , 1.570796e+00 , 1.570796e+00 , 1.570796e+00 , 1.570796e+00 , 1.570796e+00 , 1.570796e+00 , 1.570796e+00 , 1.570796e+00 , 1.570796e+00 , 1.570796e+00 , 1.570796e+00 , 1.570796e+00 , 1.570796e+00 , 1.570796e+00 , 1.570796e+00 , 1.570796e+00 , 1.570796e+00 , 1.570796e+00 , 1.570796e+00 , 1.570796e+00 , 1.570796e+00 , 1.570796e+00 , 1.570796e+00 , 1.570796e+00 , 1.570796e+00 , 1.570796e+00 , 1.570796e+00 , 1.570796e+00 , 1.570796e+00 , 1.570796e+00 , 1.570796e+00 , 1.570796e+00 , 1.570796e+00 , 1.570796e+00 , 1.570796e+00 , 1.570796e+00 , 1.570796e+00 , 1.570796e+00 , 1.570796e+00 , 1.570796e+00 , 1.570796e+00 , 1.570796e+00 ,]
angleAzimuth_array = [6.283185e+00 , 6.283185e+00 , 6.283185e+00 , 6.283185e+00 , 6.283185e+00 , 6.283185e+00 , 6.283185e+00 , 6.283185e+00 , 6.283185e+00 , 6.283185e+00 , 6.283185e+00 , 6.283185e+00 , 6.283185e+00 , 6.283185e+00 , 6.283185e+00 , 6.283185e+00 , 6.283185e+00 , 6.283185e+00 , 6.283185e+00 , 6.283185e+00 , 6.283185e+00 , 6.283185e+00 , 6.283185e+00 , 6.283185e+00 , 6.283185e+00 , 6.283185e+00 , 6.283185e+00 , 6.283185e+00 , 6.283185e+00 , 6.283185e+00 , 6.283185e+00 , 6.283185e+00 , 6.283185e+00 , 6.283185e+00 , 6.283185e+00 , 6.283185e+00 , 6.283185e+00 , 6.283185e+00 , 6.283185e+00 , 6.283185e+00 , 6.283185e+00 , 6.283185e+00 , 6.283185e+00 , 6.283185e+00 , 6.283185e+00 , 6.283185e+00 , 6.283185e+00 , 6.283185e+00 , 6.283185e+00 , 6.283185e+00 ,]
