% ground truth for sim_inc150_az220.tif
% settings
number_of_spots = 50
pixel_size_nm = 51.200
image_size_nm = 14142.136
image_size_px = 275
wavelength = 500
par.objectiveNA = 2.17
objectiveFocalLength = 770
par.refractiveIndices = [1.310000e+00 , 2.170000e+00 , 2.170000e+00 ,]
par.nDiscretizationBFP = 129
par.backgroundNoise = 0.020
par.nPhotons = 500
positionX_nm_array = [-1.384334e+03 , -3.678401e+03 ,  3.820247e+03 , -2.858831e+03 ,  2.698553e+03 , -2.454144e+03 , -3.388947e+03 , -1.000763e+02 ,  2.106418e+03 ,  1.990711e+03 , -3.895717e+03 , -2.672657e+03 , -3.196705e+03 ,  3.687253e+03 , -2.036904e+03 , -3.756353e+02 ,  3.891868e+03 ,  2.039611e+03 ,  2.161764e+03 ,  6.314021e+02 , -5.440616e+02 ,  4.385135e+03 , -1.592226e+03 ,  9.872630e+02 ,  4.676901e+03 ,  3.882124e+03 , -4.584469e+03 , -4.286826e+03 , -2.283679e+03 ,  1.716408e+03 ,  6.678371e+02 , -1.055792e+03 ,  1.468653e+03 ,  4.842056e+02 , -4.453882e+01 , -4.002824e+03 ,  4.757016e+03 ,  1.748559e+03 , -1.026248e+03 , -1.631163e+03 ,  1.572680e+03 ,  4.460599e+03 ,  2.531555e+03 , -4.405191e+03 , -4.449417e+03 ,  3.534858e+03 , -2.128137e+03 , -3.579948e+02 ,  3.347721e+03 ,  2.824113e+03 ,]
positionY_nm_array = [-3.624379e+03 , -4.416213e+03 , -2.292955e+03 ,  4.795770e+02 ,  8.947879e+02 , -3.407105e+03 , -1.743694e+03 , -4.323952e+03 ,  4.568521e+03 ,  1.683668e+03 , -5.095659e+02 ,  4.260132e+03 ,  1.711662e+03 ,  2.878336e+03 , -7.133886e+02 ,  3.355452e+03 , -4.666221e+03 , -3.418189e+03 , -2.416487e+03 ,  4.890277e+03 , -4.619872e+02 ,  5.476437e+02 ,  3.905153e+03 , -3.767064e+03 ,  2.087620e+03 , -3.984539e+02 , -3.991627e+03 , -2.939317e+03 ,  3.177411e+03 , -4.468288e+03 , -9.764934e+02 , -2.178389e+03 ,  3.559013e+03 ,  1.285459e+03 , -2.082976e+03 ,  4.792414e+03 , -2.955930e+03 ,  1.409561e+02 ,  1.407808e+03 ,  4.606379e+02 , -1.424880e+03 ,  4.374302e+03 , -6.378687e+02 ,  2.828220e+03 ,  1.808723e+03 , -3.724230e+03 , -4.655727e+03 ,  2.271639e+03 ,  4.351472e+03 ,  2.290856e+03 ,]
angleInclination_array = [2.617994e+00 , 2.617994e+00 , 2.617994e+00 , 2.617994e+00 , 2.617994e+00 , 2.617994e+00 , 2.617994e+00 , 2.617994e+00 , 2.617994e+00 , 2.617994e+00 , 2.617994e+00 , 2.617994e+00 , 2.617994e+00 , 2.617994e+00 , 2.617994e+00 , 2.617994e+00 , 2.617994e+00 , 2.617994e+00 , 2.617994e+00 , 2.617994e+00 , 2.617994e+00 , 2.617994e+00 , 2.617994e+00 , 2.617994e+00 , 2.617994e+00 , 2.617994e+00 , 2.617994e+00 , 2.617994e+00 , 2.617994e+00 , 2.617994e+00 , 2.617994e+00 , 2.617994e+00 , 2.617994e+00 , 2.617994e+00 , 2.617994e+00 , 2.617994e+00 , 2.617994e+00 , 2.617994e+00 , 2.617994e+00 , 2.617994e+00 , 2.617994e+00 , 2.617994e+00 , 2.617994e+00 , 2.617994e+00 , 2.617994e+00 , 2.617994e+00 , 2.617994e+00 , 2.617994e+00 , 2.617994e+00 , 2.617994e+00 ,]
angleAzimuth_array = [3.839724e+00 , 3.839724e+00 , 3.839724e+00 , 3.839724e+00 , 3.839724e+00 , 3.839724e+00 , 3.839724e+00 , 3.839724e+00 , 3.839724e+00 , 3.839724e+00 , 3.839724e+00 , 3.839724e+00 , 3.839724e+00 , 3.839724e+00 , 3.839724e+00 , 3.839724e+00 , 3.839724e+00 , 3.839724e+00 , 3.839724e+00 , 3.839724e+00 , 3.839724e+00 , 3.839724e+00 , 3.839724e+00 , 3.839724e+00 , 3.839724e+00 , 3.839724e+00 , 3.839724e+00 , 3.839724e+00 , 3.839724e+00 , 3.839724e+00 , 3.839724e+00 , 3.839724e+00 , 3.839724e+00 , 3.839724e+00 , 3.839724e+00 , 3.839724e+00 , 3.839724e+00 , 3.839724e+00 , 3.839724e+00 , 3.839724e+00 , 3.839724e+00 , 3.839724e+00 , 3.839724e+00 , 3.839724e+00 , 3.839724e+00 , 3.839724e+00 , 3.839724e+00 , 3.839724e+00 , 3.839724e+00 , 3.839724e+00 ,]
