% ground truth for sim_inc130_az220.tif
% settings
number_of_spots = 50
pixel_size_nm = 51.200
image_size_nm = 14142.136
image_size_px = 275
wavelength = 500
par.objectiveNA = 2.17
objectiveFocalLength = 770
par.refractiveIndices = [1.310000e+00 , 2.170000e+00 , 2.170000e+00 ,]
par.nDiscretizationBFP = 129
par.backgroundNoise = 0.020
par.nPhotons = 500
positionX_nm_array = [1.864889e+03 , -1.013166e+03 , -1.773070e+02 ,  2.137848e+03 ,  3.176521e+03 , -1.073018e+03 , -8.592500e+02 ,  3.579551e+03 , -2.258986e+03 , -3.277186e+03 ,  4.864666e+03 , -2.979465e+03 , -5.875803e+01 ,  1.688654e+03 , -4.584915e+03 ,  1.313542e+03 ,  5.234554e+02 , -3.668366e+03 ,  9.076648e+02 , -1.923753e+03 , -3.700342e+03 , -9.532458e+02 ,  1.326748e+03 , -1.225759e+03 ,  2.360264e+03 ,  4.200487e+03 ,  3.338866e+03 , -4.789363e+03 , -2.731078e+03 ,  4.689297e+02 , -2.319230e+03 , -4.668214e+03 ,  3.481244e+03 ,  4.746844e+03 ,  3.339692e+03 ,  3.851922e+03 ,  3.798687e+03 , -1.255652e+02 ,  4.821967e+03 , -4.827537e+03 , -2.324519e+03 ,  5.991463e+01 ,  4.384747e+03 , -4.279481e+03 , -2.599106e+03 ,  1.478271e+03 ,  2.182574e+03 , -3.383288e+03 , -3.641768e+03 ,  4.242447e+03 ,]
positionY_nm_array = [2.947030e+03 ,  2.514050e+03 , -2.586148e+02 , -2.735037e+03 , -9.098278e+02 ,  3.632939e+03 ,  1.198347e+03 ,  4.571818e+03 , -1.841192e+03 , -1.788248e+03 ,  2.559838e+01 ,  4.251864e+03 , -4.696785e+03 , -4.089582e+03 ,  3.761705e+03 ,  1.973542e+01 , -2.794031e+03 ,  1.962827e+03 ,  1.163897e+03 , -4.410549e+02 , -4.670348e+03 , -2.228707e+03 ,  4.300214e+03 , -4.325251e+03 ,  1.899273e+03 , -7.798162e+02 ,  1.423733e+03 ,  9.576511e+02 , -3.677649e+03 , -1.319907e+03 ,  2.197907e+03 , -3.989242e+03 , -2.953256e+03 ,  2.002988e+03 ,  3.382649e+03 , -4.127736e+03 ,  2.245425e+02 , -3.620226e+03 , -3.080167e+03 ,  2.633594e+03 ,  7.829651e+02 ,  2.683345e+03 ,  3.758567e+03 , -3.008327e+03 , -4.848567e+03 , -1.920084e+03 ,  4.931825e+03 ,  3.270950e+03 ,  4.287715e+02 , -1.851654e+03 ,]
angleInclination_array = [2.268928e+00 , 2.268928e+00 , 2.268928e+00 , 2.268928e+00 , 2.268928e+00 , 2.268928e+00 , 2.268928e+00 , 2.268928e+00 , 2.268928e+00 , 2.268928e+00 , 2.268928e+00 , 2.268928e+00 , 2.268928e+00 , 2.268928e+00 , 2.268928e+00 , 2.268928e+00 , 2.268928e+00 , 2.268928e+00 , 2.268928e+00 , 2.268928e+00 , 2.268928e+00 , 2.268928e+00 , 2.268928e+00 , 2.268928e+00 , 2.268928e+00 , 2.268928e+00 , 2.268928e+00 , 2.268928e+00 , 2.268928e+00 , 2.268928e+00 , 2.268928e+00 , 2.268928e+00 , 2.268928e+00 , 2.268928e+00 , 2.268928e+00 , 2.268928e+00 , 2.268928e+00 , 2.268928e+00 , 2.268928e+00 , 2.268928e+00 , 2.268928e+00 , 2.268928e+00 , 2.268928e+00 , 2.268928e+00 , 2.268928e+00 , 2.268928e+00 , 2.268928e+00 , 2.268928e+00 , 2.268928e+00 , 2.268928e+00 ,]
angleAzimuth_array = [3.839724e+00 , 3.839724e+00 , 3.839724e+00 , 3.839724e+00 , 3.839724e+00 , 3.839724e+00 , 3.839724e+00 , 3.839724e+00 , 3.839724e+00 , 3.839724e+00 , 3.839724e+00 , 3.839724e+00 , 3.839724e+00 , 3.839724e+00 , 3.839724e+00 , 3.839724e+00 , 3.839724e+00 , 3.839724e+00 , 3.839724e+00 , 3.839724e+00 , 3.839724e+00 , 3.839724e+00 , 3.839724e+00 , 3.839724e+00 , 3.839724e+00 , 3.839724e+00 , 3.839724e+00 , 3.839724e+00 , 3.839724e+00 , 3.839724e+00 , 3.839724e+00 , 3.839724e+00 , 3.839724e+00 , 3.839724e+00 , 3.839724e+00 , 3.839724e+00 , 3.839724e+00 , 3.839724e+00 , 3.839724e+00 , 3.839724e+00 , 3.839724e+00 , 3.839724e+00 , 3.839724e+00 , 3.839724e+00 , 3.839724e+00 , 3.839724e+00 , 3.839724e+00 , 3.839724e+00 , 3.839724e+00 , 3.839724e+00 ,]
