% ground truth for sim_inc40_az300.tif
% settings
number_of_spots = 50
pixel_size_nm = 51.200
image_size_nm = 14142.136
image_size_px = 275
wavelength = 500
par.objectiveNA = 2.17
objectiveFocalLength = 770
par.refractiveIndices = [1.310000e+00 , 2.170000e+00 , 2.170000e+00 ,]
par.nDiscretizationBFP = 129
par.backgroundNoise = 0.020
par.nPhotons = 500
positionX_nm_array = [-4.932208e+03 ,  1.002109e+03 ,  4.652882e+03 ,  2.981376e+03 ,  3.481896e+03 ,  2.234275e+03 , -4.354285e+03 , -1.793135e+03 ,  6.552214e+02 ,  2.933617e+03 ,  4.029359e+03 , -3.302033e+03 ,  4.872989e+03 , -7.815134e+02 ,  2.087408e+03 , -1.394459e+03 ,  1.654729e+03 , -6.472540e+02 , -2.130685e+03 , -3.236240e+03 ,  4.787260e+03 , -4.761020e+03 , -2.560047e+03 , -4.915036e+03 , -2.745943e+03 ,  4.168691e+03 ,  8.085381e+02 , -4.064299e+03 ,  3.180577e+03 , -3.211756e+02 , -4.170361e+03 ,  3.389229e+03 , -2.145295e+03 ,  4.662652e+03 , -2.819113e+02 , -1.435656e+03 ,  8.317747e+01 , -6.668301e+02 ,  2.293403e+03 ,  3.768600e+03 , -1.281889e+03 ,  3.448882e+03 ,  1.483710e+03 , -2.683350e+03 ,  4.613947e+03 ,  1.556441e+03 , -1.094515e+03 ,  4.946064e+03 , -3.179410e+03 , -4.503728e+03 ,]
positionY_nm_array = [4.312905e+03 , -3.907348e+03 , -4.410352e+01 , -4.386282e+03 , -2.030340e+03 ,  1.536933e+03 , -2.700813e+03 , -1.217879e+03 ,  3.062930e+03 ,  3.524081e+03 , -9.379061e+02 ,  4.078520e+03 , -4.559588e+03 ,  1.323226e+03 ,  1.098132e+01 , -4.220988e+03 , -2.439634e+03 , -1.542371e+03 , -2.874879e+03 , -8.803070e+02 ,  4.753069e+03 ,  3.081369e+03 ,  2.639712e+03 ,  5.469428e+02 , -3.693041e+03 , -3.651222e+03 , -1.208625e+03 ,  2.187197e+03 , -3.145726e+03 ,  4.373234e+03 , -4.509734e+03 , -1.724170e+00 ,  1.676900e+03 ,  3.723960e+03 , -3.001294e+03 ,  4.629737e+03 , -4.278124e+02 , -4.931126e+03 ,  2.558088e+03 ,  1.876404e+03 ,  3.427477e+03 ,  4.817987e+03 ,  4.468210e+03 , -2.034882e+03 , -1.776709e+03 , -4.799968e+03 ,  2.329398e+03 ,  1.833279e+03 ,  6.170672e+02 , -4.728030e+02 ,]
angleInclination_array = [6.981317e-01 , 6.981317e-01 , 6.981317e-01 , 6.981317e-01 , 6.981317e-01 , 6.981317e-01 , 6.981317e-01 , 6.981317e-01 , 6.981317e-01 , 6.981317e-01 , 6.981317e-01 , 6.981317e-01 , 6.981317e-01 , 6.981317e-01 , 6.981317e-01 , 6.981317e-01 , 6.981317e-01 , 6.981317e-01 , 6.981317e-01 , 6.981317e-01 , 6.981317e-01 , 6.981317e-01 , 6.981317e-01 , 6.981317e-01 , 6.981317e-01 , 6.981317e-01 , 6.981317e-01 , 6.981317e-01 , 6.981317e-01 , 6.981317e-01 , 6.981317e-01 , 6.981317e-01 , 6.981317e-01 , 6.981317e-01 , 6.981317e-01 , 6.981317e-01 , 6.981317e-01 , 6.981317e-01 , 6.981317e-01 , 6.981317e-01 , 6.981317e-01 , 6.981317e-01 , 6.981317e-01 , 6.981317e-01 , 6.981317e-01 , 6.981317e-01 , 6.981317e-01 , 6.981317e-01 , 6.981317e-01 , 6.981317e-01 ,]
angleAzimuth_array = [5.235988e+00 , 5.235988e+00 , 5.235988e+00 , 5.235988e+00 , 5.235988e+00 , 5.235988e+00 , 5.235988e+00 , 5.235988e+00 , 5.235988e+00 , 5.235988e+00 , 5.235988e+00 , 5.235988e+00 , 5.235988e+00 , 5.235988e+00 , 5.235988e+00 , 5.235988e+00 , 5.235988e+00 , 5.235988e+00 , 5.235988e+00 , 5.235988e+00 , 5.235988e+00 , 5.235988e+00 , 5.235988e+00 , 5.235988e+00 , 5.235988e+00 , 5.235988e+00 , 5.235988e+00 , 5.235988e+00 , 5.235988e+00 , 5.235988e+00 , 5.235988e+00 , 5.235988e+00 , 5.235988e+00 , 5.235988e+00 , 5.235988e+00 , 5.235988e+00 , 5.235988e+00 , 5.235988e+00 , 5.235988e+00 , 5.235988e+00 , 5.235988e+00 , 5.235988e+00 , 5.235988e+00 , 5.235988e+00 , 5.235988e+00 , 5.235988e+00 , 5.235988e+00 , 5.235988e+00 , 5.235988e+00 , 5.235988e+00 ,]
