% ground truth for sim_inc180_az80.tif
% settings
number_of_spots = 50
pixel_size_nm = 51.200
image_size_nm = 14142.136
image_size_px = 275
wavelength = 500
par.objectiveNA = 2.17
objectiveFocalLength = 770
par.refractiveIndices = [1.310000e+00 , 2.170000e+00 , 2.170000e+00 ,]
par.nDiscretizationBFP = 129
par.backgroundNoise = 0.020
par.nPhotons = 500
positionX_nm_array = [-1.271054e+03 ,  3.355441e+03 ,  4.691594e+02 , -2.634720e+03 ,  2.385757e+03 , -4.481169e+03 , -1.253921e+03 ,  6.756656e+02 , -1.467090e+03 , -3.847735e+03 ,  2.941138e+03 , -2.107862e+03 , -4.235662e+03 ,  4.912995e+03 , -1.226327e+03 ,  3.839138e+03 ,  4.122898e+03 ,  1.988070e+03 , -4.970411e+02 ,  4.367344e+03 ,  3.123225e+03 ,  1.808920e+03 ,  9.800856e+02 ,  2.938543e+03 , -1.683203e+02 ,  7.405778e+02 ,  4.293468e+03 , -5.202352e+02 , -4.284958e+03 , -3.513996e+03 ,  9.116858e+02 , -1.570095e+03 , -1.540554e+03 ,  1.843370e+03 ,  4.301494e+03 , -1.052336e+03 , -2.325299e+03 ,  3.397817e+03 , -4.493794e+03 ,  6.492816e+02 , -2.690637e+03 ,  7.453996e+01 , -2.207497e+03 ,  1.944695e+03 , -3.780491e+03 , -3.044823e+02 ,  1.928625e+03 ,  4.006127e+03 , -3.591469e+03 ,  4.727832e+03 ,]
positionY_nm_array = [3.615054e+03 , -4.088313e+03 , -2.925938e+03 ,  4.784857e+02 , -4.425712e+03 ,  3.211499e+03 ,  8.099478e+01 ,  9.615547e+02 , -2.146430e+03 ,  9.415505e+02 ,  6.357119e+02 , -3.412812e+03 , -1.796047e+03 ,  4.669489e+03 ,  1.409844e+03 , -8.616396e+02 , -4.919811e+03 ,  4.214762e+03 , -1.420998e+03 ,  3.495578e+03 , -2.027382e+03 , -1.690869e+03 ,  3.271494e+03 , -3.176496e+03 ,  3.971876e+03 , -5.977180e+01 ,  1.698911e+03 , -4.094682e+03 , -3.345348e+03 , -4.599286e+02 , -4.817424e+03 , -1.021256e+03 , -4.903335e+03 ,  1.880841e+03 , -2.895549e+03 , -3.058002e+03 ,  4.620501e+03 ,  2.202024e+03 ,  4.508880e+03 ,  4.669051e+03 , -4.549017e+03 ,  2.374137e+03 ,  2.516157e+03 , -1.716891e+02 , -4.590803e+03 , -2.762308e+02 , -3.318423e+03 ,  4.736791e+02 ,  2.009478e+03 , -1.875839e+03 ,]
angleInclination_array = [3.141593e+00 , 3.141593e+00 , 3.141593e+00 , 3.141593e+00 , 3.141593e+00 , 3.141593e+00 , 3.141593e+00 , 3.141593e+00 , 3.141593e+00 , 3.141593e+00 , 3.141593e+00 , 3.141593e+00 , 3.141593e+00 , 3.141593e+00 , 3.141593e+00 , 3.141593e+00 , 3.141593e+00 , 3.141593e+00 , 3.141593e+00 , 3.141593e+00 , 3.141593e+00 , 3.141593e+00 , 3.141593e+00 , 3.141593e+00 , 3.141593e+00 , 3.141593e+00 , 3.141593e+00 , 3.141593e+00 , 3.141593e+00 , 3.141593e+00 , 3.141593e+00 , 3.141593e+00 , 3.141593e+00 , 3.141593e+00 , 3.141593e+00 , 3.141593e+00 , 3.141593e+00 , 3.141593e+00 , 3.141593e+00 , 3.141593e+00 , 3.141593e+00 , 3.141593e+00 , 3.141593e+00 , 3.141593e+00 , 3.141593e+00 , 3.141593e+00 , 3.141593e+00 , 3.141593e+00 , 3.141593e+00 , 3.141593e+00 ,]
angleAzimuth_array = [1.396263e+00 , 1.396263e+00 , 1.396263e+00 , 1.396263e+00 , 1.396263e+00 , 1.396263e+00 , 1.396263e+00 , 1.396263e+00 , 1.396263e+00 , 1.396263e+00 , 1.396263e+00 , 1.396263e+00 , 1.396263e+00 , 1.396263e+00 , 1.396263e+00 , 1.396263e+00 , 1.396263e+00 , 1.396263e+00 , 1.396263e+00 , 1.396263e+00 , 1.396263e+00 , 1.396263e+00 , 1.396263e+00 , 1.396263e+00 , 1.396263e+00 , 1.396263e+00 , 1.396263e+00 , 1.396263e+00 , 1.396263e+00 , 1.396263e+00 , 1.396263e+00 , 1.396263e+00 , 1.396263e+00 , 1.396263e+00 , 1.396263e+00 , 1.396263e+00 , 1.396263e+00 , 1.396263e+00 , 1.396263e+00 , 1.396263e+00 , 1.396263e+00 , 1.396263e+00 , 1.396263e+00 , 1.396263e+00 , 1.396263e+00 , 1.396263e+00 , 1.396263e+00 , 1.396263e+00 , 1.396263e+00 , 1.396263e+00 ,]
