% ground truth for sim_inc140_az300.tif
% settings
number_of_spots = 50
pixel_size_nm = 51.200
image_size_nm = 14142.136
image_size_px = 275
wavelength = 500
par.objectiveNA = 2.17
objectiveFocalLength = 770
par.refractiveIndices = [1.310000e+00 , 2.170000e+00 , 2.170000e+00 ,]
par.nDiscretizationBFP = 129
par.backgroundNoise = 0.020
par.nPhotons = 500
positionX_nm_array = [3.309078e+03 ,  1.110491e+03 ,  1.453807e+03 , -1.292792e+03 , -5.001284e+02 ,  4.275056e+03 ,  4.710941e+02 , -4.189653e+03 , -4.866455e+02 , -1.016760e+02 , -2.164192e+02 , -4.817178e+03 , -4.623298e+03 ,  1.664858e+03 ,  2.730347e+03 ,  1.255184e+03 ,  4.726536e+03 , -4.788691e+03 , -7.969273e+02 , -4.364424e+03 , -4.709965e+03 ,  3.664463e+03 ,  7.839507e+02 , -3.148848e+03 , -2.474369e+03 ,  1.784170e+03 , -2.167539e+03 , -9.071290e+02 , -3.947640e+03 ,  5.012178e+01 , -3.812745e+03 , -3.622009e+03 ,  4.657894e+03 ,  2.395442e+03 ,  4.549911e+03 , -3.658980e+03 ,  3.812024e+03 ,  1.795974e+02 , -2.029158e+03 , -1.170758e+03 , -2.505628e+03 ,  2.825488e+03 , -3.226671e+03 ,  4.615902e+03 ,  2.007458e+03 ,  1.370857e+03 ,  2.949375e+03 , -2.917489e+03 , -4.618841e+03 ,  7.307223e+02 ,]
positionY_nm_array = [3.802765e+03 , -2.289485e+03 , -4.006240e+03 , -4.368222e+03 , -8.453777e+02 ,  2.501957e+03 ,  2.818172e+03 ,  3.026141e+03 ,  4.385924e+03 , -4.390081e+03 , -2.174836e+03 ,  4.015864e+03 , -3.561379e+03 ,  2.406685e+03 , -9.134383e+02 ,  4.864862e+03 , -2.225630e+03 , -2.054322e+03 ,  3.396748e+03 ,  8.354468e+02 ,  2.130146e+03 , -4.551512e+03 ,  3.808987e+03 ,  3.972469e+03 , -7.320641e+02 ,  1.220254e+02 , -1.850386e+03 ,  1.988057e+03 , -4.804597e+03 ,  4.195816e+02 , -2.423876e+03 ,  5.153292e+01 , -9.151808e+02 ,  4.388925e+03 ,  3.826266e+03 ,  2.023433e+03 , -2.656530e+03 , -3.278931e+03 ,  2.807724e+03 ,  4.765689e+00 , -2.937870e+03 , -3.629265e+03 ,  1.042891e+03 ,  2.041088e+02 ,  1.175405e+03 , -1.087679e+03 ,  7.062138e+02 , -4.331534e+03 , -5.793990e+02 ,  1.627417e+03 ,]
angleInclination_array = [2.443461e+00 , 2.443461e+00 , 2.443461e+00 , 2.443461e+00 , 2.443461e+00 , 2.443461e+00 , 2.443461e+00 , 2.443461e+00 , 2.443461e+00 , 2.443461e+00 , 2.443461e+00 , 2.443461e+00 , 2.443461e+00 , 2.443461e+00 , 2.443461e+00 , 2.443461e+00 , 2.443461e+00 , 2.443461e+00 , 2.443461e+00 , 2.443461e+00 , 2.443461e+00 , 2.443461e+00 , 2.443461e+00 , 2.443461e+00 , 2.443461e+00 , 2.443461e+00 , 2.443461e+00 , 2.443461e+00 , 2.443461e+00 , 2.443461e+00 , 2.443461e+00 , 2.443461e+00 , 2.443461e+00 , 2.443461e+00 , 2.443461e+00 , 2.443461e+00 , 2.443461e+00 , 2.443461e+00 , 2.443461e+00 , 2.443461e+00 , 2.443461e+00 , 2.443461e+00 , 2.443461e+00 , 2.443461e+00 , 2.443461e+00 , 2.443461e+00 , 2.443461e+00 , 2.443461e+00 , 2.443461e+00 , 2.443461e+00 ,]
angleAzimuth_array = [5.235988e+00 , 5.235988e+00 , 5.235988e+00 , 5.235988e+00 , 5.235988e+00 , 5.235988e+00 , 5.235988e+00 , 5.235988e+00 , 5.235988e+00 , 5.235988e+00 , 5.235988e+00 , 5.235988e+00 , 5.235988e+00 , 5.235988e+00 , 5.235988e+00 , 5.235988e+00 , 5.235988e+00 , 5.235988e+00 , 5.235988e+00 , 5.235988e+00 , 5.235988e+00 , 5.235988e+00 , 5.235988e+00 , 5.235988e+00 , 5.235988e+00 , 5.235988e+00 , 5.235988e+00 , 5.235988e+00 , 5.235988e+00 , 5.235988e+00 , 5.235988e+00 , 5.235988e+00 , 5.235988e+00 , 5.235988e+00 , 5.235988e+00 , 5.235988e+00 , 5.235988e+00 , 5.235988e+00 , 5.235988e+00 , 5.235988e+00 , 5.235988e+00 , 5.235988e+00 , 5.235988e+00 , 5.235988e+00 , 5.235988e+00 , 5.235988e+00 , 5.235988e+00 , 5.235988e+00 , 5.235988e+00 , 5.235988e+00 ,]
