% ground truth for sim_inc0_az180.tif
% settings
number_of_spots = 50
pixel_size_nm = 51.200
image_size_nm = 14142.136
image_size_px = 275
wavelength = 500
par.objectiveNA = 2.17
objectiveFocalLength = 770
par.refractiveIndices = [1.310000e+00 , 2.170000e+00 , 2.170000e+00 ,]
par.nDiscretizationBFP = 129
par.backgroundNoise = 0.020
par.nPhotons = 500
positionX_nm_array = [4.833137e+03 ,  2.567186e+03 ,  4.388386e+03 ,  3.896822e+03 ,  2.506226e+03 , -3.532816e+03 ,  4.259777e+03 ,  1.690196e+03 ,  1.959909e+03 , -4.196682e+03 , -1.372750e+03 , -1.239518e+03 ,  4.088764e+02 , -4.911982e+03 ,  2.406207e+03 , -4.471196e+03 , -2.505831e+03 , -3.455597e+02 , -4.805271e+02 , -2.757935e+03 ,  3.299939e+03 ,  1.411473e+03 ,  4.285963e+03 , -3.829358e+03 ,  7.121405e+02 , -1.444539e+03 , -2.964289e+03 , -2.067743e+03 ,  1.292469e+03 , -3.769420e+03 ,  9.312514e+01 ,  3.004976e+03 ,  2.879716e+03 , -1.178829e+03 , -3.811686e+03 ,  4.847521e+03 , -2.149636e+03 ,  9.334613e+02 , -1.647060e+03 ,  3.004948e+03 , -3.837078e+03 ,  4.848586e+03 ,  8.119433e+02 , -3.207562e+03 ,  1.559290e+03 ,  4.755373e+03 , -3.375124e+02 , -1.199476e+03 ,  4.263191e+01 ,  3.571382e+03 ,]
positionY_nm_array = [-3.774875e+03 , -3.113066e+03 ,  3.433612e+03 , -5.410375e+02 , -1.123896e+02 ,  2.625005e+03 ,  1.594342e+03 , -2.303479e+03 ,  2.369309e+03 ,  1.531449e+03 , -1.517626e+03 , -2.582523e+03 ,  3.986954e+03 , -4.494361e+03 ,  3.970241e+03 ,  4.887680e+03 , -3.176378e+03 ,  1.239783e+03 ,  3.235658e+03 ,  3.363999e+03 ,  2.751836e+03 , -7.315737e+01 , -2.536778e+03 ,  3.625918e+03 , -1.795161e+03 ,  2.459420e+03 , -6.213828e+02 , -4.508398e+03 , -4.726543e+03 ,  4.327311e+02 , -3.372893e+03 ,  1.012822e+03 , -1.412640e+03 , -3.837059e+02 , -4.044538e+03 ,  4.791520e+03 ,  3.619038e+02 ,  3.053910e+03 ,  4.547879e+03 ,  4.872159e+03 , -2.103053e+03 , -1.359374e+03 ,  9.761263e+02 , -4.918585e+03 , -3.684327e+03 ,  1.506207e+02 ,  4.720834e+03 , -4.004450e+03 ,  2.221098e+03 , -3.445810e+03 ,]
angleInclination_array = [0 , 0 , 0 , 0 , 0 , 0 , 0 , 0 , 0 , 0 , 0 , 0 , 0 , 0 , 0 , 0 , 0 , 0 , 0 , 0 , 0 , 0 , 0 , 0 , 0 , 0 , 0 , 0 , 0 , 0 , 0 , 0 , 0 , 0 , 0 , 0 , 0 , 0 , 0 , 0 , 0 , 0 , 0 , 0 , 0 , 0 , 0 , 0 , 0 , 0 ,]
angleAzimuth_array = [3.141593e+00 , 3.141593e+00 , 3.141593e+00 , 3.141593e+00 , 3.141593e+00 , 3.141593e+00 , 3.141593e+00 , 3.141593e+00 , 3.141593e+00 , 3.141593e+00 , 3.141593e+00 , 3.141593e+00 , 3.141593e+00 , 3.141593e+00 , 3.141593e+00 , 3.141593e+00 , 3.141593e+00 , 3.141593e+00 , 3.141593e+00 , 3.141593e+00 , 3.141593e+00 , 3.141593e+00 , 3.141593e+00 , 3.141593e+00 , 3.141593e+00 , 3.141593e+00 , 3.141593e+00 , 3.141593e+00 , 3.141593e+00 , 3.141593e+00 , 3.141593e+00 , 3.141593e+00 , 3.141593e+00 , 3.141593e+00 , 3.141593e+00 , 3.141593e+00 , 3.141593e+00 , 3.141593e+00 , 3.141593e+00 , 3.141593e+00 , 3.141593e+00 , 3.141593e+00 , 3.141593e+00 , 3.141593e+00 , 3.141593e+00 , 3.141593e+00 , 3.141593e+00 , 3.141593e+00 , 3.141593e+00 , 3.141593e+00 ,]
