% ground truth for sim_inc80_az0.tif
% settings
number_of_spots = 50
pixel_size_nm = 51.200
image_size_nm = 14142.136
image_size_px = 275
wavelength = 500
par.objectiveNA = 2.17
objectiveFocalLength = 770
par.refractiveIndices = [1.310000e+00 , 2.170000e+00 , 2.170000e+00 ,]
par.nDiscretizationBFP = 129
par.backgroundNoise = 0.020
par.nPhotons = 500
positionX_nm_array = [-1.394318e+02 ,  6.027942e+02 , -2.217936e+03 ,  1.632716e+03 ,  5.661994e+02 , -1.425041e+03 ,  4.536186e+03 , -2.057001e+03 ,  9.400956e+02 , -2.208345e+03 ,  2.614207e+03 ,  4.064255e+03 ,  4.103424e+03 , -5.373167e+02 ,  8.274198e+02 , -4.482608e+03 , -8.033913e+02 , -1.798840e+03 , -4.437627e+03 ,  2.673480e+03 ,  3.166880e+03 , -3.485542e+03 ,  5.522508e+02 ,  4.161845e+03 ,  3.810368e+03 ,  2.332395e+03 , -3.019785e+03 , -1.028502e+03 , -4.943543e+03 ,  3.538408e+03 , -4.370848e+03 , -3.001814e+03 , -3.158743e+03 ,  6.026206e+02 , -3.720837e+03 ,  2.470736e+03 , -4.881044e+03 , -7.580257e+02 ,  1.264122e+03 , -1.536279e+03 ,  4.672851e+03 , -3.237096e+03 , -4.423548e+03 ,  4.751358e+03 ,  2.066309e+03 ,  9.368038e+02 , -1.141216e+03 ,  4.724524e+03 , -2.420447e+03 , -6.180064e+02 ,]
positionY_nm_array = [-9.101729e+01 ,  2.084127e+03 ,  4.466253e-01 ,  5.103559e+01 , -3.227205e+03 , -2.935024e+03 ,  3.683389e+03 , -4.613982e+03 , -4.244830e+03 ,  2.321819e+03 ,  3.327566e+02 ,  4.727027e+02 , -2.260995e+03 ,  2.722785e+03 ,  3.239830e+03 ,  1.878161e+03 ,  1.250045e+03 ,  4.354133e+03 , -2.033406e+03 ,  3.440058e+03 , -8.960240e+02 , -7.653385e+02 , -2.163403e+03 ,  4.940247e+03 , -4.435749e+03 , -3.918457e+03 ,  1.503672e+03 , -4.028713e+03 , -4.047457e+03 ,  2.030660e+03 ,  4.717464e+03 ,  3.337946e+03 , -2.374998e+03 ,  8.746533e+02 , -3.407216e+03 , -1.855902e+03 , -5.169830e+02 ,  4.335345e+03 ,  4.448537e+03 , -8.806830e+02 ,  2.508256e+03 , -4.941731e+03 ,  7.721651e+02 , -1.179941e+03 ,  1.938502e+03 , -1.084659e+03 ,  2.093588e+02 , -3.171105e+03 , -3.128522e+03 , -1.518554e+03 ,]
angleInclination_array = [1.396263e+00 , 1.396263e+00 , 1.396263e+00 , 1.396263e+00 , 1.396263e+00 , 1.396263e+00 , 1.396263e+00 , 1.396263e+00 , 1.396263e+00 , 1.396263e+00 , 1.396263e+00 , 1.396263e+00 , 1.396263e+00 , 1.396263e+00 , 1.396263e+00 , 1.396263e+00 , 1.396263e+00 , 1.396263e+00 , 1.396263e+00 , 1.396263e+00 , 1.396263e+00 , 1.396263e+00 , 1.396263e+00 , 1.396263e+00 , 1.396263e+00 , 1.396263e+00 , 1.396263e+00 , 1.396263e+00 , 1.396263e+00 , 1.396263e+00 , 1.396263e+00 , 1.396263e+00 , 1.396263e+00 , 1.396263e+00 , 1.396263e+00 , 1.396263e+00 , 1.396263e+00 , 1.396263e+00 , 1.396263e+00 , 1.396263e+00 , 1.396263e+00 , 1.396263e+00 , 1.396263e+00 , 1.396263e+00 , 1.396263e+00 , 1.396263e+00 , 1.396263e+00 , 1.396263e+00 , 1.396263e+00 , 1.396263e+00 ,]
angleAzimuth_array = [0 , 0 , 0 , 0 , 0 , 0 , 0 , 0 , 0 , 0 , 0 , 0 , 0 , 0 , 0 , 0 , 0 , 0 , 0 , 0 , 0 , 0 , 0 , 0 , 0 , 0 , 0 , 0 , 0 , 0 , 0 , 0 , 0 , 0 , 0 , 0 , 0 , 0 , 0 , 0 , 0 , 0 , 0 , 0 , 0 , 0 , 0 , 0 , 0 , 0 ,]
