% ground truth for sim_inc140_az180.tif
% settings
number_of_spots = 50
pixel_size_nm = 51.200
image_size_nm = 14142.136
image_size_px = 275
wavelength = 500
par.objectiveNA = 2.17
objectiveFocalLength = 770
par.refractiveIndices = [1.310000e+00 , 2.170000e+00 , 2.170000e+00 ,]
par.nDiscretizationBFP = 129
par.backgroundNoise = 0.020
par.nPhotons = 500
positionX_nm_array = [-4.369690e+03 ,  2.963742e+03 ,  1.997706e+03 ,  3.994479e+03 , -2.817377e+03 ,  3.775330e+03 ,  3.680177e+03 , -1.677645e+03 , -3.365085e+03 , -3.525800e+03 ,  3.121861e+03 ,  1.382868e+03 ,  1.895581e+03 ,  6.614682e+02 ,  4.585384e+03 , -2.778236e+03 , -6.451011e+02 ,  1.324623e+03 , -4.305483e+03 ,  2.284733e+03 , -9.710022e+02 , -4.044985e+03 , -2.477680e+03 , -2.825291e+02 , -2.517053e+03 ,  1.588307e+02 ,  4.180180e+03 , -1.469002e+03 , -1.391898e+03 , -1.119124e+02 , -3.913898e+03 ,  3.948118e+03 , -2.110745e+03 , -1.174251e+03 ,  4.854742e+03 ,  2.713081e+03 ,  6.856421e+02 ,  2.367646e+03 , -3.309799e+03 ,  1.139554e+03 ,  4.500661e+02 ,  1.924278e+03 , -4.296149e+03 , -4.915346e+03 , -4.874780e+03 , -4.328680e+03 ,  4.316036e+03 , -2.089975e+01 , -1.627614e+03 ,  5.444809e+02 ,]
positionY_nm_array = [2.595019e+03 ,  1.037670e+03 , -2.338876e+03 ,  1.832183e+03 ,  3.598297e+03 , -1.479404e+03 , -2.794017e+03 , -2.335463e+03 , -4.232610e+03 , -1.829369e+03 ,  3.561487e+03 ,  2.229999e+03 ,  8.835193e+02 ,  2.695807e+02 , -4.826109e+03 ,  4.671136e+03 , -2.638705e+03 , -9.565069e+02 , -3.277397e+03 , -4.240922e+03 , -2.887685e+02 , -4.764541e+02 ,  2.500335e+03 , -3.811151e+03 , -3.311844e+03 ,  4.826941e+03 ,  4.723383e+03 ,  2.910376e+03 , -4.804578e+03 ,  1.848916e+03 ,  3.821598e+03 ,  2.839256e+03 ,  3.286164e+02 , -1.407849e+03 , -2.359182e+03 , -1.622131e+02 , -4.829770e+03 , -1.279080e+03 ,  5.943731e+02 , -3.078145e+03 , -1.880959e+03 ,  4.934636e+03 ,  4.789794e+03 , -4.305287e+03 , -1.266100e+03 ,  1.452305e+03 ,  5.075007e+02 ,  3.718239e+03 ,  1.373932e+03 ,  2.882749e+03 ,]
angleInclination_array = [2.443461e+00 , 2.443461e+00 , 2.443461e+00 , 2.443461e+00 , 2.443461e+00 , 2.443461e+00 , 2.443461e+00 , 2.443461e+00 , 2.443461e+00 , 2.443461e+00 , 2.443461e+00 , 2.443461e+00 , 2.443461e+00 , 2.443461e+00 , 2.443461e+00 , 2.443461e+00 , 2.443461e+00 , 2.443461e+00 , 2.443461e+00 , 2.443461e+00 , 2.443461e+00 , 2.443461e+00 , 2.443461e+00 , 2.443461e+00 , 2.443461e+00 , 2.443461e+00 , 2.443461e+00 , 2.443461e+00 , 2.443461e+00 , 2.443461e+00 , 2.443461e+00 , 2.443461e+00 , 2.443461e+00 , 2.443461e+00 , 2.443461e+00 , 2.443461e+00 , 2.443461e+00 , 2.443461e+00 , 2.443461e+00 , 2.443461e+00 , 2.443461e+00 , 2.443461e+00 , 2.443461e+00 , 2.443461e+00 , 2.443461e+00 , 2.443461e+00 , 2.443461e+00 , 2.443461e+00 , 2.443461e+00 , 2.443461e+00 ,]
angleAzimuth_array = [3.141593e+00 , 3.141593e+00 , 3.141593e+00 , 3.141593e+00 , 3.141593e+00 , 3.141593e+00 , 3.141593e+00 , 3.141593e+00 , 3.141593e+00 , 3.141593e+00 , 3.141593e+00 , 3.141593e+00 , 3.141593e+00 , 3.141593e+00 , 3.141593e+00 , 3.141593e+00 , 3.141593e+00 , 3.141593e+00 , 3.141593e+00 , 3.141593e+00 , 3.141593e+00 , 3.141593e+00 , 3.141593e+00 , 3.141593e+00 , 3.141593e+00 , 3.141593e+00 , 3.141593e+00 , 3.141593e+00 , 3.141593e+00 , 3.141593e+00 , 3.141593e+00 , 3.141593e+00 , 3.141593e+00 , 3.141593e+00 , 3.141593e+00 , 3.141593e+00 , 3.141593e+00 , 3.141593e+00 , 3.141593e+00 , 3.141593e+00 , 3.141593e+00 , 3.141593e+00 , 3.141593e+00 , 3.141593e+00 , 3.141593e+00 , 3.141593e+00 , 3.141593e+00 , 3.141593e+00 , 3.141593e+00 , 3.141593e+00 ,]
