% ground truth for sim_inc140_az0.tif
% settings
number_of_spots = 50
pixel_size_nm = 51.200
image_size_nm = 14142.136
image_size_px = 275
wavelength = 500
par.objectiveNA = 2.17
objectiveFocalLength = 770
par.refractiveIndices = [1.310000e+00 , 2.170000e+00 , 2.170000e+00 ,]
par.nDiscretizationBFP = 129
par.backgroundNoise = 0.020
par.nPhotons = 500
positionX_nm_array = [-6.051140e+02 ,  2.787890e+03 ,  8.807327e+02 ,  1.455951e+03 , -2.127989e+03 ,  3.353819e+03 ,  3.280579e+03 ,  6.128409e+01 ,  2.167519e+03 , -4.008268e+03 ,  7.368020e+02 ,  2.794607e+03 , -4.727895e+03 , -4.053197e+03 , -8.753878e+02 ,  1.230681e+03 , -4.921054e+03 , -5.292027e+02 ,  1.192523e+03 , -3.094083e+03 ,  3.266891e+03 ,  1.531650e+03 , -4.508150e+03 , -1.510975e+03 ,  4.710362e+03 , -4.386330e+03 ,  4.797885e+03 ,  2.299938e+03 ,  2.309681e+03 ,  3.956603e+03 , -2.608196e+03 ,  1.505562e+03 ,  4.204161e+03 , -1.975134e+02 ,  2.807187e+03 ,  1.726599e+02 , -3.618900e+03 ,  4.359484e+03 ,  4.488300e+03 ,  4.260340e+03 , -2.753313e+03 , -4.420813e+03 ,  2.789888e+03 , -1.424499e+03 , -1.102340e+03 , -3.459758e+03 , -1.612601e+03 , -2.648414e+03 , -4.564249e+03 , -1.736184e+03 ,]
positionY_nm_array = [3.961273e+03 ,  2.091397e+03 ,  1.659299e+03 , -2.226550e+03 ,  1.620398e+03 , -2.471841e+03 ,  8.473896e+02 ,  2.322773e+03 ,  3.882908e+03 , -1.753850e+03 ,  4.432892e+03 , -1.400318e+03 ,  1.813967e+03 ,  9.530783e+02 , -2.046017e+03 , -3.930148e+03 ,  2.918306e+03 , -3.721482e+03 ,  6.177356e+02 , -4.499910e+03 , -4.106172e+03 , -9.564875e+02 , -3.430106e+03 , -7.418266e+02 ,  3.194653e+03 ,  4.850800e+03 , -4.214308e+03 , -4.941029e+03 , -2.782131e+03 ,  4.919708e+03 ,  3.363175e+02 ,  2.493663e+03 , -1.850841e+03 , -2.013178e+02 , -2.505254e+02 , -2.022965e+03 , -8.176658e+02 ,  4.896798e+02 , -5.517034e+02 ,  1.595112e+03 , -2.858805e+03 , -4.637861e+03 ,  4.907845e+03 ,  3.913519e+02 ,  3.071055e+03 ,  3.353344e+03 ,  4.850794e+03 ,  2.623850e+03 , -1.975452e+02 , -4.025263e+03 ,]
angleInclination_array = [2.443461e+00 , 2.443461e+00 , 2.443461e+00 , 2.443461e+00 , 2.443461e+00 , 2.443461e+00 , 2.443461e+00 , 2.443461e+00 , 2.443461e+00 , 2.443461e+00 , 2.443461e+00 , 2.443461e+00 , 2.443461e+00 , 2.443461e+00 , 2.443461e+00 , 2.443461e+00 , 2.443461e+00 , 2.443461e+00 , 2.443461e+00 , 2.443461e+00 , 2.443461e+00 , 2.443461e+00 , 2.443461e+00 , 2.443461e+00 , 2.443461e+00 , 2.443461e+00 , 2.443461e+00 , 2.443461e+00 , 2.443461e+00 , 2.443461e+00 , 2.443461e+00 , 2.443461e+00 , 2.443461e+00 , 2.443461e+00 , 2.443461e+00 , 2.443461e+00 , 2.443461e+00 , 2.443461e+00 , 2.443461e+00 , 2.443461e+00 , 2.443461e+00 , 2.443461e+00 , 2.443461e+00 , 2.443461e+00 , 2.443461e+00 , 2.443461e+00 , 2.443461e+00 , 2.443461e+00 , 2.443461e+00 , 2.443461e+00 ,]
angleAzimuth_array = [0 , 0 , 0 , 0 , 0 , 0 , 0 , 0 , 0 , 0 , 0 , 0 , 0 , 0 , 0 , 0 , 0 , 0 , 0 , 0 , 0 , 0 , 0 , 0 , 0 , 0 , 0 , 0 , 0 , 0 , 0 , 0 , 0 , 0 , 0 , 0 , 0 , 0 , 0 , 0 , 0 , 0 , 0 , 0 , 0 , 0 , 0 , 0 , 0 , 0 ,]
