% ground truth for sim_inc100_az100.tif
% settings
number_of_spots = 50
pixel_size_nm = 51.200
image_size_nm = 14142.136
image_size_px = 275
wavelength = 500
par.objectiveNA = 2.17
objectiveFocalLength = 770
par.refractiveIndices = [1.310000e+00 , 2.170000e+00 , 2.170000e+00 ,]
par.nDiscretizationBFP = 129
par.backgroundNoise = 0.020
par.nPhotons = 500
positionX_nm_array = [-3.586773e+03 , -2.353712e+03 , -3.310204e+03 ,  4.492789e+02 , -6.409531e+02 , -1.035672e+03 ,  7.408471e+02 ,  1.903952e+03 , -2.992202e+03 ,  3.313263e+03 ,  2.007470e+03 , -8.952230e+02 , -7.040364e+02 ,  4.423020e+01 ,  4.368482e+03 , -3.388731e+02 ,  2.864650e+03 ,  1.911773e+03 , -4.260849e+03 , -2.194166e+03 ,  4.191017e+03 ,  4.633680e+03 , -4.774056e+03 , -1.626627e+03 ,  4.654941e+03 ,  3.318074e+03 ,  3.118274e+03 , -3.560830e+02 , -3.281606e+03 ,  9.956327e+02 ,  1.037328e+03 , -4.756511e+03 ,  3.214943e+03 , -2.731951e+03 ,  3.290065e+03 ,  4.798669e+03 ,  4.941159e+03 , -4.778056e+03 ,  1.404409e+03 , -4.557608e+03 ,  4.623524e+03 ,  1.557607e+03 , -2.523836e+03 , -1.716786e+03 , -4.863424e+03 ,  4.773368e+03 , -2.734385e+03 ,  2.627476e+03 ,  2.703864e+03 , -4.758087e+03 ,]
positionY_nm_array = [-3.506818e+03 ,  2.250110e-01 , -2.451755e+03 ,  2.125837e+03 ,  2.079812e+03 , -1.595951e+03 , -4.167178e+03 ,  2.310603e+03 ,  3.388685e+03 , -1.393233e+03 ,  9.119173e+02 ,  4.568070e+03 ,  4.572642e+02 , -3.564131e+02 ,  1.776472e+03 , -2.810572e+03 , -3.447266e+03 , -4.384894e+03 ,  2.019231e+03 ,  1.929826e+03 ,  5.002932e+02 ,  3.622113e+03 , -9.708378e+02 , -4.622515e+03 , -2.427933e+03 ,  1.268930e+03 ,  4.947810e+03 ,  3.207022e+03 ,  8.578078e+02 ,  1.114545e+03 ,  3.832947e+03 ,  3.379634e+03 ,  3.151042e+03 ,  4.716790e+03 , -4.364617e+03 , -4.723129e+03 , -3.645432e+03 ,  4.420765e+03 , -2.604731e+03 , -4.862424e+03 ,  4.686028e+03 , -1.252789e+03 , -1.640795e+03 , -3.276563e+03 , -3.910198e+03 , -4.698356e+02 , -4.859596e+03 , -3.499210e+02 , -2.388197e+03 , -2.230099e+03 ,]
angleInclination_array = [1.745329e+00 , 1.745329e+00 , 1.745329e+00 , 1.745329e+00 , 1.745329e+00 , 1.745329e+00 , 1.745329e+00 , 1.745329e+00 , 1.745329e+00 , 1.745329e+00 , 1.745329e+00 , 1.745329e+00 , 1.745329e+00 , 1.745329e+00 , 1.745329e+00 , 1.745329e+00 , 1.745329e+00 , 1.745329e+00 , 1.745329e+00 , 1.745329e+00 , 1.745329e+00 , 1.745329e+00 , 1.745329e+00 , 1.745329e+00 , 1.745329e+00 , 1.745329e+00 , 1.745329e+00 , 1.745329e+00 , 1.745329e+00 , 1.745329e+00 , 1.745329e+00 , 1.745329e+00 , 1.745329e+00 , 1.745329e+00 , 1.745329e+00 , 1.745329e+00 , 1.745329e+00 , 1.745329e+00 , 1.745329e+00 , 1.745329e+00 , 1.745329e+00 , 1.745329e+00 , 1.745329e+00 , 1.745329e+00 , 1.745329e+00 , 1.745329e+00 , 1.745329e+00 , 1.745329e+00 , 1.745329e+00 , 1.745329e+00 ,]
angleAzimuth_array = [1.745329e+00 , 1.745329e+00 , 1.745329e+00 , 1.745329e+00 , 1.745329e+00 , 1.745329e+00 , 1.745329e+00 , 1.745329e+00 , 1.745329e+00 , 1.745329e+00 , 1.745329e+00 , 1.745329e+00 , 1.745329e+00 , 1.745329e+00 , 1.745329e+00 , 1.745329e+00 , 1.745329e+00 , 1.745329e+00 , 1.745329e+00 , 1.745329e+00 , 1.745329e+00 , 1.745329e+00 , 1.745329e+00 , 1.745329e+00 , 1.745329e+00 , 1.745329e+00 , 1.745329e+00 , 1.745329e+00 , 1.745329e+00 , 1.745329e+00 , 1.745329e+00 , 1.745329e+00 , 1.745329e+00 , 1.745329e+00 , 1.745329e+00 , 1.745329e+00 , 1.745329e+00 , 1.745329e+00 , 1.745329e+00 , 1.745329e+00 , 1.745329e+00 , 1.745329e+00 , 1.745329e+00 , 1.745329e+00 , 1.745329e+00 , 1.745329e+00 , 1.745329e+00 , 1.745329e+00 , 1.745329e+00 , 1.745329e+00 ,]
