% ground truth for sim_inc180_az360.tif
% settings
number_of_spots = 50
pixel_size_nm = 51.200
image_size_nm = 14142.136
image_size_px = 275
wavelength = 500
par.objectiveNA = 2.17
objectiveFocalLength = 770
par.refractiveIndices = [1.310000e+00 , 2.170000e+00 , 2.170000e+00 ,]
par.nDiscretizationBFP = 129
par.backgroundNoise = 0.020
par.nPhotons = 500
positionX_nm_array = [-5.818831e+02 ,  1.447525e+03 ,  4.816741e+01 ,  6.173766e+01 , -1.843041e+03 , -4.719601e+03 , -3.035057e+03 ,  4.069912e+03 , -4.263086e+03 , -1.026304e+03 ,  4.536506e+03 ,  1.114635e+03 , -3.939291e+03 , -3.079779e+03 ,  2.816275e+03 , -4.500490e+03 ,  3.076737e+03 ,  2.631374e+03 , -4.920827e+03 ,  3.155189e+03 , -1.282239e+03 , -3.086860e+03 , -2.033479e+03 ,  2.352436e+03 , -8.178569e+02 ,  4.260068e+03 , -1.767857e+02 , -3.251480e+03 ,  2.026668e+03 , -2.155121e+03 ,  4.462814e+03 ,  2.771179e+03 , -4.191499e+03 , -3.927856e+03 , -1.301531e+03 ,  4.015258e+03 , -2.638436e+03 , -1.098271e+03 ,  1.789719e+03 ,  4.263432e+02 ,  3.671397e+03 ,  1.610746e+03 ,  5.368673e+02 ,  3.164755e+03 ,  1.032040e+02 ,  4.315568e+03 ,  1.594215e+03 ,  1.647751e+03 ,  1.892795e+03 , -2.307953e+03 ,]
positionY_nm_array = [2.203576e+03 ,  6.676701e+02 ,  3.094615e+03 , -1.810092e+03 , -2.829632e+02 , -2.660737e+03 ,  2.980432e+03 ,  3.061252e+03 ,  2.538526e+03 , -2.663943e+03 , -4.655984e+03 ,  2.361260e+03 , -1.552222e+03 , -4.536213e+02 , -3.400740e+03 , -3.987542e+03 ,  2.316061e+03 ,  4.111733e+03 , -3.408087e+02 ,  5.772133e+01 ,  3.232239e+03 ,  9.587264e+02 , -2.036534e+03 ,  1.310827e+03 , -3.738504e+03 , -1.690998e+03 , -5.247009e+02 , -2.559425e+03 , -2.000195e+03 , -4.640112e+03 ,  4.767087e+03 , -4.416862e+03 ,  1.534737e+03 ,  4.356515e+03 ,  4.491629e+03 ,  1.414424e+03 , -3.483436e+03 , -1.286856e+03 ,  3.543645e+03 , -2.889029e+03 ,  4.112406e+03 , -4.506516e+03 ,  4.484636e+03 , -1.828587e+03 ,  8.187176e+02 , -5.932843e+02 ,  4.741513e+03 , -3.382504e+03 , -7.393894e+02 ,  4.100002e+03 ,]
angleInclination_array = [3.141593e+00 , 3.141593e+00 , 3.141593e+00 , 3.141593e+00 , 3.141593e+00 , 3.141593e+00 , 3.141593e+00 , 3.141593e+00 , 3.141593e+00 , 3.141593e+00 , 3.141593e+00 , 3.141593e+00 , 3.141593e+00 , 3.141593e+00 , 3.141593e+00 , 3.141593e+00 , 3.141593e+00 , 3.141593e+00 , 3.141593e+00 , 3.141593e+00 , 3.141593e+00 , 3.141593e+00 , 3.141593e+00 , 3.141593e+00 , 3.141593e+00 , 3.141593e+00 , 3.141593e+00 , 3.141593e+00 , 3.141593e+00 , 3.141593e+00 , 3.141593e+00 , 3.141593e+00 , 3.141593e+00 , 3.141593e+00 , 3.141593e+00 , 3.141593e+00 , 3.141593e+00 , 3.141593e+00 , 3.141593e+00 , 3.141593e+00 , 3.141593e+00 , 3.141593e+00 , 3.141593e+00 , 3.141593e+00 , 3.141593e+00 , 3.141593e+00 , 3.141593e+00 , 3.141593e+00 , 3.141593e+00 , 3.141593e+00 ,]
angleAzimuth_array = [6.283185e+00 , 6.283185e+00 , 6.283185e+00 , 6.283185e+00 , 6.283185e+00 , 6.283185e+00 , 6.283185e+00 , 6.283185e+00 , 6.283185e+00 , 6.283185e+00 , 6.283185e+00 , 6.283185e+00 , 6.283185e+00 , 6.283185e+00 , 6.283185e+00 , 6.283185e+00 , 6.283185e+00 , 6.283185e+00 , 6.283185e+00 , 6.283185e+00 , 6.283185e+00 , 6.283185e+00 , 6.283185e+00 , 6.283185e+00 , 6.283185e+00 , 6.283185e+00 , 6.283185e+00 , 6.283185e+00 , 6.283185e+00 , 6.283185e+00 , 6.283185e+00 , 6.283185e+00 , 6.283185e+00 , 6.283185e+00 , 6.283185e+00 , 6.283185e+00 , 6.283185e+00 , 6.283185e+00 , 6.283185e+00 , 6.283185e+00 , 6.283185e+00 , 6.283185e+00 , 6.283185e+00 , 6.283185e+00 , 6.283185e+00 , 6.283185e+00 , 6.283185e+00 , 6.283185e+00 , 6.283185e+00 , 6.283185e+00 ,]
