% ground truth for sim_inc40_az340.tif
% settings
number_of_spots = 50
pixel_size_nm = 51.200
image_size_nm = 14142.136
image_size_px = 275
wavelength = 500
par.objectiveNA = 2.17
objectiveFocalLength = 770
par.refractiveIndices = [1.310000e+00 , 2.170000e+00 , 2.170000e+00 ,]
par.nDiscretizationBFP = 129
par.backgroundNoise = 0.020
par.nPhotons = 500
positionX_nm_array = [-1.124202e+03 ,  2.220095e+03 ,  4.396446e+03 ,  3.750691e+03 ,  1.872391e+03 ,  2.722490e+03 , -4.616903e+03 , -4.490117e+03 ,  9.845986e+02 ,  1.523683e+03 ,  2.643996e+03 , -3.145936e+03 , -1.806412e+03 ,  1.180532e+03 , -3.877085e+03 ,  3.501438e+03 , -2.134156e+03 , -3.719948e+02 , -3.227271e+03 , -4.657546e+03 ,  3.122619e+03 , -2.829577e+02 ,  4.801356e+03 , -4.342426e+02 , -9.592782e+02 , -2.391386e+03 , -4.752775e+03 , -4.289366e+03 ,  3.865762e+02 ,  4.550950e+03 , -3.574292e+03 ,  4.947101e+03 , -7.290163e+02 , -1.791577e+03 , -1.495091e+03 ,  2.676266e+03 , -1.248525e+03 ,  2.105693e+03 , -1.458550e+02 ,  2.437278e+02 ,  8.029666e+02 , -3.065462e+03 ,  3.959130e+03 , -2.151717e+03 ,  4.031577e+03 , -2.288050e+03 , -2.275637e+03 ,  4.611103e+03 , -3.335043e+03 ,  3.108553e+02 ,]
positionY_nm_array = [-3.399181e+03 , -3.419637e+03 ,  2.950485e+03 , -3.157391e+03 ,  1.501027e+03 , -1.563185e+03 , -1.057653e+03 ,  1.382124e+03 ,  4.449346e+03 ,  3.602214e+03 , -3.297977e+02 ,  9.470535e+02 , -4.846265e+03 , -1.080602e+03 ,  3.521699e+03 , -4.210638e+03 ,  3.436410e+03 ,  1.436402e+03 , -2.306471e+03 ,  4.947084e+03 ,  3.969981e+03 ,  2.583574e+01 ,  1.392757e+03 ,  4.485380e+03 , -1.725340e+03 , -4.211532e+02 ,  3.009676e+03 , -4.054971e+03 , -2.739272e+03 , -4.243755e+03 ,  2.304638e+03 , -3.284588e+03 ,  2.614493e+03 ,  7.074612e+02 ,  1.700430e+03 ,  2.674222e+03 , -4.660333e+02 , -4.479675e+03 , -4.703750e+03 ,  2.267145e+03 ,  1.406516e+03 , -4.430348e+03 , -1.762845e+03 , -1.950429e+03 ,  6.435743e+02 , -3.273293e+03 ,  4.885562e+03 , -9.075051e+02 ,  4.816760e+03 ,  3.496360e+03 ,]
angleInclination_array = [6.981317e-01 , 6.981317e-01 , 6.981317e-01 , 6.981317e-01 , 6.981317e-01 , 6.981317e-01 , 6.981317e-01 , 6.981317e-01 , 6.981317e-01 , 6.981317e-01 , 6.981317e-01 , 6.981317e-01 , 6.981317e-01 , 6.981317e-01 , 6.981317e-01 , 6.981317e-01 , 6.981317e-01 , 6.981317e-01 , 6.981317e-01 , 6.981317e-01 , 6.981317e-01 , 6.981317e-01 , 6.981317e-01 , 6.981317e-01 , 6.981317e-01 , 6.981317e-01 , 6.981317e-01 , 6.981317e-01 , 6.981317e-01 , 6.981317e-01 , 6.981317e-01 , 6.981317e-01 , 6.981317e-01 , 6.981317e-01 , 6.981317e-01 , 6.981317e-01 , 6.981317e-01 , 6.981317e-01 , 6.981317e-01 , 6.981317e-01 , 6.981317e-01 , 6.981317e-01 , 6.981317e-01 , 6.981317e-01 , 6.981317e-01 , 6.981317e-01 , 6.981317e-01 , 6.981317e-01 , 6.981317e-01 , 6.981317e-01 ,]
angleAzimuth_array = [5.934119e+00 , 5.934119e+00 , 5.934119e+00 , 5.934119e+00 , 5.934119e+00 , 5.934119e+00 , 5.934119e+00 , 5.934119e+00 , 5.934119e+00 , 5.934119e+00 , 5.934119e+00 , 5.934119e+00 , 5.934119e+00 , 5.934119e+00 , 5.934119e+00 , 5.934119e+00 , 5.934119e+00 , 5.934119e+00 , 5.934119e+00 , 5.934119e+00 , 5.934119e+00 , 5.934119e+00 , 5.934119e+00 , 5.934119e+00 , 5.934119e+00 , 5.934119e+00 , 5.934119e+00 , 5.934119e+00 , 5.934119e+00 , 5.934119e+00 , 5.934119e+00 , 5.934119e+00 , 5.934119e+00 , 5.934119e+00 , 5.934119e+00 , 5.934119e+00 , 5.934119e+00 , 5.934119e+00 , 5.934119e+00 , 5.934119e+00 , 5.934119e+00 , 5.934119e+00 , 5.934119e+00 , 5.934119e+00 , 5.934119e+00 , 5.934119e+00 , 5.934119e+00 , 5.934119e+00 , 5.934119e+00 , 5.934119e+00 ,]
