% ground truth for sim_inc170_az160.tif
% settings
number_of_spots = 50
pixel_size_nm = 51.200
image_size_nm = 14142.136
image_size_px = 275
wavelength = 500
par.objectiveNA = 2.17
objectiveFocalLength = 770
par.refractiveIndices = [1.310000e+00 , 2.170000e+00 , 2.170000e+00 ,]
par.nDiscretizationBFP = 129
par.backgroundNoise = 0.020
par.nPhotons = 500
positionX_nm_array = [-1.320303e+03 ,  1.546661e+03 ,  3.203255e+03 , -1.389536e+03 , -2.753822e+03 ,  4.450391e+03 , -2.833771e+03 ,  4.271983e+03 ,  5.281429e+02 , -3.417392e+03 ,  3.857244e+03 , -2.184510e+03 , -4.344653e+03 , -3.214837e+03 ,  1.954177e+03 ,  2.751062e+03 ,  2.889613e+03 , -3.936442e+02 , -3.173337e+03 ,  4.392493e+03 ,  1.591292e+03 ,  1.423825e+03 ,  5.630859e+02 ,  2.673988e+03 , -4.519610e+03 ,  3.423149e+03 , -4.286761e+03 ,  1.387012e+03 , -2.609875e+03 , -4.561907e+03 ,  2.239280e+03 ,  3.220690e+03 , -8.627883e+02 , -9.425752e+02 ,  3.046711e+02 ,  1.565891e+03 ,  4.591096e+03 , -6.445670e+02 , -1.473363e+03 ,  2.753767e+03 , -1.612057e+03 , -3.597216e+03 , -4.340096e+03 , -7.112560e+02 , -3.985746e+03 ,  4.713014e+03 ,  4.819110e+03 , -4.848695e+03 , -2.265112e+03 ,  4.203685e+03 ,]
positionY_nm_array = [3.270900e+03 ,  5.504789e+01 , -2.783001e+02 , -4.476186e+03 ,  2.946692e+03 ,  4.444634e+03 ,  8.290391e+02 , -1.214548e+03 , -4.296209e+03 , -2.055286e+02 ,  2.606255e+03 ,  4.748988e+03 , -2.441179e+03 , -1.607721e+03 , -1.114453e+03 , -3.569621e+03 , -2.173023e+03 ,  2.307741e+03 , -3.020421e+03 , -4.738186e+03 , -3.389091e+03 ,  2.235224e+03 ,  3.192631e+03 , -4.590773e+03 ,  3.692119e+03 ,  7.615393e+02 ,  2.637216e+03 ,  4.926075e+03 , -4.459128e+03 , -1.315584e+03 ,  1.016893e+03 ,  4.800967e+03 , -6.126004e+02 ,  6.889580e+02 , -2.347831e+02 , -2.230730e+03 , -3.373375e+03 ,  4.407870e+03 , -2.062915e+03 ,  3.082015e+03 ,  2.204930e+03 ,  1.889219e+03 , -4.550250e+03 , -2.841335e+03 ,  4.648060e+03 ,  6.305894e+02 ,  1.725023e+03 ,  1.086604e+03 , -1.184737e+02 , -2.313421e+03 ,]
angleInclination_array = [2.967060e+00 , 2.967060e+00 , 2.967060e+00 , 2.967060e+00 , 2.967060e+00 , 2.967060e+00 , 2.967060e+00 , 2.967060e+00 , 2.967060e+00 , 2.967060e+00 , 2.967060e+00 , 2.967060e+00 , 2.967060e+00 , 2.967060e+00 , 2.967060e+00 , 2.967060e+00 , 2.967060e+00 , 2.967060e+00 , 2.967060e+00 , 2.967060e+00 , 2.967060e+00 , 2.967060e+00 , 2.967060e+00 , 2.967060e+00 , 2.967060e+00 , 2.967060e+00 , 2.967060e+00 , 2.967060e+00 , 2.967060e+00 , 2.967060e+00 , 2.967060e+00 , 2.967060e+00 , 2.967060e+00 , 2.967060e+00 , 2.967060e+00 , 2.967060e+00 , 2.967060e+00 , 2.967060e+00 , 2.967060e+00 , 2.967060e+00 , 2.967060e+00 , 2.967060e+00 , 2.967060e+00 , 2.967060e+00 , 2.967060e+00 , 2.967060e+00 , 2.967060e+00 , 2.967060e+00 , 2.967060e+00 , 2.967060e+00 ,]
angleAzimuth_array = [2.792527e+00 , 2.792527e+00 , 2.792527e+00 , 2.792527e+00 , 2.792527e+00 , 2.792527e+00 , 2.792527e+00 , 2.792527e+00 , 2.792527e+00 , 2.792527e+00 , 2.792527e+00 , 2.792527e+00 , 2.792527e+00 , 2.792527e+00 , 2.792527e+00 , 2.792527e+00 , 2.792527e+00 , 2.792527e+00 , 2.792527e+00 , 2.792527e+00 , 2.792527e+00 , 2.792527e+00 , 2.792527e+00 , 2.792527e+00 , 2.792527e+00 , 2.792527e+00 , 2.792527e+00 , 2.792527e+00 , 2.792527e+00 , 2.792527e+00 , 2.792527e+00 , 2.792527e+00 , 2.792527e+00 , 2.792527e+00 , 2.792527e+00 , 2.792527e+00 , 2.792527e+00 , 2.792527e+00 , 2.792527e+00 , 2.792527e+00 , 2.792527e+00 , 2.792527e+00 , 2.792527e+00 , 2.792527e+00 , 2.792527e+00 , 2.792527e+00 , 2.792527e+00 , 2.792527e+00 , 2.792527e+00 , 2.792527e+00 ,]
