% ground truth for sim_inc110_az360.tif
% settings
number_of_spots = 50
pixel_size_nm = 51.200
image_size_nm = 14142.136
image_size_px = 275
wavelength = 500
par.objectiveNA = 2.17
objectiveFocalLength = 770
par.refractiveIndices = [1.310000e+00 , 2.170000e+00 , 2.170000e+00 ,]
par.nDiscretizationBFP = 129
par.backgroundNoise = 0.020
par.nPhotons = 500
positionX_nm_array = [-4.618476e+03 , -3.339011e+03 ,  2.679972e+03 ,  4.892807e+03 ,  1.177169e+03 , -8.499746e+02 , -1.250810e+03 , -3.453087e+01 ,  2.491059e+03 ,  1.337173e+03 , -3.533183e+03 ,  8.657473e+02 ,  1.133746e+03 , -4.693453e+03 ,  4.405770e+03 , -4.220300e+02 ,  3.218850e+03 , -4.052688e+03 , -1.898513e+03 , -4.554003e+03 , -2.627308e+03 ,  4.191537e+03 , -2.714788e+03 ,  4.455934e+03 , -1.268447e+02 ,  3.566166e+03 , -4.938212e+03 ,  4.770317e+03 ,  1.432756e+03 ,  2.082825e+03 ,  7.091193e+01 ,  4.805368e+03 , -2.994533e+03 , -1.426529e+03 , -8.899811e+02 ,  8.830520e+02 , -4.174289e+03 ,  3.746706e+03 ,  2.984356e+03 ,  4.539812e+03 ,  2.688016e+03 , -1.961262e+03 , -1.831824e+03 , -3.306092e+03 , -2.345981e+03 ,  2.440037e+02 ,  2.214911e+03 , -3.649889e+03 ,  2.854317e+02 ,  2.411451e+03 ,]
positionY_nm_array = [-8.215218e+02 ,  3.933254e+03 , -1.084085e+03 , -2.468255e+03 , -4.156961e+03 , -1.118570e+03 ,  1.452125e+03 ,  3.000558e+03 ,  3.054673e+03 ,  4.311839e+03 ,  2.799454e+03 , -1.375068e+03 ,  2.891851e+03 , -4.219031e+03 ,  1.682926e+03 ,  3.985285e+03 , -3.084956e+03 , -3.049507e+03 , -4.236294e+03 ,  2.701926e+03 ,  6.809055e+02 ,  5.213235e+02 , -1.953152e+03 ,  4.315744e+03 , -4.320437e+03 ,  3.058535e+03 ,  1.399641e+03 , -2.988206e+02 , -2.491544e+03 ,  1.270579e+02 ,  2.271356e+02 ,  3.265772e+03 ,  1.694018e+03 ,  4.086338e+03 , -2.154878e+03 ,  1.021818e+03 , -1.991472e+03 , -4.842428e+03 ,  4.408402e+03 , -1.393113e+03 ,  1.417085e+03 ,  3.151564e+03 , -2.587282e+03 , -4.211030e+03 ,  4.563630e+03 , -2.318330e+03 , -4.037807e+03 , -1.381204e+02 ,  1.834109e+03 , -2.113662e+03 ,]
angleInclination_array = [1.919862e+00 , 1.919862e+00 , 1.919862e+00 , 1.919862e+00 , 1.919862e+00 , 1.919862e+00 , 1.919862e+00 , 1.919862e+00 , 1.919862e+00 , 1.919862e+00 , 1.919862e+00 , 1.919862e+00 , 1.919862e+00 , 1.919862e+00 , 1.919862e+00 , 1.919862e+00 , 1.919862e+00 , 1.919862e+00 , 1.919862e+00 , 1.919862e+00 , 1.919862e+00 , 1.919862e+00 , 1.919862e+00 , 1.919862e+00 , 1.919862e+00 , 1.919862e+00 , 1.919862e+00 , 1.919862e+00 , 1.919862e+00 , 1.919862e+00 , 1.919862e+00 , 1.919862e+00 , 1.919862e+00 , 1.919862e+00 , 1.919862e+00 , 1.919862e+00 , 1.919862e+00 , 1.919862e+00 , 1.919862e+00 , 1.919862e+00 , 1.919862e+00 , 1.919862e+00 , 1.919862e+00 , 1.919862e+00 , 1.919862e+00 , 1.919862e+00 , 1.919862e+00 , 1.919862e+00 , 1.919862e+00 , 1.919862e+00 ,]
angleAzimuth_array = [6.283185e+00 , 6.283185e+00 , 6.283185e+00 , 6.283185e+00 , 6.283185e+00 , 6.283185e+00 , 6.283185e+00 , 6.283185e+00 , 6.283185e+00 , 6.283185e+00 , 6.283185e+00 , 6.283185e+00 , 6.283185e+00 , 6.283185e+00 , 6.283185e+00 , 6.283185e+00 , 6.283185e+00 , 6.283185e+00 , 6.283185e+00 , 6.283185e+00 , 6.283185e+00 , 6.283185e+00 , 6.283185e+00 , 6.283185e+00 , 6.283185e+00 , 6.283185e+00 , 6.283185e+00 , 6.283185e+00 , 6.283185e+00 , 6.283185e+00 , 6.283185e+00 , 6.283185e+00 , 6.283185e+00 , 6.283185e+00 , 6.283185e+00 , 6.283185e+00 , 6.283185e+00 , 6.283185e+00 , 6.283185e+00 , 6.283185e+00 , 6.283185e+00 , 6.283185e+00 , 6.283185e+00 , 6.283185e+00 , 6.283185e+00 , 6.283185e+00 , 6.283185e+00 , 6.283185e+00 , 6.283185e+00 , 6.283185e+00 ,]
