% ground truth for sim_inc100_az160.tif
% settings
number_of_spots = 50
pixel_size_nm = 51.200
image_size_nm = 14142.136
image_size_px = 275
wavelength = 500
par.objectiveNA = 2.17
objectiveFocalLength = 770
par.refractiveIndices = [1.310000e+00 , 2.170000e+00 , 2.170000e+00 ,]
par.nDiscretizationBFP = 129
par.backgroundNoise = 0.020
par.nPhotons = 500
positionX_nm_array = [-4.450995e+03 , -3.089497e+03 , -2.909190e+02 ,  4.046762e+03 ,  1.490575e+03 ,  3.223993e+03 ,  1.714330e+03 , -4.860020e+03 ,  4.791215e+03 , -1.630792e+03 , -3.912467e+03 ,  3.409354e+03 , -4.301177e+03 ,  5.860814e+02 ,  1.623058e+03 ,  2.436329e+02 ,  3.432060e+03 , -3.078484e+03 , -2.124687e+02 , -5.297239e+02 ,  1.810824e+03 , -4.798551e+03 , -1.932916e+03 , -1.787132e+03 ,  4.250819e+03 , -1.365616e+03 , -4.219838e+02 ,  3.819993e+03 , -1.298590e+03 , -4.829048e+03 ,  2.847974e+03 , -3.369250e+03 ,  2.289508e+03 ,  4.753496e+03 , -3.003276e+03 , -2.435170e+03 ,  2.524443e+03 , -2.613689e+03 ,  1.853469e+03 , -2.006841e+03 ,  4.325352e+03 , -1.383052e+03 ,  8.859052e+02 ,  3.975635e+02 ,  3.716270e+02 , -4.206364e+03 ,  2.237163e+03 ,  3.009952e+03 ,  1.138966e+03 , -1.861508e+03 ,]
positionY_nm_array = [3.789198e+03 , -2.058557e+03 ,  3.301558e+02 , -4.429617e+03 ,  1.215683e+03 , -2.874873e+03 , -1.436539e+03 ,  1.185636e+03 ,  4.019595e+03 , -1.204719e+03 ,  1.825062e+03 ,  1.397373e+03 , -1.766752e+03 , -5.633911e+02 ,  3.716946e+03 ,  1.697049e+03 ,  4.466176e+03 , -4.414032e+03 , -1.483677e+03 , -4.122251e+03 , -4.889900e+03 , -2.991870e+03 ,  4.945914e+03 ,  5.931346e+02 , -2.716262e+03 ,  1.984391e+03 ,  3.473733e+03 ,  2.733197e+03 ,  4.025582e+03 , -3.543688e+02 , -9.820783e+02 ,  3.410848e+02 ,  2.533656e+03 ,  1.029929e+03 ,  3.616707e+03 , -3.052100e+03 ,  3.400643e+02 ,  2.369198e+03 , -3.329832e+03 ,  3.259803e+03 , -9.127422e+02 , -2.331309e+03 , -2.371014e+03 , -3.254018e+03 ,  4.691662e+03 , -4.733821e+03 ,  4.869415e+03 ,  3.320049e+03 ,  2.304589e+03 , -4.668676e+03 ,]
angleInclination_array = [1.745329e+00 , 1.745329e+00 , 1.745329e+00 , 1.745329e+00 , 1.745329e+00 , 1.745329e+00 , 1.745329e+00 , 1.745329e+00 , 1.745329e+00 , 1.745329e+00 , 1.745329e+00 , 1.745329e+00 , 1.745329e+00 , 1.745329e+00 , 1.745329e+00 , 1.745329e+00 , 1.745329e+00 , 1.745329e+00 , 1.745329e+00 , 1.745329e+00 , 1.745329e+00 , 1.745329e+00 , 1.745329e+00 , 1.745329e+00 , 1.745329e+00 , 1.745329e+00 , 1.745329e+00 , 1.745329e+00 , 1.745329e+00 , 1.745329e+00 , 1.745329e+00 , 1.745329e+00 , 1.745329e+00 , 1.745329e+00 , 1.745329e+00 , 1.745329e+00 , 1.745329e+00 , 1.745329e+00 , 1.745329e+00 , 1.745329e+00 , 1.745329e+00 , 1.745329e+00 , 1.745329e+00 , 1.745329e+00 , 1.745329e+00 , 1.745329e+00 , 1.745329e+00 , 1.745329e+00 , 1.745329e+00 , 1.745329e+00 ,]
angleAzimuth_array = [2.792527e+00 , 2.792527e+00 , 2.792527e+00 , 2.792527e+00 , 2.792527e+00 , 2.792527e+00 , 2.792527e+00 , 2.792527e+00 , 2.792527e+00 , 2.792527e+00 , 2.792527e+00 , 2.792527e+00 , 2.792527e+00 , 2.792527e+00 , 2.792527e+00 , 2.792527e+00 , 2.792527e+00 , 2.792527e+00 , 2.792527e+00 , 2.792527e+00 , 2.792527e+00 , 2.792527e+00 , 2.792527e+00 , 2.792527e+00 , 2.792527e+00 , 2.792527e+00 , 2.792527e+00 , 2.792527e+00 , 2.792527e+00 , 2.792527e+00 , 2.792527e+00 , 2.792527e+00 , 2.792527e+00 , 2.792527e+00 , 2.792527e+00 , 2.792527e+00 , 2.792527e+00 , 2.792527e+00 , 2.792527e+00 , 2.792527e+00 , 2.792527e+00 , 2.792527e+00 , 2.792527e+00 , 2.792527e+00 , 2.792527e+00 , 2.792527e+00 , 2.792527e+00 , 2.792527e+00 , 2.792527e+00 , 2.792527e+00 ,]
