% ground truth for sim_inc120_az360.tif
% settings
number_of_spots = 50
pixel_size_nm = 51.200
image_size_nm = 14142.136
image_size_px = 275
wavelength = 500
par.objectiveNA = 2.17
objectiveFocalLength = 770
par.refractiveIndices = [1.310000e+00 , 2.170000e+00 , 2.170000e+00 ,]
par.nDiscretizationBFP = 129
par.backgroundNoise = 0.020
par.nPhotons = 500
positionX_nm_array = [-5.068677e+02 , -2.322299e+03 ,  1.549038e+03 ,  3.723299e+03 , -3.184414e+03 ,  4.210147e+03 , -2.199565e+03 , -8.219182e+02 ,  2.939209e+03 ,  1.854612e+03 ,  4.241178e+03 ,  3.352715e+03 , -5.118309e+02 ,  4.587571e+02 ,  3.435982e+03 ,  1.007900e+03 , -6.821656e+02 , -4.276425e+03 ,  4.171392e+03 ,  3.503323e+03 , -4.734574e+03 , -3.293806e+02 , -1.640545e+03 ,  2.576693e+03 , -1.290220e+03 , -2.941627e+03 , -3.143677e+03 ,  3.639158e+03 , -3.538312e+03 , -3.491622e+03 , -4.933095e+03 ,  1.987106e+03 , -3.791278e+03 , -3.603618e+03 ,  2.364849e+03 , -4.190237e+03 ,  1.069141e+03 ,  4.810916e+03 , -3.717782e+03 , -4.900753e+03 ,  1.811875e+03 ,  4.614740e+03 , -1.730090e+03 , -4.891534e+03 , -7.861926e+01 ,  4.358897e+03 ,  2.046397e+03 ,  4.577889e+03 , -2.161417e+03 ,  1.348447e+03 ,]
positionY_nm_array = [-4.379657e+03 ,  1.146842e+02 ,  1.815102e+03 , -2.855533e+03 ,  1.696484e+03 ,  1.034396e+02 , -2.675519e+03 ,  8.236132e+02 ,  2.421869e+02 , -4.742353e+03 , -4.825507e+03 ,  3.349949e+03 , -3.334546e+03 ,  2.859735e+03 ,  2.031417e+03 , -3.894760e+02 ,  3.561569e+03 ,  3.779918e+03 , -3.825926e+03 ,  4.648472e+03 ,  1.423632e+03 , -8.860520e+02 , -4.708575e+03 , -1.294546e+03 ,  2.097188e+03 ,  3.680346e+03 , -4.792141e+03 , -7.316381e+02 ,  2.666959e+03 , -7.737218e+02 , -3.920944e+03 ,  6.579049e+02 , -2.082126e+03 , -3.521060e+03 , -2.380886e+03 ,  4.887318e+03 , -2.413672e+03 , -2.536216e+03 ,  8.427372e+02 ,  8.478706e+01 ,  4.830261e+03 , -1.401946e+03 ,  4.940820e+03 , -1.607756e+03 ,  4.879538e+03 ,  1.419500e+03 , -3.736772e+03 ,  3.453867e+03 , -1.287419e+03 ,  3.928916e+03 ,]
angleInclination_array = [2.094395e+00 , 2.094395e+00 , 2.094395e+00 , 2.094395e+00 , 2.094395e+00 , 2.094395e+00 , 2.094395e+00 , 2.094395e+00 , 2.094395e+00 , 2.094395e+00 , 2.094395e+00 , 2.094395e+00 , 2.094395e+00 , 2.094395e+00 , 2.094395e+00 , 2.094395e+00 , 2.094395e+00 , 2.094395e+00 , 2.094395e+00 , 2.094395e+00 , 2.094395e+00 , 2.094395e+00 , 2.094395e+00 , 2.094395e+00 , 2.094395e+00 , 2.094395e+00 , 2.094395e+00 , 2.094395e+00 , 2.094395e+00 , 2.094395e+00 , 2.094395e+00 , 2.094395e+00 , 2.094395e+00 , 2.094395e+00 , 2.094395e+00 , 2.094395e+00 , 2.094395e+00 , 2.094395e+00 , 2.094395e+00 , 2.094395e+00 , 2.094395e+00 , 2.094395e+00 , 2.094395e+00 , 2.094395e+00 , 2.094395e+00 , 2.094395e+00 , 2.094395e+00 , 2.094395e+00 , 2.094395e+00 , 2.094395e+00 ,]
angleAzimuth_array = [6.283185e+00 , 6.283185e+00 , 6.283185e+00 , 6.283185e+00 , 6.283185e+00 , 6.283185e+00 , 6.283185e+00 , 6.283185e+00 , 6.283185e+00 , 6.283185e+00 , 6.283185e+00 , 6.283185e+00 , 6.283185e+00 , 6.283185e+00 , 6.283185e+00 , 6.283185e+00 , 6.283185e+00 , 6.283185e+00 , 6.283185e+00 , 6.283185e+00 , 6.283185e+00 , 6.283185e+00 , 6.283185e+00 , 6.283185e+00 , 6.283185e+00 , 6.283185e+00 , 6.283185e+00 , 6.283185e+00 , 6.283185e+00 , 6.283185e+00 , 6.283185e+00 , 6.283185e+00 , 6.283185e+00 , 6.283185e+00 , 6.283185e+00 , 6.283185e+00 , 6.283185e+00 , 6.283185e+00 , 6.283185e+00 , 6.283185e+00 , 6.283185e+00 , 6.283185e+00 , 6.283185e+00 , 6.283185e+00 , 6.283185e+00 , 6.283185e+00 , 6.283185e+00 , 6.283185e+00 , 6.283185e+00 , 6.283185e+00 ,]
