% ground truth for sim_inc50_az340.tif
% settings
number_of_spots = 50
pixel_size_nm = 51.200
image_size_nm = 14142.136
image_size_px = 275
wavelength = 500
par.objectiveNA = 2.17
objectiveFocalLength = 770
par.refractiveIndices = [1.310000e+00 , 2.170000e+00 , 2.170000e+00 ,]
par.nDiscretizationBFP = 129
par.backgroundNoise = 0.020
par.nPhotons = 500
positionX_nm_array = [-3.409334e+03 ,  3.155385e+03 , -3.839975e+03 ,  1.370007e+03 , -5.476997e+02 ,  4.388056e+03 ,  7.638569e+02 , -4.640414e+03 , -1.995496e+03 ,  4.772365e+03 ,  2.089765e+03 , -2.834481e+03 , -4.518549e+02 ,  2.513808e+03 ,  1.193597e+03 ,  3.519116e+03 , -2.891402e+03 ,  2.479755e+02 ,  1.904497e+02 , -4.415581e+03 , -2.731890e+03 , -3.335366e+03 , -3.439299e+03 , -4.532828e+03 ,  1.061870e+03 ,  3.565315e+03 ,  3.052696e+03 ,  2.968877e+03 ,  4.184306e+03 ,  4.137639e+03 ,  3.983971e+03 ,  2.985709e+03 , -4.814726e+03 , -1.840441e+03 , -1.071729e+03 , -1.551217e+02 ,  1.319092e+03 , -1.055043e+03 ,  2.342666e+03 , -3.025339e+03 , -9.729283e+02 , -4.196204e+03 , -3.506300e+03 ,  4.842594e+03 , -1.611707e+03 , -1.817414e+03 , -1.080192e+02 , -1.473273e+03 ,  4.192048e+03 ,  2.588705e+03 ,]
positionY_nm_array = [3.693876e+03 ,  2.435026e+03 ,  2.010940e+02 , -3.903257e+03 , -4.332211e+03 ,  3.394739e+03 ,  3.477127e+03 , -1.662353e+03 , -3.563933e+03 , -2.234154e+03 , -1.050981e+03 , -4.693868e+03 , -3.849691e+02 ,  4.628307e+03 ,  2.472473e+03 , -1.265183e+03 , -1.698792e+03 , -1.970739e+03 ,  4.516830e+03 , -2.883359e+03 , -1.510311e+02 ,  4.925784e+03 ,  1.667454e+03 ,  2.850942e+03 ,  2.815717e+02 ,  4.888060e+03 , -2.431544e+03 , -4.064432e+03 , -4.723496e+03 , -3.367470e+03 ,  1.029836e+03 ,  9.109509e+01 ,  3.857975e+03 ,  3.101162e+03 ,  3.997593e+03 ,  1.150546e+03 , -2.444618e+03 , -2.368888e+03 ,  9.359119e+02 , -2.808530e+03 ,  2.295155e+03 , -4.429488e+03 , -8.056307e+02 ,  1.916731e+03 ,  1.383930e+03 ,  3.265489e+02 , -2.940084e+03 , -4.946211e+03 , -1.854537e+02 ,  3.362655e+03 ,]
angleInclination_array = [8.726646e-01 , 8.726646e-01 , 8.726646e-01 , 8.726646e-01 , 8.726646e-01 , 8.726646e-01 , 8.726646e-01 , 8.726646e-01 , 8.726646e-01 , 8.726646e-01 , 8.726646e-01 , 8.726646e-01 , 8.726646e-01 , 8.726646e-01 , 8.726646e-01 , 8.726646e-01 , 8.726646e-01 , 8.726646e-01 , 8.726646e-01 , 8.726646e-01 , 8.726646e-01 , 8.726646e-01 , 8.726646e-01 , 8.726646e-01 , 8.726646e-01 , 8.726646e-01 , 8.726646e-01 , 8.726646e-01 , 8.726646e-01 , 8.726646e-01 , 8.726646e-01 , 8.726646e-01 , 8.726646e-01 , 8.726646e-01 , 8.726646e-01 , 8.726646e-01 , 8.726646e-01 , 8.726646e-01 , 8.726646e-01 , 8.726646e-01 , 8.726646e-01 , 8.726646e-01 , 8.726646e-01 , 8.726646e-01 , 8.726646e-01 , 8.726646e-01 , 8.726646e-01 , 8.726646e-01 , 8.726646e-01 , 8.726646e-01 ,]
angleAzimuth_array = [5.934119e+00 , 5.934119e+00 , 5.934119e+00 , 5.934119e+00 , 5.934119e+00 , 5.934119e+00 , 5.934119e+00 , 5.934119e+00 , 5.934119e+00 , 5.934119e+00 , 5.934119e+00 , 5.934119e+00 , 5.934119e+00 , 5.934119e+00 , 5.934119e+00 , 5.934119e+00 , 5.934119e+00 , 5.934119e+00 , 5.934119e+00 , 5.934119e+00 , 5.934119e+00 , 5.934119e+00 , 5.934119e+00 , 5.934119e+00 , 5.934119e+00 , 5.934119e+00 , 5.934119e+00 , 5.934119e+00 , 5.934119e+00 , 5.934119e+00 , 5.934119e+00 , 5.934119e+00 , 5.934119e+00 , 5.934119e+00 , 5.934119e+00 , 5.934119e+00 , 5.934119e+00 , 5.934119e+00 , 5.934119e+00 , 5.934119e+00 , 5.934119e+00 , 5.934119e+00 , 5.934119e+00 , 5.934119e+00 , 5.934119e+00 , 5.934119e+00 , 5.934119e+00 , 5.934119e+00 , 5.934119e+00 , 5.934119e+00 ,]
