% ground truth for sim_inc20_az360.tif
% settings
number_of_spots = 50
pixel_size_nm = 51.200
image_size_nm = 14142.136
image_size_px = 275
wavelength = 500
par.objectiveNA = 2.17
objectiveFocalLength = 770
par.refractiveIndices = [1.310000e+00 , 2.170000e+00 , 2.170000e+00 ,]
par.nDiscretizationBFP = 129
par.backgroundNoise = 0.020
par.nPhotons = 500
positionX_nm_array = [-2.049921e+03 , -4.756929e+03 ,  3.921165e+03 , -2.021098e+03 ,  2.777774e+03 ,  1.924860e+03 , -2.109951e+03 ,  1.386631e+03 ,  9.918115e+02 ,  3.855309e+03 ,  1.846215e+03 ,  4.581674e+03 , -3.498210e+03 , -8.637540e+02 , -3.591760e+03 , -2.059701e+03 ,  4.378995e+03 ,  3.739883e+03 , -3.126189e+03 ,  3.030883e+03 , -2.092442e+02 , -3.551914e+03 , -3.667363e+03 , -1.938021e+03 ,  3.594630e+03 , -4.748276e+03 ,  2.838679e+03 , -3.539781e+02 , -3.222337e+03 ,  7.753746e+02 ,  1.545823e+03 , -4.356432e+03 , -8.573232e+02 ,  4.645526e+03 ,  2.530065e+03 ,  2.299572e+02 , -5.435090e+02 , -4.240376e+02 ,  6.000968e+02 , -5.509087e+02 , -3.925634e+03 ,  2.058539e+03 ,  4.406181e+03 , -1.477925e+03 , -1.458369e+03 , -4.764247e+03 ,  4.540626e+03 ,  7.115632e+02 , -2.791425e+03 ,  2.751479e+03 ,]
positionY_nm_array = [-1.385466e+03 ,  2.760722e+03 ,  1.951309e+03 , -3.585008e+03 ,  4.371269e+03 ,  1.124447e+03 ,  7.935052e+02 , -3.177308e+03 , -4.599067e+03 , -4.409815e+03 , -1.847040e+03 , -7.068004e+02 ,  1.476694e+03 , -3.527121e+02 ,  4.548066e+03 ,  4.194455e+03 , -2.489001e+03 , -3.263045e+03 ,  2.649898e+03 ,  2.504429e+02 , -3.129070e+03 , -1.441159e+03 , -5.802427e+01 ,  2.785072e+03 ,  3.628221e+03 , -1.782310e+03 , -1.395940e+03 ,  6.463818e+02 , -4.865337e+03 ,  1.851153e+03 ,  3.673764e+03 , -3.928979e+03 ,  2.763138e+03 ,  4.564495e+03 ,  3.362770e+03 ,  3.732365e+03 , -1.719739e+03 , -4.882899e+03 , -1.129269e+03 ,  4.863354e+03 , -3.014635e+03 , -3.159345e+02 ,  4.270264e+02 ,  1.787762e+03 , -4.517522e+03 ,  4.309793e+03 ,  3.001704e+03 , -9.516140e+01 , -2.383841e+03 ,  2.043807e+03 ,]
angleInclination_array = [3.490659e-01 , 3.490659e-01 , 3.490659e-01 , 3.490659e-01 , 3.490659e-01 , 3.490659e-01 , 3.490659e-01 , 3.490659e-01 , 3.490659e-01 , 3.490659e-01 , 3.490659e-01 , 3.490659e-01 , 3.490659e-01 , 3.490659e-01 , 3.490659e-01 , 3.490659e-01 , 3.490659e-01 , 3.490659e-01 , 3.490659e-01 , 3.490659e-01 , 3.490659e-01 , 3.490659e-01 , 3.490659e-01 , 3.490659e-01 , 3.490659e-01 , 3.490659e-01 , 3.490659e-01 , 3.490659e-01 , 3.490659e-01 , 3.490659e-01 , 3.490659e-01 , 3.490659e-01 , 3.490659e-01 , 3.490659e-01 , 3.490659e-01 , 3.490659e-01 , 3.490659e-01 , 3.490659e-01 , 3.490659e-01 , 3.490659e-01 , 3.490659e-01 , 3.490659e-01 , 3.490659e-01 , 3.490659e-01 , 3.490659e-01 , 3.490659e-01 , 3.490659e-01 , 3.490659e-01 , 3.490659e-01 , 3.490659e-01 ,]
angleAzimuth_array = [6.283185e+00 , 6.283185e+00 , 6.283185e+00 , 6.283185e+00 , 6.283185e+00 , 6.283185e+00 , 6.283185e+00 , 6.283185e+00 , 6.283185e+00 , 6.283185e+00 , 6.283185e+00 , 6.283185e+00 , 6.283185e+00 , 6.283185e+00 , 6.283185e+00 , 6.283185e+00 , 6.283185e+00 , 6.283185e+00 , 6.283185e+00 , 6.283185e+00 , 6.283185e+00 , 6.283185e+00 , 6.283185e+00 , 6.283185e+00 , 6.283185e+00 , 6.283185e+00 , 6.283185e+00 , 6.283185e+00 , 6.283185e+00 , 6.283185e+00 , 6.283185e+00 , 6.283185e+00 , 6.283185e+00 , 6.283185e+00 , 6.283185e+00 , 6.283185e+00 , 6.283185e+00 , 6.283185e+00 , 6.283185e+00 , 6.283185e+00 , 6.283185e+00 , 6.283185e+00 , 6.283185e+00 , 6.283185e+00 , 6.283185e+00 , 6.283185e+00 , 6.283185e+00 , 6.283185e+00 , 6.283185e+00 , 6.283185e+00 ,]
