% ground truth for sim_inc110_az140.tif
% settings
number_of_spots = 50
pixel_size_nm = 51.200
image_size_nm = 14142.136
image_size_px = 275
wavelength = 500
par.objectiveNA = 2.17
objectiveFocalLength = 770
par.refractiveIndices = [1.310000e+00 , 2.170000e+00 , 2.170000e+00 ,]
par.nDiscretizationBFP = 129
par.backgroundNoise = 0.020
par.nPhotons = 500
positionX_nm_array = [3.822820e+03 ,  3.013965e+03 ,  4.184278e+03 ,  4.074182e+03 , -4.744318e+03 ,  3.180039e+03 , -4.110768e+02 , -1.170804e+03 , -3.460437e+03 ,  1.485170e+02 ,  4.084904e+03 ,  7.415520e+02 ,  6.086304e+02 , -1.013822e+03 , -3.701235e+02 ,  3.470051e+03 ,  1.246046e+03 , -2.686568e+03 , -3.558014e+03 ,  3.270593e+03 ,  3.727778e+03 , -2.532232e+03 ,  1.859015e+03 , -4.625505e+03 ,  2.211507e+03 ,  1.193868e+03 , -4.923328e+03 , -3.351359e+03 , -1.454478e+03 , -2.325352e+03 ,  2.114346e+03 ,  4.930143e+03 , -2.291492e+03 , -4.167994e+03 , -4.399805e+03 ,  2.613554e+03 ,  4.939613e+03 , -3.279446e+03 , -3.357691e+03 ,  2.628561e+03 , -1.443682e+03 ,  3.121254e+02 , -1.620744e+03 ,  1.895397e+03 ,  1.359538e+03 ,  4.823077e+03 , -1.394081e+03 , -2.351667e+03 , -2.354992e+02 ,  1.389582e+03 ,]
positionY_nm_array = [-2.179676e+03 ,  1.665507e+03 ,  2.145248e+02 ,  2.271889e+03 ,  3.009108e+03 ,  1.428869e+02 ,  3.314032e+03 ,  1.253554e+03 ,  6.008131e+02 ,  1.395072e+03 , -3.369691e+03 , -1.669087e+02 , -4.345189e+03 ,  4.477296e+03 , -3.489760e+03 ,  3.171233e+03 ,  4.028345e+03 ,  4.613195e+03 ,  1.665448e+03 , -1.292595e+03 , -4.424671e+03 , -2.603117e+03 , -4.510383e+02 , -7.626924e+01 , -3.685365e+03 ,  2.349596e+03 , -1.774928e+03 , -5.761897e+02 , -1.572582e+03 , -1.012283e+03 ,  6.273614e+02 , -8.526553e+02 ,  1.415058e+03 , -4.810662e+03 , -2.981355e+03 ,  3.954641e+03 ,  2.875928e+03 , -3.725415e+03 ,  3.282785e+03 , -2.765558e+03 , -1.068355e+02 ,  4.846248e+03 ,  2.348848e+03 , -1.545689e+03 , -3.161114e+03 , -4.519227e+03 , -3.910296e+03 ,  3.435672e+03 , -4.038396e+02 ,  1.323160e+03 ,]
angleInclination_array = [1.919862e+00 , 1.919862e+00 , 1.919862e+00 , 1.919862e+00 , 1.919862e+00 , 1.919862e+00 , 1.919862e+00 , 1.919862e+00 , 1.919862e+00 , 1.919862e+00 , 1.919862e+00 , 1.919862e+00 , 1.919862e+00 , 1.919862e+00 , 1.919862e+00 , 1.919862e+00 , 1.919862e+00 , 1.919862e+00 , 1.919862e+00 , 1.919862e+00 , 1.919862e+00 , 1.919862e+00 , 1.919862e+00 , 1.919862e+00 , 1.919862e+00 , 1.919862e+00 , 1.919862e+00 , 1.919862e+00 , 1.919862e+00 , 1.919862e+00 , 1.919862e+00 , 1.919862e+00 , 1.919862e+00 , 1.919862e+00 , 1.919862e+00 , 1.919862e+00 , 1.919862e+00 , 1.919862e+00 , 1.919862e+00 , 1.919862e+00 , 1.919862e+00 , 1.919862e+00 , 1.919862e+00 , 1.919862e+00 , 1.919862e+00 , 1.919862e+00 , 1.919862e+00 , 1.919862e+00 , 1.919862e+00 , 1.919862e+00 ,]
angleAzimuth_array = [2.443461e+00 , 2.443461e+00 , 2.443461e+00 , 2.443461e+00 , 2.443461e+00 , 2.443461e+00 , 2.443461e+00 , 2.443461e+00 , 2.443461e+00 , 2.443461e+00 , 2.443461e+00 , 2.443461e+00 , 2.443461e+00 , 2.443461e+00 , 2.443461e+00 , 2.443461e+00 , 2.443461e+00 , 2.443461e+00 , 2.443461e+00 , 2.443461e+00 , 2.443461e+00 , 2.443461e+00 , 2.443461e+00 , 2.443461e+00 , 2.443461e+00 , 2.443461e+00 , 2.443461e+00 , 2.443461e+00 , 2.443461e+00 , 2.443461e+00 , 2.443461e+00 , 2.443461e+00 , 2.443461e+00 , 2.443461e+00 , 2.443461e+00 , 2.443461e+00 , 2.443461e+00 , 2.443461e+00 , 2.443461e+00 , 2.443461e+00 , 2.443461e+00 , 2.443461e+00 , 2.443461e+00 , 2.443461e+00 , 2.443461e+00 , 2.443461e+00 , 2.443461e+00 , 2.443461e+00 , 2.443461e+00 , 2.443461e+00 ,]
