% ground truth for sim_inc10_az140.tif
% settings
number_of_spots = 50
pixel_size_nm = 51.200
image_size_nm = 14142.136
image_size_px = 275
wavelength = 500
par.objectiveNA = 2.17
objectiveFocalLength = 770
par.refractiveIndices = [1.310000e+00 , 2.170000e+00 , 2.170000e+00 ,]
par.nDiscretizationBFP = 129
par.backgroundNoise = 0.020
par.nPhotons = 500
positionX_nm_array = [-4.765084e+03 , -4.744930e+03 ,  2.176142e+03 ,  3.399580e+03 ,  4.076696e+03 , -4.568275e+03 , -1.696932e+03 , -4.350546e+03 , -5.742959e+02 ,  3.732564e+03 ,  3.828160e+02 ,  4.239823e+03 , -4.375248e+03 ,  2.550887e+03 , -3.088492e+03 ,  1.187504e+03 , -2.492104e+03 , -1.775334e+03 ,  1.986766e+03 , -9.622780e+02 , -7.956108e+00 ,  4.311326e+02 ,  1.315445e+03 , -2.586698e+03 , -2.666653e+03 , -4.705028e+03 ,  4.725952e+03 ,  1.822273e+03 ,  1.796751e+03 , -4.502083e+03 ,  3.180774e+03 ,  5.305487e+02 , -4.301656e+03 , -1.633666e+03 ,  2.631392e+03 , -1.149443e+03 , -8.372904e+02 , -2.777283e+03 , -2.228782e+03 , -3.776479e+02 ,  8.090685e+02 ,  4.048444e+03 ,  1.656221e+03 ,  4.585888e+03 , -9.259295e+02 ,  3.729201e+03 ,  3.240309e+03 , -2.982484e+03 , -5.188771e+02 , -3.791844e+03 ,]
positionY_nm_array = [-8.073322e+02 , -4.905166e+03 , -1.986048e+03 ,  4.638171e+03 ,  2.425957e+03 , -3.310122e+03 ,  1.188431e+03 ,  3.185608e+03 , -4.875923e+03 , -3.777631e+03 , -2.746178e+03 , -1.810975e+03 ,  3.273191e+02 , -3.543641e+03 , -3.338322e+02 ,  3.218385e+03 ,  2.115824e+03 , -4.034937e+03 ,  1.602282e+03 , -3.185144e+03 , -1.143488e+03 ,  1.068296e+03 , -3.505195e+03 , -1.633583e+03 , -2.642401e+03 ,  4.472414e+03 ,  5.537844e+02 ,  4.398369e+03 , -4.670993e+03 ,  1.638154e+03 , -1.292842e+03 ,  4.243329e+03 , -1.817509e+03 ,  2.746717e+03 ,  2.444816e+03 , -1.327915e+03 ,  1.331008e+02 , -4.889193e+03 ,  4.290873e+03 ,  2.864684e+03 , -4.422975e+03 , -4.769950e+02 ,  3.414795e+02 ,  4.450721e+03 ,  4.298317e+03 , -4.924281e+03 ,  1.081760e+03 ,  3.614581e+03 ,  1.538688e+03 , -4.513548e+03 ,]
angleInclination_array = [1.745329e-01 , 1.745329e-01 , 1.745329e-01 , 1.745329e-01 , 1.745329e-01 , 1.745329e-01 , 1.745329e-01 , 1.745329e-01 , 1.745329e-01 , 1.745329e-01 , 1.745329e-01 , 1.745329e-01 , 1.745329e-01 , 1.745329e-01 , 1.745329e-01 , 1.745329e-01 , 1.745329e-01 , 1.745329e-01 , 1.745329e-01 , 1.745329e-01 , 1.745329e-01 , 1.745329e-01 , 1.745329e-01 , 1.745329e-01 , 1.745329e-01 , 1.745329e-01 , 1.745329e-01 , 1.745329e-01 , 1.745329e-01 , 1.745329e-01 , 1.745329e-01 , 1.745329e-01 , 1.745329e-01 , 1.745329e-01 , 1.745329e-01 , 1.745329e-01 , 1.745329e-01 , 1.745329e-01 , 1.745329e-01 , 1.745329e-01 , 1.745329e-01 , 1.745329e-01 , 1.745329e-01 , 1.745329e-01 , 1.745329e-01 , 1.745329e-01 , 1.745329e-01 , 1.745329e-01 , 1.745329e-01 , 1.745329e-01 ,]
angleAzimuth_array = [2.443461e+00 , 2.443461e+00 , 2.443461e+00 , 2.443461e+00 , 2.443461e+00 , 2.443461e+00 , 2.443461e+00 , 2.443461e+00 , 2.443461e+00 , 2.443461e+00 , 2.443461e+00 , 2.443461e+00 , 2.443461e+00 , 2.443461e+00 , 2.443461e+00 , 2.443461e+00 , 2.443461e+00 , 2.443461e+00 , 2.443461e+00 , 2.443461e+00 , 2.443461e+00 , 2.443461e+00 , 2.443461e+00 , 2.443461e+00 , 2.443461e+00 , 2.443461e+00 , 2.443461e+00 , 2.443461e+00 , 2.443461e+00 , 2.443461e+00 , 2.443461e+00 , 2.443461e+00 , 2.443461e+00 , 2.443461e+00 , 2.443461e+00 , 2.443461e+00 , 2.443461e+00 , 2.443461e+00 , 2.443461e+00 , 2.443461e+00 , 2.443461e+00 , 2.443461e+00 , 2.443461e+00 , 2.443461e+00 , 2.443461e+00 , 2.443461e+00 , 2.443461e+00 , 2.443461e+00 , 2.443461e+00 , 2.443461e+00 ,]
