% ground truth for sim_inc90_az60.tif
% settings
number_of_spots = 50
pixel_size_nm = 51.200
image_size_nm = 14142.136
image_size_px = 275
wavelength = 500
par.objectiveNA = 2.17
objectiveFocalLength = 770
par.refractiveIndices = [1.310000e+00 , 2.170000e+00 , 2.170000e+00 ,]
par.nDiscretizationBFP = 129
par.backgroundNoise = 0.020
par.nPhotons = 500
positionX_nm_array = [-2.573392e+03 ,  2.533497e+03 ,  2.933238e+03 , -9.786480e+02 , -2.228190e+03 ,  2.327022e+03 ,  2.233582e+01 ,  4.902781e+03 , -3.441217e+03 , -4.013718e+03 ,  1.308115e+03 ,  8.656096e+01 , -1.332458e+03 ,  4.884018e+03 ,  1.347844e+03 , -2.413966e+03 , -2.859543e+02 , -3.000741e+03 , -1.339035e+03 , -3.463260e+03 , -5.995389e+02 , -2.722388e+03 ,  3.101120e+03 , -4.677214e+03 ,  2.058756e+03 ,  1.482423e+03 ,  1.443692e+03 , -2.306519e+03 ,  3.037449e+03 ,  3.493278e+03 ,  3.910527e+03 , -4.173475e+02 ,  4.121659e+02 ,  3.432281e+03 ,  4.315797e+03 , -3.815512e+03 ,  2.856426e+03 ,  9.895692e+02 , -3.915991e+03 ,  4.211892e+03 , -2.646391e+03 , -4.294012e+03 ,  2.201419e+03 , -4.822903e+03 , -3.042137e+03 , -1.071950e+03 ,  8.245944e+02 , -3.936355e+03 , -1.464994e+03 ,  2.914655e+02 ,]
positionY_nm_array = [-3.213223e+03 ,  4.686606e+03 ,  6.359107e+02 , -8.995010e+02 , -4.931801e+03 , -2.770594e+02 , -1.148574e+03 ,  1.013503e+03 , -2.087673e+03 ,  3.395518e+03 , -3.571526e+03 ,  1.419362e+03 ,  3.286255e+03 , -1.338504e+03 ,  8.019544e+02 , -1.072927e+03 ,  4.519499e+03 , -4.172655e+03 , -2.568666e+03 ,  2.497510e+03 , -3.272150e+03 ,  4.915167e+03 , -2.618572e+03 , -2.065912e+03 , -1.259536e+03 , -2.268704e+03 ,  2.073908e+03 ,  3.727033e+03 , -4.685299e+03 ,  1.878884e+03 ,  4.692742e+03 , -4.393381e+03 , -2.212281e+03 , -4.641958e+02 , -4.646619e+03 , -3.283622e+03 , -3.668936e+03 ,  4.831555e+03 ,  4.839031e+03 , -3.381548e+03 ,  5.328476e+02 , -6.010243e+02 ,  3.329067e+03 ,  2.041288e+03 ,  1.478312e+03 ,  9.921322e+02 ,  2.959822e+03 ,  6.006109e+02 ,  4.285810e+03 ,  3.301732e+02 ,]
angleInclination_array = [1.570796e+00 , 1.570796e+00 , 1.570796e+00 , 1.570796e+00 , 1.570796e+00 , 1.570796e+00 , 1.570796e+00 , 1.570796e+00 , 1.570796e+00 , 1.570796e+00 , 1.570796e+00 , 1.570796e+00 , 1.570796e+00 , 1.570796e+00 , 1.570796e+00 , 1.570796e+00 , 1.570796e+00 , 1.570796e+00 , 1.570796e+00 , 1.570796e+00 , 1.570796e+00 , 1.570796e+00 , 1.570796e+00 , 1.570796e+00 , 1.570796e+00 , 1.570796e+00 , 1.570796e+00 , 1.570796e+00 , 1.570796e+00 , 1.570796e+00 , 1.570796e+00 , 1.570796e+00 , 1.570796e+00 , 1.570796e+00 , 1.570796e+00 , 1.570796e+00 , 1.570796e+00 , 1.570796e+00 , 1.570796e+00 , 1.570796e+00 , 1.570796e+00 , 1.570796e+00 , 1.570796e+00 , 1.570796e+00 , 1.570796e+00 , 1.570796e+00 , 1.570796e+00 , 1.570796e+00 , 1.570796e+00 , 1.570796e+00 ,]
angleAzimuth_array = [1.047198e+00 , 1.047198e+00 , 1.047198e+00 , 1.047198e+00 , 1.047198e+00 , 1.047198e+00 , 1.047198e+00 , 1.047198e+00 , 1.047198e+00 , 1.047198e+00 , 1.047198e+00 , 1.047198e+00 , 1.047198e+00 , 1.047198e+00 , 1.047198e+00 , 1.047198e+00 , 1.047198e+00 , 1.047198e+00 , 1.047198e+00 , 1.047198e+00 , 1.047198e+00 , 1.047198e+00 , 1.047198e+00 , 1.047198e+00 , 1.047198e+00 , 1.047198e+00 , 1.047198e+00 , 1.047198e+00 , 1.047198e+00 , 1.047198e+00 , 1.047198e+00 , 1.047198e+00 , 1.047198e+00 , 1.047198e+00 , 1.047198e+00 , 1.047198e+00 , 1.047198e+00 , 1.047198e+00 , 1.047198e+00 , 1.047198e+00 , 1.047198e+00 , 1.047198e+00 , 1.047198e+00 , 1.047198e+00 , 1.047198e+00 , 1.047198e+00 , 1.047198e+00 , 1.047198e+00 , 1.047198e+00 , 1.047198e+00 ,]
