% ground truth for sim_inc120_az40.tif
% settings
number_of_spots = 50
pixel_size_nm = 51.200
image_size_nm = 14142.136
image_size_px = 275
wavelength = 500
par.objectiveNA = 2.17
objectiveFocalLength = 770
par.refractiveIndices = [1.310000e+00 , 2.170000e+00 , 2.170000e+00 ,]
par.nDiscretizationBFP = 129
par.backgroundNoise = 0.020
par.nPhotons = 500
positionX_nm_array = [-1.310284e+03 , -3.582779e+03 ,  6.904072e+02 ,  2.427099e+02 ,  1.627583e+03 ,  2.742828e+03 ,  3.868651e+03 , -8.941214e+02 , -2.721461e+03 ,  2.674713e+01 , -2.839611e+03 , -4.881260e+03 , -4.284755e+02 , -2.617003e+03 , -4.255272e+03 , -1.176257e+03 ,  2.497099e+03 ,  1.010516e+03 , -1.908380e+03 ,  3.870947e+03 ,  4.746754e+03 ,  1.061142e+03 , -1.666858e+03 , -2.408851e+03 ,  4.289557e+03 , -4.397250e+03 , -4.035070e+03 ,  2.611194e+03 ,  2.336996e+03 , -3.927806e+03 ,  2.834558e+03 , -3.582218e+03 , -7.223437e+02 ,  4.013665e+03 ,  1.680629e+03 , -2.845881e+03 ,  2.716403e+03 , -3.694852e+03 ,  1.433806e+01 ,  4.522556e+03 , -1.733646e+02 ,  4.643899e+03 , -4.781569e+03 ,  5.577704e+02 , -4.762739e+03 ,  2.733939e+03 , -1.850923e+03 , -1.543765e+03 ,  3.553749e+03 ,  4.316185e+03 ,]
positionY_nm_array = [3.290386e+03 , -4.783045e+03 ,  2.051313e+03 , -3.938145e+03 , -4.118102e+03 ,  4.228210e+03 , -2.483994e+03 , -3.133996e+02 , -1.644248e+02 , -9.177717e+02 ,  3.062523e+03 , -2.518971e+03 , -3.064656e+03 ,  4.057170e+03 ,  6.265787e+02 ,  4.470154e+03 ,  3.276554e+02 , -1.591702e+03 ,  1.709106e+03 , -9.739351e+02 , -1.999957e+03 , -3.301670e+02 , -1.593088e+03 , -3.058584e+03 ,  2.187842e+03 , -5.659316e+02 ,  3.240900e+03 ,  1.437602e+03 ,  2.784547e+03 , -1.835834e+03 , -1.640001e+03 ,  4.793012e+03 ,  1.467838e+03 ,  4.717435e+03 ,  4.662137e+03 , -2.147717e+03 , -2.691163e+03 , -3.076174e+03 , -2.028620e+03 ,  3.354877e+02 ,  4.142634e+03 , -3.927294e+03 , -4.934755e+03 ,  5.554410e+02 ,  3.994127e+03 , -4.802170e+03 ,  5.008380e+02 , -4.036469e+03 ,  7.456589e+02 ,  3.413593e+03 ,]
angleInclination_array = [2.094395e+00 , 2.094395e+00 , 2.094395e+00 , 2.094395e+00 , 2.094395e+00 , 2.094395e+00 , 2.094395e+00 , 2.094395e+00 , 2.094395e+00 , 2.094395e+00 , 2.094395e+00 , 2.094395e+00 , 2.094395e+00 , 2.094395e+00 , 2.094395e+00 , 2.094395e+00 , 2.094395e+00 , 2.094395e+00 , 2.094395e+00 , 2.094395e+00 , 2.094395e+00 , 2.094395e+00 , 2.094395e+00 , 2.094395e+00 , 2.094395e+00 , 2.094395e+00 , 2.094395e+00 , 2.094395e+00 , 2.094395e+00 , 2.094395e+00 , 2.094395e+00 , 2.094395e+00 , 2.094395e+00 , 2.094395e+00 , 2.094395e+00 , 2.094395e+00 , 2.094395e+00 , 2.094395e+00 , 2.094395e+00 , 2.094395e+00 , 2.094395e+00 , 2.094395e+00 , 2.094395e+00 , 2.094395e+00 , 2.094395e+00 , 2.094395e+00 , 2.094395e+00 , 2.094395e+00 , 2.094395e+00 , 2.094395e+00 ,]
angleAzimuth_array = [6.981317e-01 , 6.981317e-01 , 6.981317e-01 , 6.981317e-01 , 6.981317e-01 , 6.981317e-01 , 6.981317e-01 , 6.981317e-01 , 6.981317e-01 , 6.981317e-01 , 6.981317e-01 , 6.981317e-01 , 6.981317e-01 , 6.981317e-01 , 6.981317e-01 , 6.981317e-01 , 6.981317e-01 , 6.981317e-01 , 6.981317e-01 , 6.981317e-01 , 6.981317e-01 , 6.981317e-01 , 6.981317e-01 , 6.981317e-01 , 6.981317e-01 , 6.981317e-01 , 6.981317e-01 , 6.981317e-01 , 6.981317e-01 , 6.981317e-01 , 6.981317e-01 , 6.981317e-01 , 6.981317e-01 , 6.981317e-01 , 6.981317e-01 , 6.981317e-01 , 6.981317e-01 , 6.981317e-01 , 6.981317e-01 , 6.981317e-01 , 6.981317e-01 , 6.981317e-01 , 6.981317e-01 , 6.981317e-01 , 6.981317e-01 , 6.981317e-01 , 6.981317e-01 , 6.981317e-01 , 6.981317e-01 , 6.981317e-01 ,]
