% ground truth for sim_inc180_az280.tif
% settings
number_of_spots = 50
pixel_size_nm = 51.200
image_size_nm = 14142.136
image_size_px = 275
wavelength = 500
par.objectiveNA = 2.17
objectiveFocalLength = 770
par.refractiveIndices = [1.310000e+00 , 2.170000e+00 , 2.170000e+00 ,]
par.nDiscretizationBFP = 129
par.backgroundNoise = 0.020
par.nPhotons = 500
positionX_nm_array = [-2.604827e+03 ,  1.079073e+02 ,  1.672294e+03 , -1.308808e+03 , -2.743791e+03 , -4.113235e+03 ,  3.595596e+03 ,  4.578373e+02 , -8.747364e+02 , -2.218330e+03 , -4.856112e+03 , -1.315631e+03 ,  2.964180e+03 ,  1.357665e+03 ,  5.309698e+02 ,  3.662089e+03 ,  1.635981e+03 ,  3.784796e+03 ,  2.243817e+02 ,  6.369084e+01 , -2.896364e+03 , -1.730222e+03 , -4.097768e+02 , -4.019532e+03 ,  4.580887e+03 ,  2.321748e+03 ,  4.059087e+03 ,  2.836421e+03 ,  4.052551e+03 , -4.853927e+03 , -3.347541e+03 , -3.773605e+03 ,  3.981318e+02 ,  3.361708e+03 ,  1.390170e+03 ,  1.756514e+03 ,  3.497086e+03 , -4.198365e+03 ,  2.838024e+03 ,  3.310296e+02 , -2.136345e+03 , -2.197713e+03 ,  2.261979e+03 , -4.584835e+03 ,  2.475994e+03 , -1.884654e+03 , -3.048725e+03 ,  3.186274e+03 , -2.795694e+03 ,  4.211355e+03 ,]
positionY_nm_array = [1.658574e+03 ,  4.868489e+03 ,  3.093532e+03 ,  1.719910e+03 ,  3.766854e+03 ,  8.586517e+01 ,  3.646182e+03 , -2.775652e+03 , -1.677506e+03 , -6.761438e+02 , -1.657183e+03 ,  1.250547e+02 ,  1.286463e+03 , -4.938921e+03 , -3.841718e+01 , -1.357997e+03 ,  1.207859e+03 , -4.777742e+03 ,  3.552982e+03 ,  1.682622e+03 , -1.433951e+03 ,  4.586318e+03 , -3.726983e+03 ,  2.255634e+03 , -2.306587e+03 , -7.727834e+02 ,  4.574596e+03 ,  4.541231e+03 ,  1.722275e+03 , -4.014338e+03 , -2.426635e+03 ,  4.427307e+03 , -4.628778e+03 , -3.041020e+03 ,  4.421917e+03 ,  1.407171e+02 ,  3.325491e+02 , -4.908152e+03 , -4.300599e+03 , -1.562511e+03 , -4.106426e+03 , -2.665803e+03 , -3.475897e+03 ,  1.397686e+03 , -1.799441e+03 ,  2.626246e+03 , -4.918493e+03 ,  2.506155e+03 ,  4.141634e+02 ,  2.852618e+03 ,]
angleInclination_array = [3.141593e+00 , 3.141593e+00 , 3.141593e+00 , 3.141593e+00 , 3.141593e+00 , 3.141593e+00 , 3.141593e+00 , 3.141593e+00 , 3.141593e+00 , 3.141593e+00 , 3.141593e+00 , 3.141593e+00 , 3.141593e+00 , 3.141593e+00 , 3.141593e+00 , 3.141593e+00 , 3.141593e+00 , 3.141593e+00 , 3.141593e+00 , 3.141593e+00 , 3.141593e+00 , 3.141593e+00 , 3.141593e+00 , 3.141593e+00 , 3.141593e+00 , 3.141593e+00 , 3.141593e+00 , 3.141593e+00 , 3.141593e+00 , 3.141593e+00 , 3.141593e+00 , 3.141593e+00 , 3.141593e+00 , 3.141593e+00 , 3.141593e+00 , 3.141593e+00 , 3.141593e+00 , 3.141593e+00 , 3.141593e+00 , 3.141593e+00 , 3.141593e+00 , 3.141593e+00 , 3.141593e+00 , 3.141593e+00 , 3.141593e+00 , 3.141593e+00 , 3.141593e+00 , 3.141593e+00 , 3.141593e+00 , 3.141593e+00 ,]
angleAzimuth_array = [4.886922e+00 , 4.886922e+00 , 4.886922e+00 , 4.886922e+00 , 4.886922e+00 , 4.886922e+00 , 4.886922e+00 , 4.886922e+00 , 4.886922e+00 , 4.886922e+00 , 4.886922e+00 , 4.886922e+00 , 4.886922e+00 , 4.886922e+00 , 4.886922e+00 , 4.886922e+00 , 4.886922e+00 , 4.886922e+00 , 4.886922e+00 , 4.886922e+00 , 4.886922e+00 , 4.886922e+00 , 4.886922e+00 , 4.886922e+00 , 4.886922e+00 , 4.886922e+00 , 4.886922e+00 , 4.886922e+00 , 4.886922e+00 , 4.886922e+00 , 4.886922e+00 , 4.886922e+00 , 4.886922e+00 , 4.886922e+00 , 4.886922e+00 , 4.886922e+00 , 4.886922e+00 , 4.886922e+00 , 4.886922e+00 , 4.886922e+00 , 4.886922e+00 , 4.886922e+00 , 4.886922e+00 , 4.886922e+00 , 4.886922e+00 , 4.886922e+00 , 4.886922e+00 , 4.886922e+00 , 4.886922e+00 , 4.886922e+00 ,]
