% ground truth for sim_inc50_az320.tif
% settings
number_of_spots = 50
pixel_size_nm = 51.200
image_size_nm = 14142.136
image_size_px = 275
wavelength = 500
par.objectiveNA = 2.17
objectiveFocalLength = 770
par.refractiveIndices = [1.310000e+00 , 2.170000e+00 , 2.170000e+00 ,]
par.nDiscretizationBFP = 129
par.backgroundNoise = 0.020
par.nPhotons = 500
positionX_nm_array = [-1.262560e+03 , -3.107688e+03 , -1.419143e+03 ,  4.509134e+03 ,  6.614937e+02 , -1.189717e+03 , -4.614372e+03 , -3.036125e+03 ,  4.827069e+03 ,  2.391915e+03 , -3.094527e+03 ,  1.928088e+03 ,  3.496148e+03 ,  2.453806e+03 , -4.493784e+03 , -2.910128e+03 , -4.169787e+03 , -1.626156e+02 , -2.097219e+01 , -1.890290e+03 ,  3.630566e+03 ,  3.677345e+03 , -2.837415e+03 ,  4.538147e+03 , -4.370666e+03 ,  1.641624e+03 , -4.408232e+03 , -3.220870e+03 , -6.778386e+02 , -1.015346e+03 ,  2.016841e+03 ,  1.622968e+03 ,  2.098306e+03 , -7.640615e+00 ,  2.775029e+03 , -4.813743e+03 , -2.021007e+03 , -5.264679e+02 ,  4.270245e+02 , -2.157791e+03 ,  3.748763e+02 ,  3.800274e+03 ,  2.484233e+03 , -2.378006e+03 ,  8.754418e+02 ,  1.199954e+03 , -2.485132e+02 ,  2.872578e+03 ,  4.750299e+03 , -3.733969e+03 ,]
positionY_nm_array = [-4.388576e+03 ,  1.063957e+03 ,  3.141393e+03 , -3.897013e+02 ,  1.408283e+03 , -3.465027e+02 , -4.161909e+03 , -4.807003e+03 ,  1.104593e+03 , -1.588143e+03 , -1.590673e+02 ,  1.074339e+03 ,  2.310164e+03 ,  3.405853e+03 , -1.031843e+03 ,  3.215679e+03 ,  6.341433e+02 , -4.356401e+02 , -3.435959e+03 ,  1.575502e+03 ,  3.339949e+02 , -3.620575e+03 ,  2.164861e+03 ,  3.920645e+03 ,  1.786532e+03 , -2.256676e+03 ,  3.225830e+03 , -1.934398e+03 ,  8.022118e+02 , -2.864160e+03 , -4.777156e+03 ,  2.058793e+03 ,  2.167018e+01 ,  4.619096e+03 ,  4.762711e+03 ,  4.738167e+03 , -1.700282e+03 ,  2.075216e+03 , -1.674569e+03 , -3.772064e+03 , -4.798463e+03 , -4.681009e+03 , -3.000823e+03 ,  4.314320e+03 ,  3.109097e+03 , -1.018909e+03 ,  3.453238e+03 , -6.361804e+02 , -2.337189e+03 ,  4.418845e+03 ,]
angleInclination_array = [8.726646e-01 , 8.726646e-01 , 8.726646e-01 , 8.726646e-01 , 8.726646e-01 , 8.726646e-01 , 8.726646e-01 , 8.726646e-01 , 8.726646e-01 , 8.726646e-01 , 8.726646e-01 , 8.726646e-01 , 8.726646e-01 , 8.726646e-01 , 8.726646e-01 , 8.726646e-01 , 8.726646e-01 , 8.726646e-01 , 8.726646e-01 , 8.726646e-01 , 8.726646e-01 , 8.726646e-01 , 8.726646e-01 , 8.726646e-01 , 8.726646e-01 , 8.726646e-01 , 8.726646e-01 , 8.726646e-01 , 8.726646e-01 , 8.726646e-01 , 8.726646e-01 , 8.726646e-01 , 8.726646e-01 , 8.726646e-01 , 8.726646e-01 , 8.726646e-01 , 8.726646e-01 , 8.726646e-01 , 8.726646e-01 , 8.726646e-01 , 8.726646e-01 , 8.726646e-01 , 8.726646e-01 , 8.726646e-01 , 8.726646e-01 , 8.726646e-01 , 8.726646e-01 , 8.726646e-01 , 8.726646e-01 , 8.726646e-01 ,]
angleAzimuth_array = [5.585054e+00 , 5.585054e+00 , 5.585054e+00 , 5.585054e+00 , 5.585054e+00 , 5.585054e+00 , 5.585054e+00 , 5.585054e+00 , 5.585054e+00 , 5.585054e+00 , 5.585054e+00 , 5.585054e+00 , 5.585054e+00 , 5.585054e+00 , 5.585054e+00 , 5.585054e+00 , 5.585054e+00 , 5.585054e+00 , 5.585054e+00 , 5.585054e+00 , 5.585054e+00 , 5.585054e+00 , 5.585054e+00 , 5.585054e+00 , 5.585054e+00 , 5.585054e+00 , 5.585054e+00 , 5.585054e+00 , 5.585054e+00 , 5.585054e+00 , 5.585054e+00 , 5.585054e+00 , 5.585054e+00 , 5.585054e+00 , 5.585054e+00 , 5.585054e+00 , 5.585054e+00 , 5.585054e+00 , 5.585054e+00 , 5.585054e+00 , 5.585054e+00 , 5.585054e+00 , 5.585054e+00 , 5.585054e+00 , 5.585054e+00 , 5.585054e+00 , 5.585054e+00 , 5.585054e+00 , 5.585054e+00 , 5.585054e+00 ,]
