% ground truth for sim_inc10_az60.tif
% settings
number_of_spots = 50
pixel_size_nm = 51.200
image_size_nm = 14142.136
image_size_px = 275
wavelength = 500
par.objectiveNA = 2.17
objectiveFocalLength = 770
par.refractiveIndices = [1.310000e+00 , 2.170000e+00 , 2.170000e+00 ,]
par.nDiscretizationBFP = 129
par.backgroundNoise = 0.020
par.nPhotons = 500
positionX_nm_array = [3.022817e+03 ,  1.824555e+03 ,  4.485958e+03 , -3.688889e+03 , -1.974064e+03 ,  3.500812e+02 , -1.679736e+03 ,  4.359464e+02 ,  1.427223e+03 ,  3.488789e+03 , -3.450663e+03 ,  1.819480e+03 ,  1.615662e+03 ,  1.204695e+03 , -3.580884e+03 ,  2.262807e+03 , -9.870377e+02 , -1.142965e+03 , -3.744624e+03 ,  4.622085e+03 ,  7.137865e+02 , -1.767201e+03 ,  4.341697e+03 , -4.637900e+03 , -3.960684e+03 , -4.803434e+03 ,  4.539346e+03 , -2.389823e+03 , -2.635319e+03 ,  1.780272e+03 ,  3.026150e+03 , -1.046452e+03 , -3.787073e+03 ,  2.782684e+03 , -2.184854e+03 , -4.914378e+03 , -8.443460e+02 , -3.088708e+03 ,  4.849451e+03 ,  2.857657e+03 ,  3.851866e+03 , -6.558681e+02 , -3.549166e+03 , -3.765104e+01 ,  3.761106e+03 , -4.646478e+03 , -2.287260e+02 , -4.859037e+03 ,  8.110903e+02 ,  4.292965e+03 ,]
positionY_nm_array = [-1.480078e+03 ,  4.304515e+03 ,  4.923490e+03 , -4.791137e+03 ,  4.017434e+02 , -4.304920e+03 ,  4.269403e+03 ,  2.145756e+03 , -4.925462e+03 ,  2.435054e+03 ,  4.000357e+03 , -2.687137e+03 ,  1.994976e+03 , -1.351687e+03 , -1.710969e+03 ,  9.804557e+01 ,  2.420229e+03 , -8.713428e+02 ,  1.715414e+03 ,  1.169175e+03 ,  1.322456e+02 , -2.523065e+03 , -4.164342e+03 , -1.271187e+03 ,  6.788864e+02 ,  4.572173e+03 ,  3.080128e+03 , -4.667757e+03 , -1.070439e+03 ,  3.224004e+03 ,  1.430305e+03 , -4.757490e+03 , -6.680803e+02 , -3.939682e+03 ,  2.179577e+03 ,  2.410620e+03 , -3.066079e+03 , -2.729763e+03 , -1.971484e+01 ,  4.267589e+03 , -2.883256e+03 ,  3.870571e+03 , -3.643806e+03 ,  1.219944e+03 , -2.219007e+02 , -4.149798e+03 , -1.610956e+03 ,  3.445145e+03 ,  4.027652e+03 , -1.683141e+03 ,]
angleInclination_array = [1.745329e-01 , 1.745329e-01 , 1.745329e-01 , 1.745329e-01 , 1.745329e-01 , 1.745329e-01 , 1.745329e-01 , 1.745329e-01 , 1.745329e-01 , 1.745329e-01 , 1.745329e-01 , 1.745329e-01 , 1.745329e-01 , 1.745329e-01 , 1.745329e-01 , 1.745329e-01 , 1.745329e-01 , 1.745329e-01 , 1.745329e-01 , 1.745329e-01 , 1.745329e-01 , 1.745329e-01 , 1.745329e-01 , 1.745329e-01 , 1.745329e-01 , 1.745329e-01 , 1.745329e-01 , 1.745329e-01 , 1.745329e-01 , 1.745329e-01 , 1.745329e-01 , 1.745329e-01 , 1.745329e-01 , 1.745329e-01 , 1.745329e-01 , 1.745329e-01 , 1.745329e-01 , 1.745329e-01 , 1.745329e-01 , 1.745329e-01 , 1.745329e-01 , 1.745329e-01 , 1.745329e-01 , 1.745329e-01 , 1.745329e-01 , 1.745329e-01 , 1.745329e-01 , 1.745329e-01 , 1.745329e-01 , 1.745329e-01 ,]
angleAzimuth_array = [1.047198e+00 , 1.047198e+00 , 1.047198e+00 , 1.047198e+00 , 1.047198e+00 , 1.047198e+00 , 1.047198e+00 , 1.047198e+00 , 1.047198e+00 , 1.047198e+00 , 1.047198e+00 , 1.047198e+00 , 1.047198e+00 , 1.047198e+00 , 1.047198e+00 , 1.047198e+00 , 1.047198e+00 , 1.047198e+00 , 1.047198e+00 , 1.047198e+00 , 1.047198e+00 , 1.047198e+00 , 1.047198e+00 , 1.047198e+00 , 1.047198e+00 , 1.047198e+00 , 1.047198e+00 , 1.047198e+00 , 1.047198e+00 , 1.047198e+00 , 1.047198e+00 , 1.047198e+00 , 1.047198e+00 , 1.047198e+00 , 1.047198e+00 , 1.047198e+00 , 1.047198e+00 , 1.047198e+00 , 1.047198e+00 , 1.047198e+00 , 1.047198e+00 , 1.047198e+00 , 1.047198e+00 , 1.047198e+00 , 1.047198e+00 , 1.047198e+00 , 1.047198e+00 , 1.047198e+00 , 1.047198e+00 , 1.047198e+00 ,]
