% ground truth for sim_inc70_az160.tif
% settings
number_of_spots = 50
pixel_size_nm = 51.200
image_size_nm = 14142.136
image_size_px = 275
wavelength = 500
par.objectiveNA = 2.17
objectiveFocalLength = 770
par.refractiveIndices = [1.310000e+00 , 2.170000e+00 , 2.170000e+00 ,]
par.nDiscretizationBFP = 129
par.backgroundNoise = 0.020
par.nPhotons = 500
positionX_nm_array = [2.772337e+02 ,  4.114490e+03 , -2.388696e+02 ,  2.044783e+03 , -1.689477e+03 , -3.743557e+03 ,  4.455446e+03 , -3.232735e+03 , -3.810018e+03 , -3.022020e+03 , -9.050944e+02 , -3.164497e+02 ,  8.331090e+02 ,  2.081089e+03 , -2.683522e+03 , -2.389718e+03 , -4.888788e+03 ,  1.361290e+03 , -3.054814e+03 ,  1.855792e+03 , -5.768239e+02 , -2.354029e+03 ,  5.672969e+02 ,  9.687146e+02 ,  1.949465e+03 ,  2.926257e+03 ,  1.602788e+03 ,  3.209571e+03 , -8.993680e+02 ,  1.390327e+03 , -4.344785e+03 ,  2.922768e+03 ,  4.921582e+03 , -1.373753e+03 ,  3.059323e+03 ,  4.290002e+03 ,  2.783585e+03 ,  3.321890e+03 ,  3.524157e+03 , -1.972968e+03 ,  4.548011e+03 , -4.452661e+03 , -4.431409e+03 , -8.479673e+02 ,  4.454129e+03 , -1.637998e+03 , -8.416839e+02 ,  2.888349e+02 , -3.497696e+03 , -4.592531e+02 ,]
positionY_nm_array = [1.868350e+03 , -1.173364e+03 , -3.345004e+03 , -3.503590e+03 ,  3.549302e+03 , -1.486950e+03 ,  3.080181e+03 ,  2.708540e+03 ,  3.796134e+03 ,  4.800501e+03 ,  4.021072e+02 ,  3.645275e+03 , -6.791978e+02 ,  2.565006e+03 , -3.111160e+03 ,  1.758347e+03 , -9.500095e+02 ,  1.134834e+03 , -4.561184e+03 , -1.519849e+03 ,  4.717138e+03 , -2.248066e+02 ,  4.692265e+03 , -4.442964e+03 , -4.933169e+02 , -1.015931e+03 ,  3.835789e+03 ,  3.891401e+02 ,  2.502057e+03 , -2.669765e+03 , -2.401432e+03 ,  3.208541e+03 ,  1.812284e+02 , -3.993344e+03 ,  4.547856e+03 ,  4.468653e+03 , -4.366562e+03 ,  2.152231e+03 , -2.724074e+03 ,  4.633165e+03 , -4.472309e+03 ,  1.521464e+03 , -4.194492e+03 , -1.387038e+03 ,  1.851092e+03 , -2.450836e+03 ,  1.446593e+03 ,  7.928564e+02 ,  7.731728e+02 , -4.685930e+03 ,]
angleInclination_array = [1.221730e+00 , 1.221730e+00 , 1.221730e+00 , 1.221730e+00 , 1.221730e+00 , 1.221730e+00 , 1.221730e+00 , 1.221730e+00 , 1.221730e+00 , 1.221730e+00 , 1.221730e+00 , 1.221730e+00 , 1.221730e+00 , 1.221730e+00 , 1.221730e+00 , 1.221730e+00 , 1.221730e+00 , 1.221730e+00 , 1.221730e+00 , 1.221730e+00 , 1.221730e+00 , 1.221730e+00 , 1.221730e+00 , 1.221730e+00 , 1.221730e+00 , 1.221730e+00 , 1.221730e+00 , 1.221730e+00 , 1.221730e+00 , 1.221730e+00 , 1.221730e+00 , 1.221730e+00 , 1.221730e+00 , 1.221730e+00 , 1.221730e+00 , 1.221730e+00 , 1.221730e+00 , 1.221730e+00 , 1.221730e+00 , 1.221730e+00 , 1.221730e+00 , 1.221730e+00 , 1.221730e+00 , 1.221730e+00 , 1.221730e+00 , 1.221730e+00 , 1.221730e+00 , 1.221730e+00 , 1.221730e+00 , 1.221730e+00 ,]
angleAzimuth_array = [2.792527e+00 , 2.792527e+00 , 2.792527e+00 , 2.792527e+00 , 2.792527e+00 , 2.792527e+00 , 2.792527e+00 , 2.792527e+00 , 2.792527e+00 , 2.792527e+00 , 2.792527e+00 , 2.792527e+00 , 2.792527e+00 , 2.792527e+00 , 2.792527e+00 , 2.792527e+00 , 2.792527e+00 , 2.792527e+00 , 2.792527e+00 , 2.792527e+00 , 2.792527e+00 , 2.792527e+00 , 2.792527e+00 , 2.792527e+00 , 2.792527e+00 , 2.792527e+00 , 2.792527e+00 , 2.792527e+00 , 2.792527e+00 , 2.792527e+00 , 2.792527e+00 , 2.792527e+00 , 2.792527e+00 , 2.792527e+00 , 2.792527e+00 , 2.792527e+00 , 2.792527e+00 , 2.792527e+00 , 2.792527e+00 , 2.792527e+00 , 2.792527e+00 , 2.792527e+00 , 2.792527e+00 , 2.792527e+00 , 2.792527e+00 , 2.792527e+00 , 2.792527e+00 , 2.792527e+00 , 2.792527e+00 , 2.792527e+00 ,]
