% ground truth for sim_inc150_az100.tif
% settings
number_of_spots = 50
pixel_size_nm = 51.200
image_size_nm = 14142.136
image_size_px = 275
wavelength = 500
par.objectiveNA = 2.17
objectiveFocalLength = 770
par.refractiveIndices = [1.310000e+00 , 2.170000e+00 , 2.170000e+00 ,]
par.nDiscretizationBFP = 129
par.backgroundNoise = 0.020
par.nPhotons = 500
positionX_nm_array = [3.693816e+03 , -3.380917e+03 , -2.253483e+03 ,  5.093233e+02 ,  1.819534e+03 ,  4.760013e+03 , -1.146733e+03 , -3.951915e+03 ,  4.387958e+03 ,  1.889543e+03 ,  3.002040e+02 ,  2.734247e+03 , -3.597249e+03 , -2.175894e+03 ,  1.519274e+03 , -6.242065e+01 , -3.797120e+03 ,  2.614497e+03 ,  5.380252e+02 , -2.228940e+03 ,  3.021237e+03 , -1.439449e+03 , -2.549794e+03 ,  2.842975e+03 , -4.560073e+03 , -5.843029e+02 ,  2.733468e+03 ,  3.818391e+03 , -1.188290e+01 , -2.841652e+03 , -1.753385e+03 , -5.027531e+02 ,  2.803010e+03 ,  2.282416e+03 ,  4.114825e+03 , -4.761877e+03 , -4.912117e+03 , -4.214298e+03 , -7.723307e+02 ,  4.170027e+03 , -3.336468e+03 ,  4.314537e+03 , -1.070643e+03 ,  1.286526e+03 , -3.410657e+03 , -1.275898e+03 ,  3.610699e+03 ,  1.068881e+03 ,  2.811399e+03 ,  7.059851e+02 ,]
positionY_nm_array = [-1.001066e+03 ,  3.509249e+03 ,  2.416952e+03 , -2.619777e+02 ,  5.239108e+02 ,  3.653883e+03 ,  2.420755e+02 ,  4.929141e+03 , -3.694276e+03 , -2.495298e+03 ,  1.439068e+03 ,  4.759896e+03 , -2.911462e+03 ,  2.275494e+02 ,  4.808587e+03 ,  3.880977e+03 , -1.452185e+03 ,  3.467929e+03 , -4.084330e+03 ,  4.748057e+03 , -4.106686e+03 ,  3.436697e+03 , -1.135484e+03 , -3.119418e+03 ,  3.759561e+03 ,  2.488869e+03 , -1.859781e+03 ,  1.973465e+03 , -2.163790e+03 ,  1.106514e+03 , -2.560078e+03 , -4.731552e+03 ,  1.727349e+03 , -4.075981e+02 ,  7.732602e+02 , -3.794465e+03 ,  1.859536e+03 ,  4.781732e+01 ,  1.205126e+03 , -2.305338e+03 , -4.619540e+03 ,  4.881701e+03 , -1.294040e+03 ,  1.678536e+03 ,  2.431690e+03 , -3.675491e+03 ,  2.977721e+03 , -1.914738e+03 ,  7.016255e+02 , -3.086779e+03 ,]
angleInclination_array = [2.617994e+00 , 2.617994e+00 , 2.617994e+00 , 2.617994e+00 , 2.617994e+00 , 2.617994e+00 , 2.617994e+00 , 2.617994e+00 , 2.617994e+00 , 2.617994e+00 , 2.617994e+00 , 2.617994e+00 , 2.617994e+00 , 2.617994e+00 , 2.617994e+00 , 2.617994e+00 , 2.617994e+00 , 2.617994e+00 , 2.617994e+00 , 2.617994e+00 , 2.617994e+00 , 2.617994e+00 , 2.617994e+00 , 2.617994e+00 , 2.617994e+00 , 2.617994e+00 , 2.617994e+00 , 2.617994e+00 , 2.617994e+00 , 2.617994e+00 , 2.617994e+00 , 2.617994e+00 , 2.617994e+00 , 2.617994e+00 , 2.617994e+00 , 2.617994e+00 , 2.617994e+00 , 2.617994e+00 , 2.617994e+00 , 2.617994e+00 , 2.617994e+00 , 2.617994e+00 , 2.617994e+00 , 2.617994e+00 , 2.617994e+00 , 2.617994e+00 , 2.617994e+00 , 2.617994e+00 , 2.617994e+00 , 2.617994e+00 ,]
angleAzimuth_array = [1.745329e+00 , 1.745329e+00 , 1.745329e+00 , 1.745329e+00 , 1.745329e+00 , 1.745329e+00 , 1.745329e+00 , 1.745329e+00 , 1.745329e+00 , 1.745329e+00 , 1.745329e+00 , 1.745329e+00 , 1.745329e+00 , 1.745329e+00 , 1.745329e+00 , 1.745329e+00 , 1.745329e+00 , 1.745329e+00 , 1.745329e+00 , 1.745329e+00 , 1.745329e+00 , 1.745329e+00 , 1.745329e+00 , 1.745329e+00 , 1.745329e+00 , 1.745329e+00 , 1.745329e+00 , 1.745329e+00 , 1.745329e+00 , 1.745329e+00 , 1.745329e+00 , 1.745329e+00 , 1.745329e+00 , 1.745329e+00 , 1.745329e+00 , 1.745329e+00 , 1.745329e+00 , 1.745329e+00 , 1.745329e+00 , 1.745329e+00 , 1.745329e+00 , 1.745329e+00 , 1.745329e+00 , 1.745329e+00 , 1.745329e+00 , 1.745329e+00 , 1.745329e+00 , 1.745329e+00 , 1.745329e+00 , 1.745329e+00 ,]
