% ground truth for sim_inc20_az0.tif
% settings
number_of_spots = 50
pixel_size_nm = 51.200
image_size_nm = 14142.136
image_size_px = 275
wavelength = 500
par.objectiveNA = 2.17
objectiveFocalLength = 770
par.refractiveIndices = [1.310000e+00 , 2.170000e+00 , 2.170000e+00 ,]
par.nDiscretizationBFP = 129
par.backgroundNoise = 0.020
par.nPhotons = 500
positionX_nm_array = [-1.439814e+03 ,  2.964251e+02 , -4.947317e+03 ,  3.733138e+02 ,  1.945195e+03 ,  1.165178e+03 ,  1.531873e+03 ,  4.387312e+03 , -3.591576e+03 , -2.931354e+03 ,  4.828083e+03 ,  3.941219e+03 , -1.083574e+03 , -4.455246e+03 ,  1.016279e+03 , -3.049359e+03 ,  4.750429e+03 , -1.829135e+03 ,  2.347755e+03 ,  3.013044e+03 , -4.170705e+03 ,  4.128931e+03 , -3.334338e+03 , -3.474150e+03 ,  3.177994e+03 ,  2.895950e+03 , -3.666018e+03 , -4.280487e+03 ,  4.375735e+03 , -1.288220e+03 , -5.205071e+02 , -2.195512e+03 ,  1.413327e+02 , -1.633432e+03 , -4.633722e+03 ,  1.475762e+03 ,  3.631385e+03 ,  3.931549e+03 ,  2.508269e+03 ,  1.036319e+03 , -1.267701e+03 , -1.656322e+02 , -4.828959e+03 , -6.483005e+01 , -1.584530e+03 ,  1.087553e+03 , -3.960595e+03 ,  2.167638e+03 , -2.649930e+03 , -2.957061e+03 ,]
positionY_nm_array = [1.287502e+03 , -3.515653e+02 ,  1.895577e+02 ,  1.095113e+03 , -1.240657e+03 , -4.837066e+03 , -2.570756e+03 , -1.333636e+03 ,  3.349501e+03 ,  6.993010e+00 , -4.896839e+03 , -2.864776e+02 ,  2.499519e+03 , -3.073840e+03 ,  3.709791e+03 ,  1.730824e+03 , -3.289618e+03 , -3.746683e+03 ,  1.338577e+03 ,  2.423159e+03 , -4.574126e+03 ,  4.540382e+03 , -3.338651e+03 ,  4.583264e+03 , -1.119103e+03 , -2.955092e+03 , -1.484703e+03 ,  1.434308e+03 ,  2.910455e+03 , -1.310065e+03 , -2.935514e+03 ,  3.513952e+03 ,  3.016677e+03 , -4.753407e+03 , -1.962700e+03 ,  4.938403e+03 , -4.472881e+03 ,  1.087590e+03 ,  3.979566e+03 , -3.485518e+03 ,  4.110716e+03 , -4.481179e+03 ,  2.559694e+03 ,  4.264459e+03 , -2.573578e+02 ,  2.643154e+03 ,  3.889555e+02 , -4.643138e+03 , -2.153144e+03 , -4.586985e+03 ,]
angleInclination_array = [3.490659e-01 , 3.490659e-01 , 3.490659e-01 , 3.490659e-01 , 3.490659e-01 , 3.490659e-01 , 3.490659e-01 , 3.490659e-01 , 3.490659e-01 , 3.490659e-01 , 3.490659e-01 , 3.490659e-01 , 3.490659e-01 , 3.490659e-01 , 3.490659e-01 , 3.490659e-01 , 3.490659e-01 , 3.490659e-01 , 3.490659e-01 , 3.490659e-01 , 3.490659e-01 , 3.490659e-01 , 3.490659e-01 , 3.490659e-01 , 3.490659e-01 , 3.490659e-01 , 3.490659e-01 , 3.490659e-01 , 3.490659e-01 , 3.490659e-01 , 3.490659e-01 , 3.490659e-01 , 3.490659e-01 , 3.490659e-01 , 3.490659e-01 , 3.490659e-01 , 3.490659e-01 , 3.490659e-01 , 3.490659e-01 , 3.490659e-01 , 3.490659e-01 , 3.490659e-01 , 3.490659e-01 , 3.490659e-01 , 3.490659e-01 , 3.490659e-01 , 3.490659e-01 , 3.490659e-01 , 3.490659e-01 , 3.490659e-01 ,]
angleAzimuth_array = [0 , 0 , 0 , 0 , 0 , 0 , 0 , 0 , 0 , 0 , 0 , 0 , 0 , 0 , 0 , 0 , 0 , 0 , 0 , 0 , 0 , 0 , 0 , 0 , 0 , 0 , 0 , 0 , 0 , 0 , 0 , 0 , 0 , 0 , 0 , 0 , 0 , 0 , 0 , 0 , 0 , 0 , 0 , 0 , 0 , 0 , 0 , 0 , 0 , 0 ,]
