% ground truth for sim_inc150_az320.tif
% settings
number_of_spots = 50
pixel_size_nm = 51.200
image_size_nm = 14142.136
image_size_px = 275
wavelength = 500
par.objectiveNA = 2.17
objectiveFocalLength = 770
par.refractiveIndices = [1.310000e+00 , 2.170000e+00 , 2.170000e+00 ,]
par.nDiscretizationBFP = 129
par.backgroundNoise = 0.020
par.nPhotons = 500
positionX_nm_array = [4.391537e+03 ,  1.670180e+02 , -4.309632e+03 ,  2.137152e+03 , -2.213765e+03 ,  2.114248e+02 ,  3.861107e+03 ,  2.461546e+03 , -1.378162e+02 , -3.058554e+02 , -2.877862e+03 , -4.733797e+03 ,  3.099274e+03 , -3.847806e+03 ,  1.184887e+03 , -4.218938e+02 ,  1.921746e+03 ,  1.235432e+03 ,  2.749466e+03 , -1.444123e+03 ,  1.938867e+02 , -3.890274e+03 ,  2.035176e+03 , -3.359428e+03 , -2.381038e+03 ,  3.139433e+03 , -4.738153e+03 , -1.967706e+03 ,  3.827085e+03 ,  4.208702e+03 , -2.884715e+03 ,  2.168967e+03 , -1.047935e+03 , -1.884879e+03 , -2.422702e+03 , -4.405871e+03 ,  4.925168e+03 ,  3.991809e+03 ,  4.745221e+03 , -3.024262e+03 , -2.694098e+03 ,  3.345760e+03 ,  1.213028e+03 , -1.430547e+03 ,  4.877145e+03 ,  3.209022e+03 , -3.287882e+03 ,  7.293925e+02 ,  4.656626e+03 , -8.566577e-02 ,]
positionY_nm_array = [-1.897403e+03 ,  2.544440e+03 ,  9.674032e+02 , -1.239657e+03 , -2.875877e+03 ,  3.829748e+03 ,  2.536170e+03 ,  3.884716e+03 , -7.040134e+01 , -2.589047e+03 , -1.502431e+03 , -1.860142e+03 , -8.046302e+02 , -3.523259e+03 ,  2.144863e+03 , -1.344186e+03 ,  1.417967e+03 ,  5.534997e+02 , -2.826520e+03 , -3.640919e+03 , -4.422266e+03 ,  4.711916e+03 , -4.802131e+01 , -4.500692e+03 , -4.755019e+03 ,  1.333153e+03 , -4.127872e+03 , -3.174191e+02 , -3.784831e+03 , -4.848949e+03 ,  3.974266e+03 , -4.145575e+03 ,  1.601383e+03 ,  3.941283e+03 ,  7.941146e+02 ,  3.177754e+03 ,  3.875391e+03 ,  4.526171e+01 , -8.259578e+02 , -3.052994e+02 ,  2.364966e+03 ,  4.674494e+03 , -2.524451e+03 ,  4.847820e+03 ,  7.394288e+02 , -4.823041e+03 , -2.455693e+03 , -8.812008e+02 ,  1.740008e+03 ,  1.138003e+03 ,]
angleInclination_array = [2.617994e+00 , 2.617994e+00 , 2.617994e+00 , 2.617994e+00 , 2.617994e+00 , 2.617994e+00 , 2.617994e+00 , 2.617994e+00 , 2.617994e+00 , 2.617994e+00 , 2.617994e+00 , 2.617994e+00 , 2.617994e+00 , 2.617994e+00 , 2.617994e+00 , 2.617994e+00 , 2.617994e+00 , 2.617994e+00 , 2.617994e+00 , 2.617994e+00 , 2.617994e+00 , 2.617994e+00 , 2.617994e+00 , 2.617994e+00 , 2.617994e+00 , 2.617994e+00 , 2.617994e+00 , 2.617994e+00 , 2.617994e+00 , 2.617994e+00 , 2.617994e+00 , 2.617994e+00 , 2.617994e+00 , 2.617994e+00 , 2.617994e+00 , 2.617994e+00 , 2.617994e+00 , 2.617994e+00 , 2.617994e+00 , 2.617994e+00 , 2.617994e+00 , 2.617994e+00 , 2.617994e+00 , 2.617994e+00 , 2.617994e+00 , 2.617994e+00 , 2.617994e+00 , 2.617994e+00 , 2.617994e+00 , 2.617994e+00 ,]
angleAzimuth_array = [5.585054e+00 , 5.585054e+00 , 5.585054e+00 , 5.585054e+00 , 5.585054e+00 , 5.585054e+00 , 5.585054e+00 , 5.585054e+00 , 5.585054e+00 , 5.585054e+00 , 5.585054e+00 , 5.585054e+00 , 5.585054e+00 , 5.585054e+00 , 5.585054e+00 , 5.585054e+00 , 5.585054e+00 , 5.585054e+00 , 5.585054e+00 , 5.585054e+00 , 5.585054e+00 , 5.585054e+00 , 5.585054e+00 , 5.585054e+00 , 5.585054e+00 , 5.585054e+00 , 5.585054e+00 , 5.585054e+00 , 5.585054e+00 , 5.585054e+00 , 5.585054e+00 , 5.585054e+00 , 5.585054e+00 , 5.585054e+00 , 5.585054e+00 , 5.585054e+00 , 5.585054e+00 , 5.585054e+00 , 5.585054e+00 , 5.585054e+00 , 5.585054e+00 , 5.585054e+00 , 5.585054e+00 , 5.585054e+00 , 5.585054e+00 , 5.585054e+00 , 5.585054e+00 , 5.585054e+00 , 5.585054e+00 , 5.585054e+00 ,]
