% ground truth for sim_inc130_az160.tif
% settings
number_of_spots = 50
pixel_size_nm = 51.200
image_size_nm = 14142.136
image_size_px = 275
wavelength = 500
par.objectiveNA = 2.17
objectiveFocalLength = 770
par.refractiveIndices = [1.310000e+00 , 2.170000e+00 , 2.170000e+00 ,]
par.nDiscretizationBFP = 129
par.backgroundNoise = 0.020
par.nPhotons = 500
positionX_nm_array = [2.053986e+02 , -2.638805e+03 ,  2.728500e+03 ,  2.952711e+03 ,  1.933161e+03 ,  3.217935e+03 ,  1.397657e+03 , -4.208931e+03 , -3.582934e+03 , -2.596165e+03 ,  4.728974e+03 ,  1.872430e+02 , -4.883301e+03 , -1.495322e+03 ,  4.226159e+03 ,  2.337654e+03 ,  1.137615e+03 ,  9.665995e+02 ,  4.425667e+03 , -4.053409e+03 , -5.794951e+02 , -4.487997e+03 ,  1.149578e+03 , -3.905542e+03 , -4.861564e+01 ,  3.002621e+03 , -8.691553e+02 , -2.441130e+03 ,  3.763170e+03 , -3.100057e+03 , -3.825177e+03 , -1.135785e+03 ,  3.566286e+03 , -4.862235e+03 ,  7.263412e+02 ,  4.340632e+03 , -4.233386e+03 , -3.714581e+02 ,  4.470818e+03 ,  1.132091e+03 , -9.208427e+01 , -1.919032e+03 ,  6.638933e+02 , -6.654210e+02 ,  1.955039e+03 , -9.496375e+02 ,  4.666021e+03 ,  2.206201e+03 , -2.596918e+03 , -1.526584e+03 ,]
positionY_nm_array = [3.197000e+03 , -2.534576e+03 , -2.560697e+03 ,  7.074337e+02 , -1.672077e+03 , -1.548779e+03 , -3.998187e+03 , -2.417221e+02 , -4.000207e+03 , -5.343996e+02 ,  4.567101e+03 , -1.328075e+03 ,  1.394652e+03 ,  9.601524e+01 , -8.113165e+02 ,  3.380975e+03 ,  3.989196e+03 , -2.995910e+00 ,  1.305356e+03 , -2.904163e+03 , -3.472308e+03 ,  2.542674e+03 ,  2.433115e+03 ,  1.713413e+03 ,  1.844787e+03 ,  2.384513e+03 ,  3.149734e+03 ,  1.942694e+03 , -3.760949e+03 ,  2.838579e+03 ,  4.690199e+03 ,  4.670783e+03 , -4.941342e+03 ,  3.518665e+03 ,  1.038666e+03 , -2.850563e+03 , -1.731902e+03 ,  3.870462e+02 ,  3.481604e+03 , -2.793391e+03 ,  4.546228e+03 , -1.294702e+03 , -4.865373e+03 , -2.142830e+03 , -4.928460e+03 ,  1.367117e+03 , -4.898765e+03 , -6.149406e+01 , -3.777428e+03 , -3.131324e+03 ,]
angleInclination_array = [2.268928e+00 , 2.268928e+00 , 2.268928e+00 , 2.268928e+00 , 2.268928e+00 , 2.268928e+00 , 2.268928e+00 , 2.268928e+00 , 2.268928e+00 , 2.268928e+00 , 2.268928e+00 , 2.268928e+00 , 2.268928e+00 , 2.268928e+00 , 2.268928e+00 , 2.268928e+00 , 2.268928e+00 , 2.268928e+00 , 2.268928e+00 , 2.268928e+00 , 2.268928e+00 , 2.268928e+00 , 2.268928e+00 , 2.268928e+00 , 2.268928e+00 , 2.268928e+00 , 2.268928e+00 , 2.268928e+00 , 2.268928e+00 , 2.268928e+00 , 2.268928e+00 , 2.268928e+00 , 2.268928e+00 , 2.268928e+00 , 2.268928e+00 , 2.268928e+00 , 2.268928e+00 , 2.268928e+00 , 2.268928e+00 , 2.268928e+00 , 2.268928e+00 , 2.268928e+00 , 2.268928e+00 , 2.268928e+00 , 2.268928e+00 , 2.268928e+00 , 2.268928e+00 , 2.268928e+00 , 2.268928e+00 , 2.268928e+00 ,]
angleAzimuth_array = [2.792527e+00 , 2.792527e+00 , 2.792527e+00 , 2.792527e+00 , 2.792527e+00 , 2.792527e+00 , 2.792527e+00 , 2.792527e+00 , 2.792527e+00 , 2.792527e+00 , 2.792527e+00 , 2.792527e+00 , 2.792527e+00 , 2.792527e+00 , 2.792527e+00 , 2.792527e+00 , 2.792527e+00 , 2.792527e+00 , 2.792527e+00 , 2.792527e+00 , 2.792527e+00 , 2.792527e+00 , 2.792527e+00 , 2.792527e+00 , 2.792527e+00 , 2.792527e+00 , 2.792527e+00 , 2.792527e+00 , 2.792527e+00 , 2.792527e+00 , 2.792527e+00 , 2.792527e+00 , 2.792527e+00 , 2.792527e+00 , 2.792527e+00 , 2.792527e+00 , 2.792527e+00 , 2.792527e+00 , 2.792527e+00 , 2.792527e+00 , 2.792527e+00 , 2.792527e+00 , 2.792527e+00 , 2.792527e+00 , 2.792527e+00 , 2.792527e+00 , 2.792527e+00 , 2.792527e+00 , 2.792527e+00 , 2.792527e+00 ,]
