% ground truth for sim_inc60_az120.tif
% settings
number_of_spots = 50
pixel_size_nm = 51.200
image_size_nm = 14142.136
image_size_px = 275
wavelength = 500
par.objectiveNA = 2.17
objectiveFocalLength = 770
par.refractiveIndices = [1.310000e+00 , 2.170000e+00 , 2.170000e+00 ,]
par.nDiscretizationBFP = 129
par.backgroundNoise = 0.020
par.nPhotons = 500
positionX_nm_array = [4.680993e+03 ,  3.213585e+03 ,  5.744283e+02 , -1.344497e+03 , -5.238335e+02 ,  2.569025e+03 ,  1.865895e+03 , -2.401252e+03 ,  4.778082e+03 ,  4.486529e+03 , -1.491482e+03 ,  2.332138e+03 , -4.879486e+03 , -1.221525e+03 , -2.696739e+03 , -3.210005e+03 , -2.788783e+03 ,  3.585542e+03 , -1.259644e+03 ,  1.406296e+03 ,  1.650910e+03 ,  6.912367e+02 ,  1.344999e+03 ,  4.234864e+02 ,  4.122087e+03 , -4.523592e+03 ,  2.867649e+03 ,  4.723032e+03 , -2.516123e+03 , -3.513299e+03 , -4.272400e+03 ,  6.777800e+02 , -5.790702e+02 , -3.264717e+03 , -4.654763e+02 ,  4.791740e+03 , -3.533205e+02 ,  3.693901e+03 , -4.021925e+03 , -4.370436e+03 , -2.118729e+03 , -2.411235e+03 , -2.024491e+03 , -4.250328e+03 ,  1.082561e+03 , -3.195475e+02 ,  2.247472e+03 , -2.314254e+02 , -2.768080e+02 , -2.792417e+03 ,]
positionY_nm_array = [3.248716e+03 , -2.535830e+03 , -2.505123e+03 ,  2.252464e+03 , -1.410577e+03 , -4.605418e+02 ,  1.751348e+03 ,  2.439392e+03 , -4.600194e+03 ,  2.259779e+03 , -4.463191e+03 ,  3.195826e+03 , -1.883730e+03 ,  4.375862e+03 ,  1.159645e+03 ,  3.622174e+03 , -1.960294e+02 ,  1.695458e+03 ,  4.707465e+02 , -3.394894e+03 ,  1.232287e+02 ,  3.570052e+03 , -1.586918e+03 ,  5.068201e+02 , -1.344723e+03 , -3.499046e+03 , -4.641516e+03 , -2.869517e+03 , -2.316379e+03 , -1.968287e+03 ,  2.977404e+03 , -4.840524e+03 , -2.691377e+03 , -3.456175e+03 ,  1.130350e+03 , -5.829726e+02 ,  4.947463e+03 ,  6.336666e+02 , -4.921298e+03 , -3.614236e+02 , -1.355983e+03 ,  4.515600e+03 , -3.372459e+03 ,  4.600018e+03 ,  4.567804e+03 ,  3.009872e+03 ,  4.383917e+03 , -2.525137e+02 , -4.237085e+03 , -4.619619e+03 ,]
angleInclination_array = [1.047198e+00 , 1.047198e+00 , 1.047198e+00 , 1.047198e+00 , 1.047198e+00 , 1.047198e+00 , 1.047198e+00 , 1.047198e+00 , 1.047198e+00 , 1.047198e+00 , 1.047198e+00 , 1.047198e+00 , 1.047198e+00 , 1.047198e+00 , 1.047198e+00 , 1.047198e+00 , 1.047198e+00 , 1.047198e+00 , 1.047198e+00 , 1.047198e+00 , 1.047198e+00 , 1.047198e+00 , 1.047198e+00 , 1.047198e+00 , 1.047198e+00 , 1.047198e+00 , 1.047198e+00 , 1.047198e+00 , 1.047198e+00 , 1.047198e+00 , 1.047198e+00 , 1.047198e+00 , 1.047198e+00 , 1.047198e+00 , 1.047198e+00 , 1.047198e+00 , 1.047198e+00 , 1.047198e+00 , 1.047198e+00 , 1.047198e+00 , 1.047198e+00 , 1.047198e+00 , 1.047198e+00 , 1.047198e+00 , 1.047198e+00 , 1.047198e+00 , 1.047198e+00 , 1.047198e+00 , 1.047198e+00 , 1.047198e+00 ,]
angleAzimuth_array = [2.094395e+00 , 2.094395e+00 , 2.094395e+00 , 2.094395e+00 , 2.094395e+00 , 2.094395e+00 , 2.094395e+00 , 2.094395e+00 , 2.094395e+00 , 2.094395e+00 , 2.094395e+00 , 2.094395e+00 , 2.094395e+00 , 2.094395e+00 , 2.094395e+00 , 2.094395e+00 , 2.094395e+00 , 2.094395e+00 , 2.094395e+00 , 2.094395e+00 , 2.094395e+00 , 2.094395e+00 , 2.094395e+00 , 2.094395e+00 , 2.094395e+00 , 2.094395e+00 , 2.094395e+00 , 2.094395e+00 , 2.094395e+00 , 2.094395e+00 , 2.094395e+00 , 2.094395e+00 , 2.094395e+00 , 2.094395e+00 , 2.094395e+00 , 2.094395e+00 , 2.094395e+00 , 2.094395e+00 , 2.094395e+00 , 2.094395e+00 , 2.094395e+00 , 2.094395e+00 , 2.094395e+00 , 2.094395e+00 , 2.094395e+00 , 2.094395e+00 , 2.094395e+00 , 2.094395e+00 , 2.094395e+00 , 2.094395e+00 ,]
