% ground truth for sim_inc100_az60.tif
% settings
number_of_spots = 50
pixel_size_nm = 51.200
image_size_nm = 14142.136
image_size_px = 275
wavelength = 500
par.objectiveNA = 2.17
objectiveFocalLength = 770
par.refractiveIndices = [1.310000e+00 , 2.170000e+00 , 2.170000e+00 ,]
par.nDiscretizationBFP = 129
par.backgroundNoise = 0.020
par.nPhotons = 500
positionX_nm_array = [2.501571e+03 , -1.543005e+03 , -2.829721e+03 ,  4.094000e+03 ,  1.847617e+03 ,  4.713465e+02 , -2.831502e+03 , -4.434727e+03 ,  3.682930e+03 , -1.727233e+02 ,  2.833105e+03 ,  4.822477e+03 ,  2.450956e+03 ,  3.030334e+03 , -3.314970e+02 , -1.785657e+03 , -3.696750e+03 ,  3.771392e+03 ,  1.433625e+03 ,  2.895020e+02 ,  1.018437e+03 ,  3.144364e+03 , -2.211819e+03 ,  4.731038e+03 , -1.260007e+03 , -2.915159e+03 ,  1.223762e+03 ,  1.916416e+03 ,  2.417961e+02 ,  4.488725e+02 , -4.516210e+03 , -1.503810e+03 , -4.589107e+03 , -4.186921e+03 , -3.039114e+03 ,  4.099647e+03 , -3.565970e+03 ,  4.558906e+03 ,  4.724707e+03 , -3.207296e+03 ,  2.862567e+03 ,  3.613818e+03 ,  1.431374e+03 , -1.267326e+03 , -9.893111e+02 , -3.526752e+03 , -4.703771e+03 , -4.839704e+03 , -2.440714e+03 ,  1.759681e+03 ,]
positionY_nm_array = [1.782048e+03 ,  1.661257e+03 ,  4.099282e+03 , -2.486704e+03 ,  3.988383e+03 , -1.192642e+03 , -2.427997e+03 , -4.224557e+03 ,  4.419547e+03 , -2.335433e+02 , -2.955407e+03 ,  1.594428e+03 ,  4.912782e+03 , -4.786536e+03 , -2.210239e+03 , -4.301936e+03 ,  5.646345e+02 , -1.202351e+02 ,  2.309733e+03 ,  2.523508e+03 , -3.579021e+03 ,  3.551137e+03 , -9.955416e+02 , -4.691707e+03 , -3.211665e+03 ,  2.959493e+03 , -1.792560e+02 , -1.751161e+03 ,  4.244634e+03 ,  8.679142e+02 , -9.309106e+02 ,  4.166191e+03 ,  2.804357e+03 ,  4.375895e+03 , -4.354056e+03 , -1.133480e+03 ,  2.151821e+03 ,  2.855572e+03 ,  2.888712e+02 , -6.252510e+02 , -6.700767e+02 ,  1.042034e+03 ,  1.274953e+03 ,  3.293538e+02 , -8.825069e+02 , -3.436729e+03 , -2.050594e+03 ,  8.088287e+02 , -3.419889e+03 , -4.277705e+03 ,]
angleInclination_array = [1.745329e+00 , 1.745329e+00 , 1.745329e+00 , 1.745329e+00 , 1.745329e+00 , 1.745329e+00 , 1.745329e+00 , 1.745329e+00 , 1.745329e+00 , 1.745329e+00 , 1.745329e+00 , 1.745329e+00 , 1.745329e+00 , 1.745329e+00 , 1.745329e+00 , 1.745329e+00 , 1.745329e+00 , 1.745329e+00 , 1.745329e+00 , 1.745329e+00 , 1.745329e+00 , 1.745329e+00 , 1.745329e+00 , 1.745329e+00 , 1.745329e+00 , 1.745329e+00 , 1.745329e+00 , 1.745329e+00 , 1.745329e+00 , 1.745329e+00 , 1.745329e+00 , 1.745329e+00 , 1.745329e+00 , 1.745329e+00 , 1.745329e+00 , 1.745329e+00 , 1.745329e+00 , 1.745329e+00 , 1.745329e+00 , 1.745329e+00 , 1.745329e+00 , 1.745329e+00 , 1.745329e+00 , 1.745329e+00 , 1.745329e+00 , 1.745329e+00 , 1.745329e+00 , 1.745329e+00 , 1.745329e+00 , 1.745329e+00 ,]
angleAzimuth_array = [1.047198e+00 , 1.047198e+00 , 1.047198e+00 , 1.047198e+00 , 1.047198e+00 , 1.047198e+00 , 1.047198e+00 , 1.047198e+00 , 1.047198e+00 , 1.047198e+00 , 1.047198e+00 , 1.047198e+00 , 1.047198e+00 , 1.047198e+00 , 1.047198e+00 , 1.047198e+00 , 1.047198e+00 , 1.047198e+00 , 1.047198e+00 , 1.047198e+00 , 1.047198e+00 , 1.047198e+00 , 1.047198e+00 , 1.047198e+00 , 1.047198e+00 , 1.047198e+00 , 1.047198e+00 , 1.047198e+00 , 1.047198e+00 , 1.047198e+00 , 1.047198e+00 , 1.047198e+00 , 1.047198e+00 , 1.047198e+00 , 1.047198e+00 , 1.047198e+00 , 1.047198e+00 , 1.047198e+00 , 1.047198e+00 , 1.047198e+00 , 1.047198e+00 , 1.047198e+00 , 1.047198e+00 , 1.047198e+00 , 1.047198e+00 , 1.047198e+00 , 1.047198e+00 , 1.047198e+00 , 1.047198e+00 , 1.047198e+00 ,]
