% ground truth for sim_inc50_az0.tif
% settings
number_of_spots = 50
pixel_size_nm = 51.200
image_size_nm = 14142.136
image_size_px = 275
wavelength = 500
par.objectiveNA = 2.17
objectiveFocalLength = 770
par.refractiveIndices = [1.310000e+00 , 2.170000e+00 , 2.170000e+00 ,]
par.nDiscretizationBFP = 129
par.backgroundNoise = 0.020
par.nPhotons = 500
positionX_nm_array = [4.112636e+03 ,  4.956894e+02 , -2.509709e+02 , -4.606163e+03 ,  1.946273e+03 , -1.805797e+03 , -2.190824e+03 ,  2.492951e+03 , -3.518723e+03 , -3.807557e+03 , -7.996756e+02 , -7.857878e+02 ,  2.044231e+03 ,  2.906197e+02 ,  2.706910e+03 ,  4.281796e+03 , -1.202862e+03 , -4.609314e+03 ,  2.759562e+03 ,  1.206251e+03 ,  1.722824e+03 , -2.245768e+03 , -1.523394e+03 ,  1.380573e+03 ,  1.072739e+03 , -2.760570e+03 , -2.349417e+03 ,  1.044610e+01 , -1.695711e+03 , -2.977306e+03 , -2.082967e+03 ,  3.358159e+03 ,  2.276141e+03 ,  4.864844e+03 , -3.478362e+03 , -4.908239e+03 , -8.063233e+02 ,  4.732106e+03 ,  4.295369e+03 , -5.468982e+02 ,  1.006992e+03 ,  1.311741e+03 , -3.822280e+03 , -5.914829e+02 , -4.687874e+02 , -2.528778e+03 , -4.852213e+03 ,  3.711599e+03 ,  4.405503e+02 ,  3.601400e+03 ,]
positionY_nm_array = [-2.388983e+03 , -1.263162e+03 , -2.074814e+03 , -2.269946e+03 ,  1.760847e+03 , -2.673581e+03 ,  9.603317e+02 ,  4.633415e+03 , -3.741792e+03 ,  2.458653e+03 , -3.160866e+03 ,  1.161605e+03 , -1.299183e+03 , -3.784471e+03 ,  3.084319e+03 ,  2.597948e+03 , -5.953166e+02 , -4.158714e+02 , -2.859338e+03 ,  3.360556e+03 , -2.762024e+03 , -1.565517e+03 ,  3.141289e+03 ,  7.842970e+02 , -2.677417e+02 ,  4.738219e+03 ,  2.473366e+03 ,  3.753382e+03 ,  4.573524e+03 , -2.892652e+03 , -3.993859e+03 ,  5.749341e+02 , -4.454550e+03 , -1.478952e+03 ,  1.190509e+03 ,  3.777732e+03 ,  2.346682e+03 , -4.320538e+03 ,  4.259098e+03 ,  4.721819e+03 ,  4.764083e+03 , -4.925305e+03 ,  4.534370e+03 , -4.729239e+03 ,  2.107510e+02 ,  1.541314e+01 ,  1.304013e+03 , -4.762652e+03 ,  2.536150e+03 , -1.016764e+03 ,]
angleInclination_array = [8.726646e-01 , 8.726646e-01 , 8.726646e-01 , 8.726646e-01 , 8.726646e-01 , 8.726646e-01 , 8.726646e-01 , 8.726646e-01 , 8.726646e-01 , 8.726646e-01 , 8.726646e-01 , 8.726646e-01 , 8.726646e-01 , 8.726646e-01 , 8.726646e-01 , 8.726646e-01 , 8.726646e-01 , 8.726646e-01 , 8.726646e-01 , 8.726646e-01 , 8.726646e-01 , 8.726646e-01 , 8.726646e-01 , 8.726646e-01 , 8.726646e-01 , 8.726646e-01 , 8.726646e-01 , 8.726646e-01 , 8.726646e-01 , 8.726646e-01 , 8.726646e-01 , 8.726646e-01 , 8.726646e-01 , 8.726646e-01 , 8.726646e-01 , 8.726646e-01 , 8.726646e-01 , 8.726646e-01 , 8.726646e-01 , 8.726646e-01 , 8.726646e-01 , 8.726646e-01 , 8.726646e-01 , 8.726646e-01 , 8.726646e-01 , 8.726646e-01 , 8.726646e-01 , 8.726646e-01 , 8.726646e-01 , 8.726646e-01 ,]
angleAzimuth_array = [0 , 0 , 0 , 0 , 0 , 0 , 0 , 0 , 0 , 0 , 0 , 0 , 0 , 0 , 0 , 0 , 0 , 0 , 0 , 0 , 0 , 0 , 0 , 0 , 0 , 0 , 0 , 0 , 0 , 0 , 0 , 0 , 0 , 0 , 0 , 0 , 0 , 0 , 0 , 0 , 0 , 0 , 0 , 0 , 0 , 0 , 0 , 0 , 0 , 0 ,]
