% ground truth for sim_inc170_az280.tif
% settings
number_of_spots = 50
pixel_size_nm = 51.200
image_size_nm = 14142.136
image_size_px = 275
wavelength = 500
par.objectiveNA = 2.17
objectiveFocalLength = 770
par.refractiveIndices = [1.310000e+00 , 2.170000e+00 , 2.170000e+00 ,]
par.nDiscretizationBFP = 129
par.backgroundNoise = 0.020
par.nPhotons = 500
positionX_nm_array = [-3.876176e+03 ,  2.397113e+03 , -3.519888e+03 ,  4.048001e+03 , -2.284115e+03 ,  4.539483e+03 ,  1.669401e+03 ,  1.843547e+03 , -2.415970e+03 ,  4.867797e+03 , -1.377946e+03 , -6.748919e+02 ,  2.865289e+03 ,  1.584722e+03 , -4.854932e+02 , -6.901965e+02 ,  3.326492e+03 , -3.371265e+03 ,  1.400320e+03 , -3.005702e+03 ,  3.048897e+03 ,  2.745153e+02 ,  3.613491e+03 ,  2.145901e+03 , -2.375222e+03 ,  4.582592e+03 , -9.195107e+02 ,  4.420782e+02 ,  1.320949e+03 , -1.943858e+03 , -3.875658e+03 , -4.281297e+03 , -4.455747e+03 ,  5.089836e+02 , -1.873497e+03 , -4.879994e+03 , -1.910206e+02 ,  3.978946e+03 , -3.341618e+03 ,  2.649447e+03 , -2.387486e+03 ,  1.136174e+02 , -3.879999e+03 , -5.769996e+02 ,  1.739393e+03 , -4.006546e+03 ,  2.598502e+03 ,  3.549554e+03 ,  1.162837e+02 , -1.537383e+03 ,]
positionY_nm_array = [-3.346638e+03 , -6.799754e+02 , -1.779865e+03 ,  1.516981e+03 ,  5.948110e+02 ,  1.192625e+02 ,  3.975034e+03 , -4.117612e+03 ,  4.482095e+03 , -3.047381e+03 ,  1.266096e+03 ,  2.494730e+03 ,  2.879375e+03 , -1.939987e+03 , -4.626507e+03 ,  4.789883e+03 ,  3.897336e+03 , -4.360021e+03 , -8.075762e+02 ,  3.386455e+03 , -4.170495e+03 ,  8.406836e+02 , -1.861265e+03 , -2.971075e+03 , -3.996193e+03 ,  2.699354e+03 , -2.466864e+03 ,  2.972021e+03 ,  9.125281e+02 , -5.100725e+02 ,  5.283211e+02 , -4.831725e+03 , -6.859341e+02 ,  1.910265e+03 , -1.679294e+03 ,  3.862528e+03 , -2.347779e+02 , -4.569491e+03 ,  1.705730e+03 ,  4.993074e+02 ,  2.057299e+03 , -3.452003e+03 ,  2.892732e+03 ,  3.594063e+03 ,  2.849183e+03 ,  4.823123e+03 ,  1.864090e+03 , -3.067123e+03 , -1.322745e+03 , -4.576546e+03 ,]
angleInclination_array = [2.967060e+00 , 2.967060e+00 , 2.967060e+00 , 2.967060e+00 , 2.967060e+00 , 2.967060e+00 , 2.967060e+00 , 2.967060e+00 , 2.967060e+00 , 2.967060e+00 , 2.967060e+00 , 2.967060e+00 , 2.967060e+00 , 2.967060e+00 , 2.967060e+00 , 2.967060e+00 , 2.967060e+00 , 2.967060e+00 , 2.967060e+00 , 2.967060e+00 , 2.967060e+00 , 2.967060e+00 , 2.967060e+00 , 2.967060e+00 , 2.967060e+00 , 2.967060e+00 , 2.967060e+00 , 2.967060e+00 , 2.967060e+00 , 2.967060e+00 , 2.967060e+00 , 2.967060e+00 , 2.967060e+00 , 2.967060e+00 , 2.967060e+00 , 2.967060e+00 , 2.967060e+00 , 2.967060e+00 , 2.967060e+00 , 2.967060e+00 , 2.967060e+00 , 2.967060e+00 , 2.967060e+00 , 2.967060e+00 , 2.967060e+00 , 2.967060e+00 , 2.967060e+00 , 2.967060e+00 , 2.967060e+00 , 2.967060e+00 ,]
angleAzimuth_array = [4.886922e+00 , 4.886922e+00 , 4.886922e+00 , 4.886922e+00 , 4.886922e+00 , 4.886922e+00 , 4.886922e+00 , 4.886922e+00 , 4.886922e+00 , 4.886922e+00 , 4.886922e+00 , 4.886922e+00 , 4.886922e+00 , 4.886922e+00 , 4.886922e+00 , 4.886922e+00 , 4.886922e+00 , 4.886922e+00 , 4.886922e+00 , 4.886922e+00 , 4.886922e+00 , 4.886922e+00 , 4.886922e+00 , 4.886922e+00 , 4.886922e+00 , 4.886922e+00 , 4.886922e+00 , 4.886922e+00 , 4.886922e+00 , 4.886922e+00 , 4.886922e+00 , 4.886922e+00 , 4.886922e+00 , 4.886922e+00 , 4.886922e+00 , 4.886922e+00 , 4.886922e+00 , 4.886922e+00 , 4.886922e+00 , 4.886922e+00 , 4.886922e+00 , 4.886922e+00 , 4.886922e+00 , 4.886922e+00 , 4.886922e+00 , 4.886922e+00 , 4.886922e+00 , 4.886922e+00 , 4.886922e+00 , 4.886922e+00 ,]
