% ground truth for sim_inc70_az20.tif
% settings
number_of_spots = 50
pixel_size_nm = 51.200
image_size_nm = 14142.136
image_size_px = 275
wavelength = 500
par.objectiveNA = 2.17
objectiveFocalLength = 770
par.refractiveIndices = [1.310000e+00 , 2.170000e+00 , 2.170000e+00 ,]
par.nDiscretizationBFP = 129
par.backgroundNoise = 0.020
par.nPhotons = 500
positionX_nm_array = [-7.424370e+02 ,  1.222283e+03 ,  3.373749e+03 ,  2.860833e+03 , -1.548599e+03 ,  2.348064e+03 ,  1.824397e+03 ,  9.022903e+02 ,  9.503968e+02 , -1.195766e+03 ,  3.371628e+03 , -2.996082e+03 , -1.760463e+03 , -4.632282e+03 ,  4.483997e+03 ,  1.244703e+03 , -3.966754e+03 , -3.466678e+03 , -3.467633e+03 ,  3.414957e+03 , -3.796695e+03 , -2.522104e+02 , -2.130844e+02 ,  6.916300e+01 ,  4.240171e+03 ,  2.504477e+01 , -3.044260e+03 , -4.939305e+03 ,  3.317336e+02 , -3.792817e+03 ,  4.389553e+03 , -1.773381e+03 ,  4.667401e+03 , -1.896702e+03 ,  4.903745e+03 , -4.354284e+03 , -2.180556e+03 ,  1.078665e+03 ,  2.276101e+03 ,  4.025424e+03 ,  4.503741e+03 ,  2.205686e+03 , -4.638769e+03 , -1.284079e+03 ,  3.700824e+03 ,  4.050251e+02 , -4.663713e+03 , -1.224917e+03 ,  2.394525e+03 ,  1.171806e+03 ,]
positionY_nm_array = [-2.068502e+03 , -2.644057e+03 ,  6.954013e+02 , -3.963014e+03 ,  4.913676e+03 ,  3.446493e+03 ,  1.196298e+03 ,  2.092947e+03 ,  3.472019e+03 ,  3.689368e+03 , -2.375669e+03 ,  3.831607e+02 , -3.444692e+03 ,  1.775497e+03 , -4.010864e+03 , -8.618648e+02 ,  3.080693e+03 ,  1.575088e+03 ,  4.179689e+03 ,  2.790662e+03 , -3.312524e+03 ,  3.063404e+03 ,  1.573867e+03 , -8.988562e+02 ,  2.676561e+01 , -3.784455e+03 , -2.123944e+03 , -2.272836e+03 ,  4.343525e+03 , -1.008145e+03 , -1.619235e+03 , -9.858360e+02 ,  1.369232e+03 ,  1.688565e+03 ,  2.571818e+03 ,  5.615944e+02 ,  3.412644e+03 , -4.302369e+03 , -2.607337e+03 ,  4.652827e+03 ,  3.678757e+03 ,  1.120979e+02 ,  4.303867e+03 , -4.867924e+03 ,  1.703901e+03 , -1.983457e+03 , -4.293633e+03 ,  7.360233e+02 , -1.076985e+03 ,  2.621524e+02 ,]
angleInclination_array = [1.221730e+00 , 1.221730e+00 , 1.221730e+00 , 1.221730e+00 , 1.221730e+00 , 1.221730e+00 , 1.221730e+00 , 1.221730e+00 , 1.221730e+00 , 1.221730e+00 , 1.221730e+00 , 1.221730e+00 , 1.221730e+00 , 1.221730e+00 , 1.221730e+00 , 1.221730e+00 , 1.221730e+00 , 1.221730e+00 , 1.221730e+00 , 1.221730e+00 , 1.221730e+00 , 1.221730e+00 , 1.221730e+00 , 1.221730e+00 , 1.221730e+00 , 1.221730e+00 , 1.221730e+00 , 1.221730e+00 , 1.221730e+00 , 1.221730e+00 , 1.221730e+00 , 1.221730e+00 , 1.221730e+00 , 1.221730e+00 , 1.221730e+00 , 1.221730e+00 , 1.221730e+00 , 1.221730e+00 , 1.221730e+00 , 1.221730e+00 , 1.221730e+00 , 1.221730e+00 , 1.221730e+00 , 1.221730e+00 , 1.221730e+00 , 1.221730e+00 , 1.221730e+00 , 1.221730e+00 , 1.221730e+00 , 1.221730e+00 ,]
angleAzimuth_array = [3.490659e-01 , 3.490659e-01 , 3.490659e-01 , 3.490659e-01 , 3.490659e-01 , 3.490659e-01 , 3.490659e-01 , 3.490659e-01 , 3.490659e-01 , 3.490659e-01 , 3.490659e-01 , 3.490659e-01 , 3.490659e-01 , 3.490659e-01 , 3.490659e-01 , 3.490659e-01 , 3.490659e-01 , 3.490659e-01 , 3.490659e-01 , 3.490659e-01 , 3.490659e-01 , 3.490659e-01 , 3.490659e-01 , 3.490659e-01 , 3.490659e-01 , 3.490659e-01 , 3.490659e-01 , 3.490659e-01 , 3.490659e-01 , 3.490659e-01 , 3.490659e-01 , 3.490659e-01 , 3.490659e-01 , 3.490659e-01 , 3.490659e-01 , 3.490659e-01 , 3.490659e-01 , 3.490659e-01 , 3.490659e-01 , 3.490659e-01 , 3.490659e-01 , 3.490659e-01 , 3.490659e-01 , 3.490659e-01 , 3.490659e-01 , 3.490659e-01 , 3.490659e-01 , 3.490659e-01 , 3.490659e-01 , 3.490659e-01 ,]
