% ground truth for sim_inc140_az340.tif
% settings
number_of_spots = 50
pixel_size_nm = 51.200
image_size_nm = 14142.136
image_size_px = 275
wavelength = 500
par.objectiveNA = 2.17
objectiveFocalLength = 770
par.refractiveIndices = [1.310000e+00 , 2.170000e+00 , 2.170000e+00 ,]
par.nDiscretizationBFP = 129
par.backgroundNoise = 0.020
par.nPhotons = 500
positionX_nm_array = [-1.481765e+03 , -4.253321e+03 ,  3.183358e+03 , -2.948190e+03 , -4.231661e+03 ,  5.592321e+02 ,  4.643388e+03 ,  4.320007e+03 , -4.121939e+03 , -3.951917e+03 ,  4.869666e+03 ,  3.501284e+03 , -1.163401e+03 ,  1.053568e+02 , -2.072091e+03 ,  4.434054e+03 ,  3.318261e+02 , -3.059236e+03 ,  8.679271e+02 , -3.099163e+02 , -3.001298e+03 , -3.288624e+03 ,  2.993503e+03 , -3.787767e+03 ,  2.220822e+03 ,  5.392211e+02 ,  2.850615e+03 , -7.918042e+02 , -7.453145e+02 ,  3.024637e+02 , -2.729351e+03 , -7.371807e+02 ,  1.502251e+03 ,  1.571056e+03 , -4.202918e+03 , -4.848738e+03 , -2.590746e+03 , -3.583041e+03 ,  4.446597e+03 ,  4.805714e+03 ,  4.707609e+03 , -1.666047e+03 ,  9.477068e+02 ,  3.517580e+03 , -2.315351e+03 , -4.820825e+03 , -1.992775e+03 ,  1.280811e+03 , -4.908560e+03 ,  2.318585e+03 ,]
positionY_nm_array = [-2.183120e+03 ,  1.531646e+03 ,  4.788038e+03 ,  1.648178e+03 , -2.930181e+03 ,  2.955564e+03 ,  1.492832e+02 ,  2.721868e+03 , -9.164692e+02 ,  3.717437e+03 , -3.687467e+03 ,  1.974638e+03 , -1.066940e+03 ,  6.436130e+02 ,  9.326919e+02 , -9.606767e+02 ,  4.736991e+03 ,  4.330591e+03 , -4.869462e+03 ,  1.975376e+03 ,  3.308098e+03 ,  7.013204e+02 , -2.600651e+03 , -3.979580e+03 ,  1.638345e+03 , -1.618803e+03 , -5.512238e+02 ,  3.112513e+03 ,  4.191281e+03 , -3.589170e+03 , -4.948039e+03 , -3.924070e+03 , -3.058264e+03 ,  3.582394e+03 ,  2.886060e+02 , -4.660466e+03 , -2.777637e+03 , -2.020324e+03 , -2.577137e+03 ,  1.160575e+03 , -4.738323e+03 , -3.518411e+03 , -3.676151e+02 , -3.825006e+03 , -6.296965e+02 ,  4.877455e+03 ,  3.730985e+03 ,  2.016719e+03 ,  2.897178e+03 ,  2.746773e+03 ,]
angleInclination_array = [2.443461e+00 , 2.443461e+00 , 2.443461e+00 , 2.443461e+00 , 2.443461e+00 , 2.443461e+00 , 2.443461e+00 , 2.443461e+00 , 2.443461e+00 , 2.443461e+00 , 2.443461e+00 , 2.443461e+00 , 2.443461e+00 , 2.443461e+00 , 2.443461e+00 , 2.443461e+00 , 2.443461e+00 , 2.443461e+00 , 2.443461e+00 , 2.443461e+00 , 2.443461e+00 , 2.443461e+00 , 2.443461e+00 , 2.443461e+00 , 2.443461e+00 , 2.443461e+00 , 2.443461e+00 , 2.443461e+00 , 2.443461e+00 , 2.443461e+00 , 2.443461e+00 , 2.443461e+00 , 2.443461e+00 , 2.443461e+00 , 2.443461e+00 , 2.443461e+00 , 2.443461e+00 , 2.443461e+00 , 2.443461e+00 , 2.443461e+00 , 2.443461e+00 , 2.443461e+00 , 2.443461e+00 , 2.443461e+00 , 2.443461e+00 , 2.443461e+00 , 2.443461e+00 , 2.443461e+00 , 2.443461e+00 , 2.443461e+00 ,]
angleAzimuth_array = [5.934119e+00 , 5.934119e+00 , 5.934119e+00 , 5.934119e+00 , 5.934119e+00 , 5.934119e+00 , 5.934119e+00 , 5.934119e+00 , 5.934119e+00 , 5.934119e+00 , 5.934119e+00 , 5.934119e+00 , 5.934119e+00 , 5.934119e+00 , 5.934119e+00 , 5.934119e+00 , 5.934119e+00 , 5.934119e+00 , 5.934119e+00 , 5.934119e+00 , 5.934119e+00 , 5.934119e+00 , 5.934119e+00 , 5.934119e+00 , 5.934119e+00 , 5.934119e+00 , 5.934119e+00 , 5.934119e+00 , 5.934119e+00 , 5.934119e+00 , 5.934119e+00 , 5.934119e+00 , 5.934119e+00 , 5.934119e+00 , 5.934119e+00 , 5.934119e+00 , 5.934119e+00 , 5.934119e+00 , 5.934119e+00 , 5.934119e+00 , 5.934119e+00 , 5.934119e+00 , 5.934119e+00 , 5.934119e+00 , 5.934119e+00 , 5.934119e+00 , 5.934119e+00 , 5.934119e+00 , 5.934119e+00 , 5.934119e+00 ,]
