% ground truth for sim_inc100_az280.tif
% settings
number_of_spots = 50
pixel_size_nm = 51.200
image_size_nm = 14142.136
image_size_px = 275
wavelength = 500
par.objectiveNA = 2.17
objectiveFocalLength = 770
par.refractiveIndices = [1.310000e+00 , 2.170000e+00 , 2.170000e+00 ,]
par.nDiscretizationBFP = 129
par.backgroundNoise = 0.020
par.nPhotons = 500
positionX_nm_array = [4.062335e+03 , -1.829238e+03 , -3.312972e+03 , -2.389471e+02 , -4.073286e+03 ,  4.423072e+03 ,  4.864403e+03 , -2.752538e+03 , -2.195007e+02 ,  1.376518e+03 ,  1.100639e+03 , -4.580052e+03 ,  3.241298e+03 , -1.084869e+03 ,  3.609315e+02 , -4.335916e+03 ,  2.651406e+03 ,  3.983100e+03 ,  1.303578e+03 ,  2.582188e+03 , -2.761457e+03 ,  2.361436e+03 , -4.808464e+02 , -2.468798e+02 ,  2.348771e+03 ,  8.134289e+02 ,  4.813129e+03 ,  3.915878e+03 , -1.186063e+03 ,  2.773443e+03 , -1.720858e+03 , -2.761362e+03 ,  3.378288e+03 ,  2.752043e+03 , -4.944795e+03 ,  9.136661e+02 , -4.391796e+03 ,  4.912455e+03 , -1.299823e+03 , -8.500462e+02 , -3.338346e+03 ,  3.847763e+03 , -3.596388e+03 , -1.949537e+03 , -4.672891e+03 ,  1.812498e+03 , -4.701528e+03 ,  4.074610e+03 , -4.118499e+03 , -1.995004e+03 ,]
positionY_nm_array = [1.162286e+03 , -5.040123e+02 , -3.897323e+03 ,  1.427729e+03 , -6.654593e+02 , -4.295116e+03 ,  4.534494e+03 , -2.427363e+03 , -3.942152e+03 , -7.966714e+02 ,  1.626613e+03 , -2.729387e+03 , -8.989067e+02 , -3.098298e+03 ,  3.050724e+03 ,  1.248929e+03 ,  4.901124e+03 ,  2.658328e+03 , -4.637362e+03 ,  1.759913e+03 ,  2.919179e+03 , -3.855538e+03 , -1.185354e+03 , -8.628386e+01 ,  3.782149e+03 ,  4.342646e+03 , -2.902486e+03 ,  3.685226e+03 ,  3.755814e+03 , -2.847629e+03 ,  4.827532e+03 ,  1.272316e+02 , -4.334465e+03 ,  1.009852e+02 ,  1.748332e+02 , -3.051613e+03 , -4.158426e+03 , -9.424781e+02 ,  9.189459e+02 ,  2.227171e+03 ,  4.235200e+03 , -1.758455e+03 , -1.834442e+03 , -4.721228e+03 ,  4.756305e+03 ,  2.580847e+03 ,  3.611549e+03 , -1.916701e+02 ,  2.509009e+03 , -1.679869e+03 ,]
angleInclination_array = [1.745329e+00 , 1.745329e+00 , 1.745329e+00 , 1.745329e+00 , 1.745329e+00 , 1.745329e+00 , 1.745329e+00 , 1.745329e+00 , 1.745329e+00 , 1.745329e+00 , 1.745329e+00 , 1.745329e+00 , 1.745329e+00 , 1.745329e+00 , 1.745329e+00 , 1.745329e+00 , 1.745329e+00 , 1.745329e+00 , 1.745329e+00 , 1.745329e+00 , 1.745329e+00 , 1.745329e+00 , 1.745329e+00 , 1.745329e+00 , 1.745329e+00 , 1.745329e+00 , 1.745329e+00 , 1.745329e+00 , 1.745329e+00 , 1.745329e+00 , 1.745329e+00 , 1.745329e+00 , 1.745329e+00 , 1.745329e+00 , 1.745329e+00 , 1.745329e+00 , 1.745329e+00 , 1.745329e+00 , 1.745329e+00 , 1.745329e+00 , 1.745329e+00 , 1.745329e+00 , 1.745329e+00 , 1.745329e+00 , 1.745329e+00 , 1.745329e+00 , 1.745329e+00 , 1.745329e+00 , 1.745329e+00 , 1.745329e+00 ,]
angleAzimuth_array = [4.886922e+00 , 4.886922e+00 , 4.886922e+00 , 4.886922e+00 , 4.886922e+00 , 4.886922e+00 , 4.886922e+00 , 4.886922e+00 , 4.886922e+00 , 4.886922e+00 , 4.886922e+00 , 4.886922e+00 , 4.886922e+00 , 4.886922e+00 , 4.886922e+00 , 4.886922e+00 , 4.886922e+00 , 4.886922e+00 , 4.886922e+00 , 4.886922e+00 , 4.886922e+00 , 4.886922e+00 , 4.886922e+00 , 4.886922e+00 , 4.886922e+00 , 4.886922e+00 , 4.886922e+00 , 4.886922e+00 , 4.886922e+00 , 4.886922e+00 , 4.886922e+00 , 4.886922e+00 , 4.886922e+00 , 4.886922e+00 , 4.886922e+00 , 4.886922e+00 , 4.886922e+00 , 4.886922e+00 , 4.886922e+00 , 4.886922e+00 , 4.886922e+00 , 4.886922e+00 , 4.886922e+00 , 4.886922e+00 , 4.886922e+00 , 4.886922e+00 , 4.886922e+00 , 4.886922e+00 , 4.886922e+00 , 4.886922e+00 ,]
