% ground truth for sim_inc160_az20.tif
% settings
number_of_spots = 50
pixel_size_nm = 51.200
image_size_nm = 14142.136
image_size_px = 275
wavelength = 500
par.objectiveNA = 2.17
objectiveFocalLength = 770
par.refractiveIndices = [1.310000e+00 , 2.170000e+00 , 2.170000e+00 ,]
par.nDiscretizationBFP = 129
par.backgroundNoise = 0.020
par.nPhotons = 500
positionX_nm_array = [5.774685e+02 ,  3.167033e+03 ,  1.380823e+03 ,  1.356407e+03 , -4.559970e+03 , -1.242884e+03 ,  3.815559e+03 ,  4.943074e+01 , -7.137414e+02 ,  3.214777e+03 , -3.151190e+02 , -1.217561e+03 , -3.515822e+03 ,  4.674960e+03 ,  3.551529e+03 , -2.751234e+03 ,  5.550917e+02 , -1.085263e+03 ,  3.550767e+03 , -2.439294e+03 ,  3.183104e+03 , -3.294846e+03 , -1.797871e+03 , -2.792236e+03 , -1.741275e+03 , -5.172064e+02 ,  4.784923e+03 , -3.963787e+03 ,  8.816358e+02 , -4.064351e+01 , -2.695686e+03 , -3.518438e+03 ,  1.576642e+03 ,  1.940729e+03 , -3.905809e+03 ,  2.914715e+03 ,  2.478970e+03 , -4.858856e+03 , -4.569285e+03 ,  4.082063e+03 ,  4.666712e+03 ,  3.467522e+03 ,  2.483420e+03 ,  4.511712e+03 , -4.870996e+03 ,  7.000393e+02 , -1.267059e+03 ,  1.050103e+03 , -3.040275e+03 , -1.602338e+03 ,]
positionY_nm_array = [3.725341e+03 ,  3.082010e+02 , -7.874692e+02 ,  4.764538e+03 , -3.215246e+03 , -1.899135e+03 ,  3.184600e+03 ,  5.584079e+02 , -3.362464e+03 ,  1.672443e+03 ,  2.990983e+03 ,  1.235515e+03 , -4.546623e+02 , -2.574315e+03 , -1.936223e+03 , -1.852603e+03 , -3.368317e+03 , -7.277270e+02 , -8.486590e+02 ,  4.464416e+03 , -3.376525e+03 , -4.714741e+03 , -3.651702e+03 ,  2.241361e+03 ,  2.159772e+03 ,  4.070207e+03 , -3.693244e+03 ,  7.849906e+02 ,  2.640031e+03 , -2.261144e+03 ,  2.413854e+02 ,  4.338477e+03 , -4.315913e+03 ,  1.424396e+03 ,  2.469366e+03 ,  4.403305e+03 , -2.630665e+03 ,  1.476375e+03 , -1.470006e+03 ,  4.264583e+03 , -1.175794e+03 , -4.818351e+03 , -9.342066e+02 ,  9.468807e+02 ,  3.053144e+03 ,  1.541825e+03 ,  4.920529e+03 , -1.925187e+03 , -3.528815e+03 ,  3.464745e+03 ,]
angleInclination_array = [2.792527e+00 , 2.792527e+00 , 2.792527e+00 , 2.792527e+00 , 2.792527e+00 , 2.792527e+00 , 2.792527e+00 , 2.792527e+00 , 2.792527e+00 , 2.792527e+00 , 2.792527e+00 , 2.792527e+00 , 2.792527e+00 , 2.792527e+00 , 2.792527e+00 , 2.792527e+00 , 2.792527e+00 , 2.792527e+00 , 2.792527e+00 , 2.792527e+00 , 2.792527e+00 , 2.792527e+00 , 2.792527e+00 , 2.792527e+00 , 2.792527e+00 , 2.792527e+00 , 2.792527e+00 , 2.792527e+00 , 2.792527e+00 , 2.792527e+00 , 2.792527e+00 , 2.792527e+00 , 2.792527e+00 , 2.792527e+00 , 2.792527e+00 , 2.792527e+00 , 2.792527e+00 , 2.792527e+00 , 2.792527e+00 , 2.792527e+00 , 2.792527e+00 , 2.792527e+00 , 2.792527e+00 , 2.792527e+00 , 2.792527e+00 , 2.792527e+00 , 2.792527e+00 , 2.792527e+00 , 2.792527e+00 , 2.792527e+00 ,]
angleAzimuth_array = [3.490659e-01 , 3.490659e-01 , 3.490659e-01 , 3.490659e-01 , 3.490659e-01 , 3.490659e-01 , 3.490659e-01 , 3.490659e-01 , 3.490659e-01 , 3.490659e-01 , 3.490659e-01 , 3.490659e-01 , 3.490659e-01 , 3.490659e-01 , 3.490659e-01 , 3.490659e-01 , 3.490659e-01 , 3.490659e-01 , 3.490659e-01 , 3.490659e-01 , 3.490659e-01 , 3.490659e-01 , 3.490659e-01 , 3.490659e-01 , 3.490659e-01 , 3.490659e-01 , 3.490659e-01 , 3.490659e-01 , 3.490659e-01 , 3.490659e-01 , 3.490659e-01 , 3.490659e-01 , 3.490659e-01 , 3.490659e-01 , 3.490659e-01 , 3.490659e-01 , 3.490659e-01 , 3.490659e-01 , 3.490659e-01 , 3.490659e-01 , 3.490659e-01 , 3.490659e-01 , 3.490659e-01 , 3.490659e-01 , 3.490659e-01 , 3.490659e-01 , 3.490659e-01 , 3.490659e-01 , 3.490659e-01 , 3.490659e-01 ,]
