% ground truth for sim_inc0_az60.tif
% settings
number_of_spots = 50
pixel_size_nm = 51.200
image_size_nm = 14142.136
image_size_px = 275
wavelength = 500
par.objectiveNA = 2.17
objectiveFocalLength = 770
par.refractiveIndices = [1.310000e+00 , 2.170000e+00 , 2.170000e+00 ,]
par.nDiscretizationBFP = 129
par.backgroundNoise = 0.020
par.nPhotons = 500
positionX_nm_array = [3.932308e+03 , -2.180956e+03 , -2.922582e+02 , -4.237087e+03 ,  1.064400e+03 , -1.849788e+03 , -4.358567e+03 ,  4.899338e+03 , -4.280291e+03 ,  4.445179e+03 , -8.323571e+01 , -5.855555e+02 , -3.025715e+03 , -3.310016e+03 , -1.606813e+03 , -1.171886e+03 , -1.781831e+02 , -1.338768e+03 ,  3.411130e+03 , -3.362508e+03 ,  1.500792e+03 ,  4.506080e+03 ,  3.065595e+03 , -2.874437e+03 , -3.218385e+03 , -4.375541e+03 ,  1.774903e+03 , -3.278363e+02 ,  4.724800e+03 , -4.755571e+03 , -4.346277e+03 , -4.496665e+03 ,  1.042145e+03 ,  3.652211e+03 , -1.617757e+03 ,  6.084963e+01 ,  2.298653e+02 , -3.103342e+03 , -1.925634e+03 ,  4.811326e+03 ,  3.510759e+03 ,  2.290684e+03 ,  1.187669e+03 ,  1.428215e+03 ,  4.737472e+02 , -2.157250e+03 ,  2.280338e+03 ,  3.750870e+03 , -4.760840e+03 ,  3.938321e+03 ,]
positionY_nm_array = [-1.468416e+03 ,  4.715285e+03 , -1.417144e+03 , -8.954367e+02 , -8.373940e+02 , -1.658939e+03 , -2.353572e+03 ,  8.160454e+02 ,  3.438143e+02 ,  4.806983e+03 ,  1.003254e+03 , -3.821363e+03 ,  2.816352e+03 , -3.070598e+03 , -4.219455e+03 , -6.851298e+02 , -3.256652e+02 ,  2.897337e+03 , -4.675971e+03 , -4.814043e+03 ,  2.844528e+03 ,  2.078156e+03 , -2.642582e+03 ,  5.187337e+02 ,  4.577687e+03 , -3.498036e+03 , -3.357335e+03 ,  3.666428e+03 , -4.452619e+03 ,  3.701420e+03 ,  2.442972e+03 ,  4.921304e+03 ,  1.686362e+03 ,  2.959469e+03 ,  1.071352e+03 , -4.868350e+03 , -2.917051e+03 , -1.952607e+03 , -3.201061e+03 , -2.696864e+03 , -1.463376e+02 , -1.528348e+03 ,  4.721717e+03 , -2.280304e+03 ,  3.059517e+03 ,  2.104474e+03 ,  3.703415e-01 ,  1.058088e+03 , -4.537743e+03 , -3.211769e+03 ,]
angleInclination_array = [0 , 0 , 0 , 0 , 0 , 0 , 0 , 0 , 0 , 0 , 0 , 0 , 0 , 0 , 0 , 0 , 0 , 0 , 0 , 0 , 0 , 0 , 0 , 0 , 0 , 0 , 0 , 0 , 0 , 0 , 0 , 0 , 0 , 0 , 0 , 0 , 0 , 0 , 0 , 0 , 0 , 0 , 0 , 0 , 0 , 0 , 0 , 0 , 0 , 0 ,]
angleAzimuth_array = [1.047198e+00 , 1.047198e+00 , 1.047198e+00 , 1.047198e+00 , 1.047198e+00 , 1.047198e+00 , 1.047198e+00 , 1.047198e+00 , 1.047198e+00 , 1.047198e+00 , 1.047198e+00 , 1.047198e+00 , 1.047198e+00 , 1.047198e+00 , 1.047198e+00 , 1.047198e+00 , 1.047198e+00 , 1.047198e+00 , 1.047198e+00 , 1.047198e+00 , 1.047198e+00 , 1.047198e+00 , 1.047198e+00 , 1.047198e+00 , 1.047198e+00 , 1.047198e+00 , 1.047198e+00 , 1.047198e+00 , 1.047198e+00 , 1.047198e+00 , 1.047198e+00 , 1.047198e+00 , 1.047198e+00 , 1.047198e+00 , 1.047198e+00 , 1.047198e+00 , 1.047198e+00 , 1.047198e+00 , 1.047198e+00 , 1.047198e+00 , 1.047198e+00 , 1.047198e+00 , 1.047198e+00 , 1.047198e+00 , 1.047198e+00 , 1.047198e+00 , 1.047198e+00 , 1.047198e+00 , 1.047198e+00 , 1.047198e+00 ,]
