% ground truth for sim_inc140_az280.tif
% settings
number_of_spots = 50
pixel_size_nm = 51.200
image_size_nm = 14142.136
image_size_px = 275
wavelength = 500
par.objectiveNA = 2.17
objectiveFocalLength = 770
par.refractiveIndices = [1.310000e+00 , 2.170000e+00 , 2.170000e+00 ,]
par.nDiscretizationBFP = 129
par.backgroundNoise = 0.020
par.nPhotons = 500
positionX_nm_array = [-3.548962e+03 , -3.841309e+03 ,  1.972261e+03 ,  9.657410e+02 , -3.234373e+03 , -1.490806e+03 , -2.162867e+03 ,  3.516972e+03 ,  3.137577e+03 ,  1.397871e+03 , -2.753298e+03 ,  4.535087e+03 , -3.124576e+03 ,  4.376563e+03 ,  1.131982e+03 , -1.468707e+02 ,  2.293548e+03 ,  3.580870e+03 , -3.801193e+03 , -5.589381e+02 , -4.266509e+03 , -3.710930e+03 , -3.412606e+03 , -2.779900e+03 , -4.662289e+03 ,  1.676720e+03 ,  2.730580e+03 , -9.680804e+02 ,  4.447575e+03 , -1.798732e+03 ,  2.161674e+03 ,  4.891076e+03 ,  4.298900e+02 , -5.675439e+02 ,  3.882754e+03 , -2.191357e+03 , -4.059595e+02 ,  4.198935e+03 ,  1.949899e+03 , -1.814808e+03 ,  2.531169e+03 , -4.797238e+03 , -1.462971e+03 ,  1.899438e+03 ,  5.308560e+02 ,  4.531710e+03 ,  9.175890e+02 ,  3.090757e+03 , -1.547182e+03 , -2.836809e+03 ,]
positionY_nm_array = [4.520458e+03 ,  1.462908e+02 , -3.524770e+03 ,  7.044844e+02 ,  1.289423e+03 , -5.449614e+02 ,  2.049684e+03 , -1.938285e+03 , -6.105135e+01 ,  4.568514e+03 ,  1.275574e+02 ,  4.941764e+02 ,  3.329355e+03 , -3.102384e+03 ,  2.803159e+03 ,  3.683662e+02 ,  2.334481e+03 ,  1.341891e+03 , -2.813486e+03 ,  3.604778e+03 ,  3.250594e+03 , -1.335373e+03 , -4.457294e+03 , -2.331069e+03 ,  1.309551e+03 , -1.108878e+03 , -4.892747e+03 ,  4.658969e+03 ,  3.822538e+03 ,  6.222037e+02 , -2.428404e+03 , -8.056855e+02 , -3.982094e+03 ,  1.873806e+03 ,  2.736226e+03 ,  4.786065e+03 , -2.129093e+03 , -4.332401e+03 ,  1.358598e+03 , -2.845872e+03 ,  4.573143e+03 , -2.043287e+03 , -4.665436e+03 , -1.311849e+02 , -1.701249e+03 ,  1.915495e+03 ,  1.772739e+03 , -3.251854e+03 , -1.696354e+03 , -3.480397e+03 ,]
angleInclination_array = [2.443461e+00 , 2.443461e+00 , 2.443461e+00 , 2.443461e+00 , 2.443461e+00 , 2.443461e+00 , 2.443461e+00 , 2.443461e+00 , 2.443461e+00 , 2.443461e+00 , 2.443461e+00 , 2.443461e+00 , 2.443461e+00 , 2.443461e+00 , 2.443461e+00 , 2.443461e+00 , 2.443461e+00 , 2.443461e+00 , 2.443461e+00 , 2.443461e+00 , 2.443461e+00 , 2.443461e+00 , 2.443461e+00 , 2.443461e+00 , 2.443461e+00 , 2.443461e+00 , 2.443461e+00 , 2.443461e+00 , 2.443461e+00 , 2.443461e+00 , 2.443461e+00 , 2.443461e+00 , 2.443461e+00 , 2.443461e+00 , 2.443461e+00 , 2.443461e+00 , 2.443461e+00 , 2.443461e+00 , 2.443461e+00 , 2.443461e+00 , 2.443461e+00 , 2.443461e+00 , 2.443461e+00 , 2.443461e+00 , 2.443461e+00 , 2.443461e+00 , 2.443461e+00 , 2.443461e+00 , 2.443461e+00 , 2.443461e+00 ,]
angleAzimuth_array = [4.886922e+00 , 4.886922e+00 , 4.886922e+00 , 4.886922e+00 , 4.886922e+00 , 4.886922e+00 , 4.886922e+00 , 4.886922e+00 , 4.886922e+00 , 4.886922e+00 , 4.886922e+00 , 4.886922e+00 , 4.886922e+00 , 4.886922e+00 , 4.886922e+00 , 4.886922e+00 , 4.886922e+00 , 4.886922e+00 , 4.886922e+00 , 4.886922e+00 , 4.886922e+00 , 4.886922e+00 , 4.886922e+00 , 4.886922e+00 , 4.886922e+00 , 4.886922e+00 , 4.886922e+00 , 4.886922e+00 , 4.886922e+00 , 4.886922e+00 , 4.886922e+00 , 4.886922e+00 , 4.886922e+00 , 4.886922e+00 , 4.886922e+00 , 4.886922e+00 , 4.886922e+00 , 4.886922e+00 , 4.886922e+00 , 4.886922e+00 , 4.886922e+00 , 4.886922e+00 , 4.886922e+00 , 4.886922e+00 , 4.886922e+00 , 4.886922e+00 , 4.886922e+00 , 4.886922e+00 , 4.886922e+00 , 4.886922e+00 ,]
