% ground truth for sim_inc20_az120.tif
% settings
number_of_spots = 50
pixel_size_nm = 51.200
image_size_nm = 14142.136
image_size_px = 275
wavelength = 500
par.objectiveNA = 2.17
objectiveFocalLength = 770
par.refractiveIndices = [1.310000e+00 , 2.170000e+00 , 2.170000e+00 ,]
par.nDiscretizationBFP = 129
par.backgroundNoise = 0.020
par.nPhotons = 500
positionX_nm_array = [2.451859e+03 ,  4.288479e+03 , -3.947253e+03 ,  1.621954e+03 , -2.897904e+03 ,  3.374758e+03 ,  2.782960e+03 , -6.189111e+02 , -1.173373e+02 ,  2.461799e+03 , -2.453076e+03 ,  4.300099e+03 ,  3.796182e+03 ,  1.079148e+03 , -2.807069e+03 ,  3.541813e+03 , -1.762377e+03 ,  3.146461e+02 , -2.740239e+03 , -1.418207e+03 , -2.817725e+03 , -4.613348e+03 , -4.222565e+03 , -9.718790e+02 ,  1.339651e+03 ,  1.843604e+03 , -4.828825e+03 ,  2.243722e+03 , -1.706993e+03 ,  1.439408e+03 , -7.914505e+02 , -4.829506e+03 ,  4.557469e+03 ,  3.351992e+03 ,  2.679462e+02 , -1.456056e+02 ,  2.717136e+02 ,  3.358281e+03 ,  1.738915e+02 , -2.960754e+03 ,  9.303978e+02 , -4.331377e+03 ,  2.151752e+03 , -1.813364e+03 ,  4.701092e+03 , -7.228797e+02 ,  4.760130e+03 , -3.409421e+03 ,  4.934027e+02 , -4.917088e+03 ,]
positionY_nm_array = [-2.883171e+03 , -3.453035e+03 , -2.059873e+03 , -4.185460e+03 , -6.107259e+02 , -4.650711e+03 ,  2.039829e+03 ,  1.910792e+03 ,  4.700503e+03 ,  6.439853e+02 ,  2.255037e+03 ,  2.316147e+03 , -1.997215e+03 , -1.331983e+03 ,  8.326182e+02 ,  3.532057e+03 ,  3.816583e+03 , -1.658195e+02 , -2.671212e+03 ,  2.828413e+03 , -4.689937e+03 ,  3.107848e+03 ,  6.073472e+02 ,  1.785273e+02 ,  4.204058e+03 ,  2.951324e+03 , -3.212208e+03 ,  4.697955e+03 , -3.551610e+03 , -8.242948e+01 , -4.108257e+03 ,  4.138801e+03 ,  3.785080e+03 ,  4.616241e+03 ,  1.277824e+03 , -2.498733e+03 , -3.433198e+03 , -9.422174e+02 , -4.890571e+03 ,  4.918131e+03 , -2.427963e+03 , -4.889376e+03 , -1.098304e+03 , -9.126913e+02 , -3.628826e+02 , -1.515421e+03 , -4.620260e+03 ,  3.018050e+03 ,  2.774094e+03 , -9.989558e+02 ,]
angleInclination_array = [3.490659e-01 , 3.490659e-01 , 3.490659e-01 , 3.490659e-01 , 3.490659e-01 , 3.490659e-01 , 3.490659e-01 , 3.490659e-01 , 3.490659e-01 , 3.490659e-01 , 3.490659e-01 , 3.490659e-01 , 3.490659e-01 , 3.490659e-01 , 3.490659e-01 , 3.490659e-01 , 3.490659e-01 , 3.490659e-01 , 3.490659e-01 , 3.490659e-01 , 3.490659e-01 , 3.490659e-01 , 3.490659e-01 , 3.490659e-01 , 3.490659e-01 , 3.490659e-01 , 3.490659e-01 , 3.490659e-01 , 3.490659e-01 , 3.490659e-01 , 3.490659e-01 , 3.490659e-01 , 3.490659e-01 , 3.490659e-01 , 3.490659e-01 , 3.490659e-01 , 3.490659e-01 , 3.490659e-01 , 3.490659e-01 , 3.490659e-01 , 3.490659e-01 , 3.490659e-01 , 3.490659e-01 , 3.490659e-01 , 3.490659e-01 , 3.490659e-01 , 3.490659e-01 , 3.490659e-01 , 3.490659e-01 , 3.490659e-01 ,]
angleAzimuth_array = [2.094395e+00 , 2.094395e+00 , 2.094395e+00 , 2.094395e+00 , 2.094395e+00 , 2.094395e+00 , 2.094395e+00 , 2.094395e+00 , 2.094395e+00 , 2.094395e+00 , 2.094395e+00 , 2.094395e+00 , 2.094395e+00 , 2.094395e+00 , 2.094395e+00 , 2.094395e+00 , 2.094395e+00 , 2.094395e+00 , 2.094395e+00 , 2.094395e+00 , 2.094395e+00 , 2.094395e+00 , 2.094395e+00 , 2.094395e+00 , 2.094395e+00 , 2.094395e+00 , 2.094395e+00 , 2.094395e+00 , 2.094395e+00 , 2.094395e+00 , 2.094395e+00 , 2.094395e+00 , 2.094395e+00 , 2.094395e+00 , 2.094395e+00 , 2.094395e+00 , 2.094395e+00 , 2.094395e+00 , 2.094395e+00 , 2.094395e+00 , 2.094395e+00 , 2.094395e+00 , 2.094395e+00 , 2.094395e+00 , 2.094395e+00 , 2.094395e+00 , 2.094395e+00 , 2.094395e+00 , 2.094395e+00 , 2.094395e+00 ,]
