% ground truth for sim_inc10_az280.tif
% settings
number_of_spots = 50
pixel_size_nm = 51.200
image_size_nm = 14142.136
image_size_px = 275
wavelength = 500
par.objectiveNA = 2.17
objectiveFocalLength = 770
par.refractiveIndices = [1.310000e+00 , 2.170000e+00 , 2.170000e+00 ,]
par.nDiscretizationBFP = 129
par.backgroundNoise = 0.020
par.nPhotons = 500
positionX_nm_array = [1.604703e+03 ,  3.338621e+03 , -2.670170e+03 ,  2.627331e+03 ,  1.103837e+03 ,  2.873225e+03 ,  1.175929e+03 , -4.348946e+03 ,  6.477629e+02 ,  3.090476e+03 ,  7.169151e+02 , -2.110455e+02 ,  3.423265e+03 ,  1.458533e+03 , -3.355202e+03 ,  4.415941e+03 , -1.425024e+03 ,  1.228632e+03 ,  1.523159e+01 , -1.960951e+03 , -1.626623e+03 ,  4.413098e+03 , -2.187718e+03 , -1.409433e+03 , -4.603984e+03 ,  4.345347e+03 , -3.773363e+03 , -3.382193e+02 , -4.698115e+02 , -4.791927e+03 , -1.239290e+03 , -3.602569e+03 , -4.371040e+02 , -4.148516e+03 , -2.243146e+03 , -4.846479e+03 ,  4.208250e+03 , -3.281304e+03 ,  2.331789e+03 , -3.367808e+03 ,  4.014365e+03 ,  2.935871e+03 , -4.822841e+02 , -2.419876e+03 ,  2.113284e+03 , -8.580403e+02 ,  3.400632e+03 ,  1.577136e+03 , -3.240669e+03 ,  4.615300e+03 ,]
positionY_nm_array = [5.881970e+02 , -6.652568e+02 ,  3.119080e+03 ,  3.307089e+03 ,  4.302387e+03 , -3.277154e+03 ,  2.060666e+03 , -1.704238e+03 , -4.515723e+03 , -1.727182e+03 , -2.595800e+02 ,  3.066653e+03 ,  1.564962e+03 , -1.635612e+03 ,  5.936430e+02 ,  4.063117e+03 ,  1.055740e+03 , -2.818668e+03 ,  1.132778e+03 , -1.622411e+03 ,  2.217936e+03 , -1.806579e+03 , -3.214381e+03 , -7.502992e+02 ,  4.407112e+03 , -3.538973e+03 ,  2.091967e+03 , -1.199560e+03 ,  4.363698e+03 ,  3.207460e+03 ,  3.444141e+03 , -3.361986e+03 , -4.781176e+03 , -2.454157e+02 ,  4.372366e+03 ,  1.588081e+03 ,  6.862476e+02 , -4.573657e+03 ,  4.604359e+03 , -1.356575e+03 ,  2.760361e+03 ,  4.436434e+02 ,  6.657452e+01 , -4.419385e+02 ,  1.532398e+03 , -3.596237e+03 , -4.429531e+03 ,  3.221270e+03 ,  4.173984e+03 ,  1.923205e+03 ,]
angleInclination_array = [1.745329e-01 , 1.745329e-01 , 1.745329e-01 , 1.745329e-01 , 1.745329e-01 , 1.745329e-01 , 1.745329e-01 , 1.745329e-01 , 1.745329e-01 , 1.745329e-01 , 1.745329e-01 , 1.745329e-01 , 1.745329e-01 , 1.745329e-01 , 1.745329e-01 , 1.745329e-01 , 1.745329e-01 , 1.745329e-01 , 1.745329e-01 , 1.745329e-01 , 1.745329e-01 , 1.745329e-01 , 1.745329e-01 , 1.745329e-01 , 1.745329e-01 , 1.745329e-01 , 1.745329e-01 , 1.745329e-01 , 1.745329e-01 , 1.745329e-01 , 1.745329e-01 , 1.745329e-01 , 1.745329e-01 , 1.745329e-01 , 1.745329e-01 , 1.745329e-01 , 1.745329e-01 , 1.745329e-01 , 1.745329e-01 , 1.745329e-01 , 1.745329e-01 , 1.745329e-01 , 1.745329e-01 , 1.745329e-01 , 1.745329e-01 , 1.745329e-01 , 1.745329e-01 , 1.745329e-01 , 1.745329e-01 , 1.745329e-01 ,]
angleAzimuth_array = [4.886922e+00 , 4.886922e+00 , 4.886922e+00 , 4.886922e+00 , 4.886922e+00 , 4.886922e+00 , 4.886922e+00 , 4.886922e+00 , 4.886922e+00 , 4.886922e+00 , 4.886922e+00 , 4.886922e+00 , 4.886922e+00 , 4.886922e+00 , 4.886922e+00 , 4.886922e+00 , 4.886922e+00 , 4.886922e+00 , 4.886922e+00 , 4.886922e+00 , 4.886922e+00 , 4.886922e+00 , 4.886922e+00 , 4.886922e+00 , 4.886922e+00 , 4.886922e+00 , 4.886922e+00 , 4.886922e+00 , 4.886922e+00 , 4.886922e+00 , 4.886922e+00 , 4.886922e+00 , 4.886922e+00 , 4.886922e+00 , 4.886922e+00 , 4.886922e+00 , 4.886922e+00 , 4.886922e+00 , 4.886922e+00 , 4.886922e+00 , 4.886922e+00 , 4.886922e+00 , 4.886922e+00 , 4.886922e+00 , 4.886922e+00 , 4.886922e+00 , 4.886922e+00 , 4.886922e+00 , 4.886922e+00 , 4.886922e+00 ,]
