% ground truth for sim_inc100_az220.tif
% settings
number_of_spots = 50
pixel_size_nm = 51.200
image_size_nm = 14142.136
image_size_px = 275
wavelength = 500
par.objectiveNA = 2.17
objectiveFocalLength = 770
par.refractiveIndices = [1.310000e+00 , 2.170000e+00 , 2.170000e+00 ,]
par.nDiscretizationBFP = 129
par.backgroundNoise = 0.020
par.nPhotons = 500
positionX_nm_array = [-4.501006e+03 , -3.845789e+03 , -3.490226e+03 ,  4.462167e+03 ,  2.755564e+03 , -5.821802e+02 , -1.336325e+03 ,  1.415415e+03 , -2.697494e+03 ,  1.778953e+03 ,  2.274599e+03 , -2.858341e+03 , -4.789224e+03 ,  8.918154e+02 ,  4.100381e+03 , -8.575610e+02 ,  2.957457e+03 ,  2.271801e+03 , -1.169909e+03 ,  4.651297e+03 , -2.153512e+03 ,  4.310368e+03 ,  3.547330e+03 , -3.939619e+03 , -3.934348e+03 ,  1.313879e+03 , -2.102151e+03 ,  1.050474e+03 ,  2.304626e+03 ,  3.395657e+03 ,  4.849515e+03 ,  4.417776e+03 ,  6.867473e+02 ,  2.191289e+03 , -1.813693e+03 , -2.384914e+03 ,  3.599200e+03 ,  4.520631e+02 , -4.978955e+02 , -1.856963e+03 ,  1.299734e+03 , -1.919502e+02 , -3.140774e+03 , -3.275689e+02 , -2.848091e+02 , -3.104015e+03 ,  4.674565e+03 ,  3.131921e+03 , -4.190372e+03 , -3.810964e+03 ,]
positionY_nm_array = [-4.684653e+03 ,  2.959813e+03 ,  4.382979e+03 ,  3.630329e+03 , -3.711789e+03 , -5.838997e+02 , -4.731784e+03 , -1.084670e+03 , -4.586182e+02 ,  2.868537e+03 ,  1.542760e+03 , -4.606169e+03 ,  4.503690e+03 , -4.593542e+03 , -1.597349e+03 ,  3.228216e+03 ,  3.637517e+03 , -1.603446e+03 ,  1.618345e+03 ,  1.336206e+03 , -2.758570e+03 , -3.034240e+03 , -5.489211e+02 , -1.524239e+03 ,  1.117357e+03 ,  6.022123e+02 , -1.668678e+03 ,  4.333270e+03 ,  4.688741e+03 ,  4.793725e+03 , -4.091779e+03 ,  2.529857e+03 , -2.205063e+03 , -4.929917e+03 ,  4.333900e+03 ,  3.319480e+03 ,  9.205284e+02 ,  2.159699e+03 , -1.654244e+03 ,  5.291698e+02 , -3.386129e+03 , -3.644906e+03 , -2.928913e+03 , -4.911615e+03 ,  1.057598e+03 ,  1.973582e+03 ,  4.835702e+03 , -2.405059e+03 , -3.383783e+03 , -1.010752e+00 ,]
angleInclination_array = [1.745329e+00 , 1.745329e+00 , 1.745329e+00 , 1.745329e+00 , 1.745329e+00 , 1.745329e+00 , 1.745329e+00 , 1.745329e+00 , 1.745329e+00 , 1.745329e+00 , 1.745329e+00 , 1.745329e+00 , 1.745329e+00 , 1.745329e+00 , 1.745329e+00 , 1.745329e+00 , 1.745329e+00 , 1.745329e+00 , 1.745329e+00 , 1.745329e+00 , 1.745329e+00 , 1.745329e+00 , 1.745329e+00 , 1.745329e+00 , 1.745329e+00 , 1.745329e+00 , 1.745329e+00 , 1.745329e+00 , 1.745329e+00 , 1.745329e+00 , 1.745329e+00 , 1.745329e+00 , 1.745329e+00 , 1.745329e+00 , 1.745329e+00 , 1.745329e+00 , 1.745329e+00 , 1.745329e+00 , 1.745329e+00 , 1.745329e+00 , 1.745329e+00 , 1.745329e+00 , 1.745329e+00 , 1.745329e+00 , 1.745329e+00 , 1.745329e+00 , 1.745329e+00 , 1.745329e+00 , 1.745329e+00 , 1.745329e+00 ,]
angleAzimuth_array = [3.839724e+00 , 3.839724e+00 , 3.839724e+00 , 3.839724e+00 , 3.839724e+00 , 3.839724e+00 , 3.839724e+00 , 3.839724e+00 , 3.839724e+00 , 3.839724e+00 , 3.839724e+00 , 3.839724e+00 , 3.839724e+00 , 3.839724e+00 , 3.839724e+00 , 3.839724e+00 , 3.839724e+00 , 3.839724e+00 , 3.839724e+00 , 3.839724e+00 , 3.839724e+00 , 3.839724e+00 , 3.839724e+00 , 3.839724e+00 , 3.839724e+00 , 3.839724e+00 , 3.839724e+00 , 3.839724e+00 , 3.839724e+00 , 3.839724e+00 , 3.839724e+00 , 3.839724e+00 , 3.839724e+00 , 3.839724e+00 , 3.839724e+00 , 3.839724e+00 , 3.839724e+00 , 3.839724e+00 , 3.839724e+00 , 3.839724e+00 , 3.839724e+00 , 3.839724e+00 , 3.839724e+00 , 3.839724e+00 , 3.839724e+00 , 3.839724e+00 , 3.839724e+00 , 3.839724e+00 , 3.839724e+00 , 3.839724e+00 ,]
