% ground truth for sim_inc100_az300.tif
% settings
number_of_spots = 50
pixel_size_nm = 51.200
image_size_nm = 14142.136
image_size_px = 275
wavelength = 500
par.objectiveNA = 2.17
objectiveFocalLength = 770
par.refractiveIndices = [1.310000e+00 , 2.170000e+00 , 2.170000e+00 ,]
par.nDiscretizationBFP = 129
par.backgroundNoise = 0.020
par.nPhotons = 500
positionX_nm_array = [2.105747e+02 ,  3.125961e+03 , -1.927369e+03 , -3.192073e+03 ,  3.629140e+03 ,  2.249545e+03 , -2.465671e+03 ,  1.089476e+03 ,  3.126867e+03 , -1.096730e+03 ,  5.585468e+01 , -8.116415e+02 , -3.607066e+03 ,  4.679768e+03 ,  2.737207e+02 ,  1.548812e+03 ,  3.504413e+03 , -2.979278e+03 ,  2.047868e+03 , -2.585694e+03 , -4.431573e+03 , -4.175564e+03 ,  1.200413e+02 , -2.371035e+03 ,  1.534077e+03 , -5.538944e+02 ,  8.692650e+01 ,  1.147715e+03 ,  4.728508e+03 ,  6.853417e+02 ,  4.764542e+03 , -1.818765e+03 ,  2.584216e+03 , -7.804381e+02 ,  2.253314e+03 , -1.879207e+03 ,  3.259006e+03 , -3.493325e+03 ,  3.341037e+03 ,  1.702310e+03 ,  4.530308e+03 ,  2.368213e+03 , -4.716271e+03 ,  4.910084e+03 , -4.878420e+03 ,  4.975842e+02 , -4.794120e+03 ,  2.189377e+03 , -2.837789e+03 , -4.624843e+02 ,]
positionY_nm_array = [-1.240916e+03 , -4.010747e+03 , -2.549607e+03 , -2.830537e+03 ,  1.491213e+03 , -5.599452e+02 , -5.637076e+02 ,  4.516620e+03 , -1.085868e+03 ,  3.339590e+03 ,  1.422395e+03 , -2.707489e+03 ,  4.328883e+03 ,  1.172143e+03 ,  2.871180e+03 ,  5.378520e+02 ,  4.716007e+03 ,  1.938250e+03 , -3.537517e+03 ,  3.572951e+03 ,  3.353581e+03 , -4.588619e+03 , -4.901786e+03 , -3.819278e+03 ,  3.337492e+03 , -3.890830e+02 ,  4.033642e+03 , -2.644164e+03 ,  3.406985e+03 , -3.940965e+03 , -5.749365e+02 ,  4.708037e+03 ,  1.306084e+03 ,  6.233536e+02 , -4.867262e+03 ,  1.654089e+03 ,  3.200923e+03 , -5.730860e+02 , -2.927837e+03 ,  1.836211e+03 , -1.698846e+03 , -2.374687e+03 , -2.880090e+03 , -3.971839e+03 ,  2.387413e+03 ,  2.208123e+02 ,  4.318979e+03 ,  4.869670e+03 , -4.888441e+03 , -4.008367e+03 ,]
angleInclination_array = [1.745329e+00 , 1.745329e+00 , 1.745329e+00 , 1.745329e+00 , 1.745329e+00 , 1.745329e+00 , 1.745329e+00 , 1.745329e+00 , 1.745329e+00 , 1.745329e+00 , 1.745329e+00 , 1.745329e+00 , 1.745329e+00 , 1.745329e+00 , 1.745329e+00 , 1.745329e+00 , 1.745329e+00 , 1.745329e+00 , 1.745329e+00 , 1.745329e+00 , 1.745329e+00 , 1.745329e+00 , 1.745329e+00 , 1.745329e+00 , 1.745329e+00 , 1.745329e+00 , 1.745329e+00 , 1.745329e+00 , 1.745329e+00 , 1.745329e+00 , 1.745329e+00 , 1.745329e+00 , 1.745329e+00 , 1.745329e+00 , 1.745329e+00 , 1.745329e+00 , 1.745329e+00 , 1.745329e+00 , 1.745329e+00 , 1.745329e+00 , 1.745329e+00 , 1.745329e+00 , 1.745329e+00 , 1.745329e+00 , 1.745329e+00 , 1.745329e+00 , 1.745329e+00 , 1.745329e+00 , 1.745329e+00 , 1.745329e+00 ,]
angleAzimuth_array = [5.235988e+00 , 5.235988e+00 , 5.235988e+00 , 5.235988e+00 , 5.235988e+00 , 5.235988e+00 , 5.235988e+00 , 5.235988e+00 , 5.235988e+00 , 5.235988e+00 , 5.235988e+00 , 5.235988e+00 , 5.235988e+00 , 5.235988e+00 , 5.235988e+00 , 5.235988e+00 , 5.235988e+00 , 5.235988e+00 , 5.235988e+00 , 5.235988e+00 , 5.235988e+00 , 5.235988e+00 , 5.235988e+00 , 5.235988e+00 , 5.235988e+00 , 5.235988e+00 , 5.235988e+00 , 5.235988e+00 , 5.235988e+00 , 5.235988e+00 , 5.235988e+00 , 5.235988e+00 , 5.235988e+00 , 5.235988e+00 , 5.235988e+00 , 5.235988e+00 , 5.235988e+00 , 5.235988e+00 , 5.235988e+00 , 5.235988e+00 , 5.235988e+00 , 5.235988e+00 , 5.235988e+00 , 5.235988e+00 , 5.235988e+00 , 5.235988e+00 , 5.235988e+00 , 5.235988e+00 , 5.235988e+00 , 5.235988e+00 ,]
