% ground truth for sim_inc160_az120.tif
% settings
number_of_spots = 50
pixel_size_nm = 51.200
image_size_nm = 14142.136
image_size_px = 275
wavelength = 500
par.objectiveNA = 2.17
objectiveFocalLength = 770
par.refractiveIndices = [1.310000e+00 , 2.170000e+00 , 2.170000e+00 ,]
par.nDiscretizationBFP = 129
par.backgroundNoise = 0.020
par.nPhotons = 500
positionX_nm_array = [-1.602870e+03 ,  4.007067e+03 ,  7.984948e+02 , -2.247444e+03 , -4.925533e+03 , -2.337809e+03 ,  1.337279e+03 ,  4.741899e+02 ,  2.692552e+03 ,  2.338390e+03 ,  2.175568e+03 , -3.896932e+03 ,  1.917684e+03 , -4.914726e+03 ,  4.307102e+03 , -3.100080e+02 , -4.124895e+03 , -2.566762e+03 ,  4.519213e+03 , -1.472748e+03 ,  2.760591e+03 , -2.453100e+03 ,  7.157985e+01 ,  3.596150e+03 , -1.236878e+03 ,  9.657473e+00 , -2.767322e+03 ,  3.192123e+03 , -2.300372e+02 ,  7.738031e+02 , -4.343026e+03 ,  2.854198e+03 ,  4.021883e+03 , -3.826120e+03 , -8.288890e+02 ,  4.407425e+03 , -4.773729e+03 ,  3.088449e+03 , -2.333176e+02 , -2.863106e+03 ,  1.873728e+03 , -3.828744e+03 , -3.232024e+03 ,  2.407879e+03 ,  4.908373e+03 , -3.284751e+03 ,  3.523204e+03 ,  3.491780e+03 , -1.527818e+03 ,  2.181209e+03 ,]
positionY_nm_array = [2.550939e+03 , -3.876517e+03 , -4.112970e+03 , -2.113593e+03 ,  3.305229e+03 , -3.792823e+03 ,  1.925167e+03 , -1.115779e+03 ,  4.779280e+03 , -3.656599e+03 ,  4.867028e+02 , -1.694086e+02 ,  3.525186e+03 , -2.101834e+03 ,  1.409853e+03 ,  9.595472e+02 ,  1.361993e+03 ,  9.055557e+02 , -8.571934e+02 ,  4.390981e+03 , -3.892732e+02 , -6.849747e+02 ,  2.323609e+03 , -4.918531e+03 , -3.537723e+03 , -3.157435e+03 ,  2.319786e+03 ,  3.696583e+03 , -4.520852e+03 ,  3.409234e+03 , -3.765045e+03 , -2.335718e+03 ,  4.301488e+03 , -2.637276e+03 , -7.406732e+01 ,  2.716647e+03 ,  3.283491e+02 ,  1.092672e+03 ,  4.233874e+03 ,  3.764001e+03 , -2.049086e+03 ,  4.380842e+03 , -1.362056e+03 , -4.932588e+03 ,  4.876783e+03 , -4.354450e+03 ,  2.246617e+03 , -1.145844e+03 , -1.385820e+03 ,  2.495086e+03 ,]
angleInclination_array = [2.792527e+00 , 2.792527e+00 , 2.792527e+00 , 2.792527e+00 , 2.792527e+00 , 2.792527e+00 , 2.792527e+00 , 2.792527e+00 , 2.792527e+00 , 2.792527e+00 , 2.792527e+00 , 2.792527e+00 , 2.792527e+00 , 2.792527e+00 , 2.792527e+00 , 2.792527e+00 , 2.792527e+00 , 2.792527e+00 , 2.792527e+00 , 2.792527e+00 , 2.792527e+00 , 2.792527e+00 , 2.792527e+00 , 2.792527e+00 , 2.792527e+00 , 2.792527e+00 , 2.792527e+00 , 2.792527e+00 , 2.792527e+00 , 2.792527e+00 , 2.792527e+00 , 2.792527e+00 , 2.792527e+00 , 2.792527e+00 , 2.792527e+00 , 2.792527e+00 , 2.792527e+00 , 2.792527e+00 , 2.792527e+00 , 2.792527e+00 , 2.792527e+00 , 2.792527e+00 , 2.792527e+00 , 2.792527e+00 , 2.792527e+00 , 2.792527e+00 , 2.792527e+00 , 2.792527e+00 , 2.792527e+00 , 2.792527e+00 ,]
angleAzimuth_array = [2.094395e+00 , 2.094395e+00 , 2.094395e+00 , 2.094395e+00 , 2.094395e+00 , 2.094395e+00 , 2.094395e+00 , 2.094395e+00 , 2.094395e+00 , 2.094395e+00 , 2.094395e+00 , 2.094395e+00 , 2.094395e+00 , 2.094395e+00 , 2.094395e+00 , 2.094395e+00 , 2.094395e+00 , 2.094395e+00 , 2.094395e+00 , 2.094395e+00 , 2.094395e+00 , 2.094395e+00 , 2.094395e+00 , 2.094395e+00 , 2.094395e+00 , 2.094395e+00 , 2.094395e+00 , 2.094395e+00 , 2.094395e+00 , 2.094395e+00 , 2.094395e+00 , 2.094395e+00 , 2.094395e+00 , 2.094395e+00 , 2.094395e+00 , 2.094395e+00 , 2.094395e+00 , 2.094395e+00 , 2.094395e+00 , 2.094395e+00 , 2.094395e+00 , 2.094395e+00 , 2.094395e+00 , 2.094395e+00 , 2.094395e+00 , 2.094395e+00 , 2.094395e+00 , 2.094395e+00 , 2.094395e+00 , 2.094395e+00 ,]
