% ground truth for sim_inc10_az0.tif
% settings
number_of_spots = 50
pixel_size_nm = 51.200
image_size_nm = 14142.136
image_size_px = 275
wavelength = 500
par.objectiveNA = 2.17
objectiveFocalLength = 770
par.refractiveIndices = [1.310000e+00 , 2.170000e+00 , 2.170000e+00 ,]
par.nDiscretizationBFP = 129
par.backgroundNoise = 0.020
par.nPhotons = 500
positionX_nm_array = [-1.160632e+03 , -2.408910e+02 ,  2.275673e+03 ,  4.072695e+03 , -2.866940e+01 , -1.778607e+03 ,  1.906687e+02 ,  3.343151e+02 , -4.383063e+03 ,  3.116931e+02 , -1.457959e+03 ,  3.636345e+03 , -2.455957e+03 , -3.402662e+02 , -2.353510e+03 ,  4.775056e+03 ,  3.463216e+03 , -8.795863e+02 , -4.580276e+03 ,  3.570117e+03 ,  2.735155e+03 ,  3.912738e+03 ,  1.809983e+03 ,  1.797044e+03 , -1.667229e+03 ,  2.737699e+03 , -2.659603e+03 ,  3.123762e+03 , -4.559220e+03 , -1.405314e+03 , -4.942590e+03 , -3.538217e+03 ,  1.398377e+03 , -3.239819e+03 , -4.953222e+02 , -2.693761e+03 ,  2.468355e+03 , -1.294355e+03 ,  1.135575e+03 ,  1.493032e+03 , -4.119237e+03 ,  3.140375e+03 , -3.547823e+03 , -3.855118e+03 ,  1.353777e+03 ,  3.643019e+03 , -4.851905e+03 , -3.399153e+03 ,  4.947839e+03 , -2.409752e+03 ,]
positionY_nm_array = [1.573665e+03 ,  4.167709e+03 ,  1.535017e+03 ,  2.831656e+03 , -1.442512e+03 , -1.959338e+03 , -4.456716e+02 ,  1.746416e+03 , -3.810072e+03 , -3.830630e+03 , -4.044979e+03 , -1.246872e+03 ,  3.262766e+03 , -4.603477e+03 ,  9.141866e+02 , -2.178061e+03 ,  1.481040e+03 ,  2.381087e+02 ,  8.577394e+02 ,  4.859842e+03 , -3.079192e+03 , -3.781018e+03 , -1.990666e+02 ,  3.632128e+03 ,  4.198528e+03 , -5.865054e+02 , -2.736602e+03 ,  3.819425e+03 ,  3.685104e+03 ,  2.627796e+03 , -4.874775e+03 , -1.311220e+03 , -4.534255e+03 , -3.387057e+02 , -2.639212e+03 , -4.266068e+03 , -4.714515e+03 , -1.001718e+03 ,  8.941050e+02 , -2.344957e+03 , -2.279195e+03 , -2.159295e+03 ,  1.796305e+03 ,  4.683668e+03 , -3.368201e+03 ,  3.476429e+02 , -1.547988e+03 ,  2.863401e+03 ,  3.736553e+03 , -1.007938e+03 ,]
angleInclination_array = [1.745329e-01 , 1.745329e-01 , 1.745329e-01 , 1.745329e-01 , 1.745329e-01 , 1.745329e-01 , 1.745329e-01 , 1.745329e-01 , 1.745329e-01 , 1.745329e-01 , 1.745329e-01 , 1.745329e-01 , 1.745329e-01 , 1.745329e-01 , 1.745329e-01 , 1.745329e-01 , 1.745329e-01 , 1.745329e-01 , 1.745329e-01 , 1.745329e-01 , 1.745329e-01 , 1.745329e-01 , 1.745329e-01 , 1.745329e-01 , 1.745329e-01 , 1.745329e-01 , 1.745329e-01 , 1.745329e-01 , 1.745329e-01 , 1.745329e-01 , 1.745329e-01 , 1.745329e-01 , 1.745329e-01 , 1.745329e-01 , 1.745329e-01 , 1.745329e-01 , 1.745329e-01 , 1.745329e-01 , 1.745329e-01 , 1.745329e-01 , 1.745329e-01 , 1.745329e-01 , 1.745329e-01 , 1.745329e-01 , 1.745329e-01 , 1.745329e-01 , 1.745329e-01 , 1.745329e-01 , 1.745329e-01 , 1.745329e-01 ,]
angleAzimuth_array = [0 , 0 , 0 , 0 , 0 , 0 , 0 , 0 , 0 , 0 , 0 , 0 , 0 , 0 , 0 , 0 , 0 , 0 , 0 , 0 , 0 , 0 , 0 , 0 , 0 , 0 , 0 , 0 , 0 , 0 , 0 , 0 , 0 , 0 , 0 , 0 , 0 , 0 , 0 , 0 , 0 , 0 , 0 , 0 , 0 , 0 , 0 , 0 , 0 , 0 ,]
