% ground truth for sim_inc130_az180.tif
% settings
number_of_spots = 50
pixel_size_nm = 51.200
image_size_nm = 14142.136
image_size_px = 275
wavelength = 500
par.objectiveNA = 2.17
objectiveFocalLength = 770
par.refractiveIndices = [1.310000e+00 , 2.170000e+00 , 2.170000e+00 ,]
par.nDiscretizationBFP = 129
par.backgroundNoise = 0.020
par.nPhotons = 500
positionX_nm_array = [-3.320638e+03 ,  2.562494e+03 ,  7.851270e+02 ,  2.821420e+03 , -2.603082e+03 ,  1.826041e+02 , -4.994864e+02 ,  1.967862e+03 ,  2.081737e+03 , -1.856687e+03 , -4.647368e+03 ,  1.463786e+03 ,  4.588421e+03 , -1.486377e+03 ,  3.554367e+03 , -3.133553e+03 , -3.283697e+03 , -2.060755e+03 ,  3.119487e+03 ,  1.698221e+03 , -2.909096e+03 , -7.798405e+02 , -2.824221e+03 ,  4.731253e+03 , -4.722200e+03 ,  5.853702e+02 ,  3.380995e+03 ,  2.201298e+02 ,  4.948109e+03 , -4.847005e+03 ,  4.630905e+02 , -4.314183e+03 ,  9.885794e+02 , -2.996972e+03 , -1.843721e+03 ,  3.984318e+03 , -1.635150e+03 , -4.672915e+03 ,  4.755619e+03 ,  2.688469e+03 , -4.081420e+03 , -4.477340e+03 ,  2.279573e+03 ,  3.770295e+03 , -3.619314e+03 , -2.272586e+03 , -6.696897e+02 , -5.226176e+02 ,  1.212834e+02 , -1.682337e+03 ,]
positionY_nm_array = [3.783915e+03 , -4.149243e+02 , -4.470388e+03 , -2.181840e+03 , -2.359830e+03 ,  1.481280e+03 ,  4.900728e+03 ,  3.775327e+03 ,  2.058690e+03 , -3.546187e+03 ,  5.737932e+02 , -1.969652e+03 , -3.328223e+03 ,  1.150196e+03 ,  4.285319e+03 ,  3.618729e+02 , -4.114995e+03 , -1.048793e+02 , -4.527833e+03 , -3.383810e+03 ,  4.937777e+03 , -4.353522e+03 ,  2.078204e+03 , -9.398189e+00 ,  2.586380e+03 ,  3.787393e+02 ,  2.846394e+03 , -1.871019e+03 , -1.323068e+03 ,  3.775428e+03 ,  3.686442e+03 , -1.339142e+03 ,  4.874441e+03 , -6.764532e+02 ,  2.357306e+03 ,  1.025773e+03 , -1.996242e+03 , -2.874860e+03 ,  3.821600e+03 ,  6.386554e+02 ,  4.909991e+03 , -4.824177e+03 ,  4.821091e+03 , -1.772869e+03 ,  2.703227e+03 , -4.466909e+03 , -1.252104e+03 ,  2.408024e+03 , -3.151308e+03 ,  3.977106e+03 ,]
angleInclination_array = [2.268928e+00 , 2.268928e+00 , 2.268928e+00 , 2.268928e+00 , 2.268928e+00 , 2.268928e+00 , 2.268928e+00 , 2.268928e+00 , 2.268928e+00 , 2.268928e+00 , 2.268928e+00 , 2.268928e+00 , 2.268928e+00 , 2.268928e+00 , 2.268928e+00 , 2.268928e+00 , 2.268928e+00 , 2.268928e+00 , 2.268928e+00 , 2.268928e+00 , 2.268928e+00 , 2.268928e+00 , 2.268928e+00 , 2.268928e+00 , 2.268928e+00 , 2.268928e+00 , 2.268928e+00 , 2.268928e+00 , 2.268928e+00 , 2.268928e+00 , 2.268928e+00 , 2.268928e+00 , 2.268928e+00 , 2.268928e+00 , 2.268928e+00 , 2.268928e+00 , 2.268928e+00 , 2.268928e+00 , 2.268928e+00 , 2.268928e+00 , 2.268928e+00 , 2.268928e+00 , 2.268928e+00 , 2.268928e+00 , 2.268928e+00 , 2.268928e+00 , 2.268928e+00 , 2.268928e+00 , 2.268928e+00 , 2.268928e+00 ,]
angleAzimuth_array = [3.141593e+00 , 3.141593e+00 , 3.141593e+00 , 3.141593e+00 , 3.141593e+00 , 3.141593e+00 , 3.141593e+00 , 3.141593e+00 , 3.141593e+00 , 3.141593e+00 , 3.141593e+00 , 3.141593e+00 , 3.141593e+00 , 3.141593e+00 , 3.141593e+00 , 3.141593e+00 , 3.141593e+00 , 3.141593e+00 , 3.141593e+00 , 3.141593e+00 , 3.141593e+00 , 3.141593e+00 , 3.141593e+00 , 3.141593e+00 , 3.141593e+00 , 3.141593e+00 , 3.141593e+00 , 3.141593e+00 , 3.141593e+00 , 3.141593e+00 , 3.141593e+00 , 3.141593e+00 , 3.141593e+00 , 3.141593e+00 , 3.141593e+00 , 3.141593e+00 , 3.141593e+00 , 3.141593e+00 , 3.141593e+00 , 3.141593e+00 , 3.141593e+00 , 3.141593e+00 , 3.141593e+00 , 3.141593e+00 , 3.141593e+00 , 3.141593e+00 , 3.141593e+00 , 3.141593e+00 , 3.141593e+00 , 3.141593e+00 ,]
