% ground truth for sim_inc180_az320.tif
% settings
number_of_spots = 50
pixel_size_nm = 51.200
image_size_nm = 14142.136
image_size_px = 275
wavelength = 500
par.objectiveNA = 2.17
objectiveFocalLength = 770
par.refractiveIndices = [1.310000e+00 , 2.170000e+00 , 2.170000e+00 ,]
par.nDiscretizationBFP = 129
par.backgroundNoise = 0.020
par.nPhotons = 500
positionX_nm_array = [-3.928144e+03 ,  3.731607e+03 , -2.873986e+03 ,  1.081652e+03 ,  1.312107e+03 , -3.050364e+03 , -4.614477e+03 , -4.753063e+03 , -3.158951e+03 ,  3.017648e+03 , -7.574492e+01 , -5.937301e+02 ,  4.585921e+03 ,  1.230923e+02 , -4.314288e+03 , -1.861463e+03 , -2.235941e+03 ,  4.304807e+03 ,  3.799925e+03 ,  1.756546e+03 ,  1.854359e+03 , -2.801099e+03 , -3.916926e+03 ,  4.026973e+03 , -4.668992e+02 , -1.158637e+03 ,  1.899106e+03 , -7.302602e+02 ,  3.354562e+03 , -1.016428e+03 , -2.079153e+03 , -2.147070e+03 ,  2.257433e+03 ,  1.204498e+03 , -8.948428e+02 ,  1.342131e+03 ,  4.040521e+03 , -2.352348e+03 ,  2.539714e+03 , -4.535398e+03 ,  3.015471e+03 ,  7.472168e+02 ,  3.108106e+03 ,  4.046974e+03 , -3.997169e+03 ,  4.838429e+03 ,  3.216030e+03 , -1.955714e+03 ,  4.299289e+03 ,  2.258225e+03 ,]
positionY_nm_array = [3.952771e+03 ,  4.077598e+03 , -3.863697e+03 , -4.236506e+03 ,  2.872967e+03 , -2.308034e+03 , -1.567767e+03 ,  2.097434e+03 ,  1.644797e+03 , -4.299288e+03 ,  1.587978e+03 ,  8.349952e+01 , -6.839734e+02 ,  4.187444e+03 , -3.288330e+03 ,  9.701687e+02 , -1.348886e+03 ,  2.831978e+03 ,  1.584679e+03 , -3.155691e+03 ,  7.019217e+02 ,  6.203448e+02 , -7.986076e+02 , -3.111897e+03 , -1.176546e+03 , -2.801978e+03 ,  4.266079e+03 , -4.552230e+03 , -1.055784e+03 ,  4.359554e+03 ,  4.127202e+03 , -2.421147e+02 , -4.380618e+02 , -1.872370e+03 ,  3.284471e+03 ,  1.792248e+03 , -4.683267e+03 , -4.882853e+03 ,  1.929557e+03 , -4.749401e+03 , -2.572834e+03 ,  1.290797e+02 ,  9.713762e+01 ,  4.475352e+02 ,  5.474353e+02 , -3.741016e+03 ,  3.159665e+03 ,  2.513436e+03 , -1.664739e+03 , -1.774176e+03 ,]
angleInclination_array = [3.141593e+00 , 3.141593e+00 , 3.141593e+00 , 3.141593e+00 , 3.141593e+00 , 3.141593e+00 , 3.141593e+00 , 3.141593e+00 , 3.141593e+00 , 3.141593e+00 , 3.141593e+00 , 3.141593e+00 , 3.141593e+00 , 3.141593e+00 , 3.141593e+00 , 3.141593e+00 , 3.141593e+00 , 3.141593e+00 , 3.141593e+00 , 3.141593e+00 , 3.141593e+00 , 3.141593e+00 , 3.141593e+00 , 3.141593e+00 , 3.141593e+00 , 3.141593e+00 , 3.141593e+00 , 3.141593e+00 , 3.141593e+00 , 3.141593e+00 , 3.141593e+00 , 3.141593e+00 , 3.141593e+00 , 3.141593e+00 , 3.141593e+00 , 3.141593e+00 , 3.141593e+00 , 3.141593e+00 , 3.141593e+00 , 3.141593e+00 , 3.141593e+00 , 3.141593e+00 , 3.141593e+00 , 3.141593e+00 , 3.141593e+00 , 3.141593e+00 , 3.141593e+00 , 3.141593e+00 , 3.141593e+00 , 3.141593e+00 ,]
angleAzimuth_array = [5.585054e+00 , 5.585054e+00 , 5.585054e+00 , 5.585054e+00 , 5.585054e+00 , 5.585054e+00 , 5.585054e+00 , 5.585054e+00 , 5.585054e+00 , 5.585054e+00 , 5.585054e+00 , 5.585054e+00 , 5.585054e+00 , 5.585054e+00 , 5.585054e+00 , 5.585054e+00 , 5.585054e+00 , 5.585054e+00 , 5.585054e+00 , 5.585054e+00 , 5.585054e+00 , 5.585054e+00 , 5.585054e+00 , 5.585054e+00 , 5.585054e+00 , 5.585054e+00 , 5.585054e+00 , 5.585054e+00 , 5.585054e+00 , 5.585054e+00 , 5.585054e+00 , 5.585054e+00 , 5.585054e+00 , 5.585054e+00 , 5.585054e+00 , 5.585054e+00 , 5.585054e+00 , 5.585054e+00 , 5.585054e+00 , 5.585054e+00 , 5.585054e+00 , 5.585054e+00 , 5.585054e+00 , 5.585054e+00 , 5.585054e+00 , 5.585054e+00 , 5.585054e+00 , 5.585054e+00 , 5.585054e+00 , 5.585054e+00 ,]
