% ground truth for sim_inc40_az60.tif
% settings
number_of_spots = 50
pixel_size_nm = 51.200
image_size_nm = 14142.136
image_size_px = 275
wavelength = 500
par.objectiveNA = 2.17
objectiveFocalLength = 770
par.refractiveIndices = [1.310000e+00 , 2.170000e+00 , 2.170000e+00 ,]
par.nDiscretizationBFP = 129
par.backgroundNoise = 0.020
par.nPhotons = 500
positionX_nm_array = [-1.219580e+03 ,  9.297711e+02 , -1.796479e+03 , -4.376569e+03 ,  1.175147e+03 ,  8.172201e+02 ,  2.806736e+03 ,  4.694148e+03 ,  3.645728e+03 , -8.999436e+02 ,  2.306471e+03 ,  2.770406e+02 , -1.995399e+03 ,  3.213964e+03 , -2.537579e+03 ,  2.637911e+03 , -1.750395e+02 ,  7.440218e+02 , -3.633161e+03 ,  1.871359e+03 , -4.848347e+03 , -1.328713e+03 ,  8.226818e+02 ,  4.587432e+03 , -4.337581e+03 , -3.637735e+03 , -2.040474e+03 , -2.847844e+03 ,  1.642040e+03 , -2.569604e+03 , -2.255859e+03 , -3.340126e+03 , -1.093098e+03 , -8.974730e+02 ,  3.330226e+03 ,  3.956142e+03 , -4.581795e+03 ,  3.440856e+03 ,  3.780361e+03 ,  2.473815e+03 ,  4.855679e+03 , -4.737774e+03 ,  4.279938e+03 ,  3.320124e+03 , -2.163025e+03 ,  1.364738e+03 ,  4.232391e+03 ,  2.362984e+03 , -1.585874e+02 , -4.877643e+03 ,]
positionY_nm_array = [3.761044e+03 , -3.337577e+02 , -3.236583e+03 ,  1.711478e+03 ,  3.934863e+03 , -2.949958e+03 ,  2.571575e+03 ,  3.914282e+03 , -1.348106e+03 ,  5.033677e+02 , -4.430444e+03 ,  2.805689e+03 ,  1.397120e+02 ,  4.907462e+03 ,  1.693245e+03 , -1.700216e+03 ,  1.620180e+03 , -4.583065e+03 ,  7.469776e+02 , -9.978445e+02 ,  3.967152e+03 ,  2.402738e+03 , -1.442993e+03 , -4.769632e+03 , -4.717235e+03 , -1.136259e+03 , -4.214833e+03 , -3.513567e+03 , -2.174241e+03 ,  4.277685e+03 , -2.258713e+03 ,  2.454421e+03 , -1.473139e+03 ,  4.778466e+03 , -3.388645e+02 ,  7.217208e+02 , -3.634442e+03 ,  3.607481e+03 , -2.483663e+03 , -2.795353e+03 ,  1.747358e+03 , -2.431721e+03 ,  2.699976e+03 , -4.678209e+03 , -9.213919e+02 ,  1.253518e+03 , -3.675964e+03 ,  3.579066e+02 ,  3.756356e+03 ,  5.996495e+02 ,]
angleInclination_array = [6.981317e-01 , 6.981317e-01 , 6.981317e-01 , 6.981317e-01 , 6.981317e-01 , 6.981317e-01 , 6.981317e-01 , 6.981317e-01 , 6.981317e-01 , 6.981317e-01 , 6.981317e-01 , 6.981317e-01 , 6.981317e-01 , 6.981317e-01 , 6.981317e-01 , 6.981317e-01 , 6.981317e-01 , 6.981317e-01 , 6.981317e-01 , 6.981317e-01 , 6.981317e-01 , 6.981317e-01 , 6.981317e-01 , 6.981317e-01 , 6.981317e-01 , 6.981317e-01 , 6.981317e-01 , 6.981317e-01 , 6.981317e-01 , 6.981317e-01 , 6.981317e-01 , 6.981317e-01 , 6.981317e-01 , 6.981317e-01 , 6.981317e-01 , 6.981317e-01 , 6.981317e-01 , 6.981317e-01 , 6.981317e-01 , 6.981317e-01 , 6.981317e-01 , 6.981317e-01 , 6.981317e-01 , 6.981317e-01 , 6.981317e-01 , 6.981317e-01 , 6.981317e-01 , 6.981317e-01 , 6.981317e-01 , 6.981317e-01 ,]
angleAzimuth_array = [1.047198e+00 , 1.047198e+00 , 1.047198e+00 , 1.047198e+00 , 1.047198e+00 , 1.047198e+00 , 1.047198e+00 , 1.047198e+00 , 1.047198e+00 , 1.047198e+00 , 1.047198e+00 , 1.047198e+00 , 1.047198e+00 , 1.047198e+00 , 1.047198e+00 , 1.047198e+00 , 1.047198e+00 , 1.047198e+00 , 1.047198e+00 , 1.047198e+00 , 1.047198e+00 , 1.047198e+00 , 1.047198e+00 , 1.047198e+00 , 1.047198e+00 , 1.047198e+00 , 1.047198e+00 , 1.047198e+00 , 1.047198e+00 , 1.047198e+00 , 1.047198e+00 , 1.047198e+00 , 1.047198e+00 , 1.047198e+00 , 1.047198e+00 , 1.047198e+00 , 1.047198e+00 , 1.047198e+00 , 1.047198e+00 , 1.047198e+00 , 1.047198e+00 , 1.047198e+00 , 1.047198e+00 , 1.047198e+00 , 1.047198e+00 , 1.047198e+00 , 1.047198e+00 , 1.047198e+00 , 1.047198e+00 , 1.047198e+00 ,]
