% ground truth for sim_inc110_az60.tif
% settings
number_of_spots = 50
pixel_size_nm = 51.200
image_size_nm = 14142.136
image_size_px = 275
wavelength = 500
par.objectiveNA = 2.17
objectiveFocalLength = 770
par.refractiveIndices = [1.310000e+00 , 2.170000e+00 , 2.170000e+00 ,]
par.nDiscretizationBFP = 129
par.backgroundNoise = 0.020
par.nPhotons = 500
positionX_nm_array = [-2.477908e+03 , -2.546437e+03 , -4.231420e+03 ,  2.639784e+03 , -3.611118e+03 ,  1.623554e+03 ,  3.673529e+03 ,  3.608788e+03 , -5.473982e+02 ,  1.590414e+03 , -4.884198e+02 , -3.568272e+03 , -1.325556e+03 ,  1.141597e+03 ,  2.016980e+03 , -2.209142e+03 , -2.179843e+03 ,  4.942605e+03 ,  2.398743e+02 , -3.734848e+03 ,  8.158842e+02 ,  3.758512e+03 , -8.043019e+02 , -3.671545e+03 , -4.633483e+02 ,  4.123410e+02 , -6.479633e+02 ,  3.520226e+03 ,  3.564291e+03 ,  4.599586e+03 ,  4.841090e+03 ,  4.407691e+03 ,  1.874870e+03 ,  2.434918e+03 ,  3.682274e+03 , -1.321120e+03 , -3.780768e+03 , -2.477170e+03 ,  2.552210e+03 ,  4.820613e+03 ,  4.568214e+03 , -3.949029e+03 , -4.680207e+03 , -2.441574e+03 , -3.192472e+03 ,  5.906776e+02 , -4.776307e+03 ,  2.461521e+03 ,  6.584910e+01 , -1.290567e+03 ,]
positionY_nm_array = [-1.399421e+03 , -2.734734e+03 , -2.867284e+03 , -2.063988e+03 ,  1.243032e+03 , -1.026443e+03 , -1.662070e+03 , -2.100565e+02 , -4.676097e+03 ,  1.828578e+03 ,  3.118953e+03 , -1.871906e+03 , -2.468338e+03 , -4.374329e+03 , -3.102949e+03 ,  1.956801e+03 , -4.140473e+02 , -2.697746e+03 ,  1.898743e+03 ,  3.633654e+03 ,  4.504124e+03 ,  1.688634e+03 , -1.465444e+03 ,  1.201581e+02 ,  6.880617e+02 , -2.018182e+03 ,  4.232749e+03 ,  2.798099e+03 ,  4.553333e+03 ,  4.341662e+03 , -1.610643e+03 ,  7.478093e+02 ,  7.851782e+02 ,  4.814230e+03 , -3.175201e+03 ,  1.392943e+03 ,  4.640459e+03 , -4.029360e+03 ,  3.713837e+03 , -3.716117e+02 , -4.586642e+03 , -4.016661e+03 ,  1.950129e+03 ,  3.912502e+03 ,  2.274374e+03 ,  5.889972e+02 ,  3.355754e+03 , -2.188734e+02 , -3.153026e+03 , -3.845347e+03 ,]
angleInclination_array = [1.919862e+00 , 1.919862e+00 , 1.919862e+00 , 1.919862e+00 , 1.919862e+00 , 1.919862e+00 , 1.919862e+00 , 1.919862e+00 , 1.919862e+00 , 1.919862e+00 , 1.919862e+00 , 1.919862e+00 , 1.919862e+00 , 1.919862e+00 , 1.919862e+00 , 1.919862e+00 , 1.919862e+00 , 1.919862e+00 , 1.919862e+00 , 1.919862e+00 , 1.919862e+00 , 1.919862e+00 , 1.919862e+00 , 1.919862e+00 , 1.919862e+00 , 1.919862e+00 , 1.919862e+00 , 1.919862e+00 , 1.919862e+00 , 1.919862e+00 , 1.919862e+00 , 1.919862e+00 , 1.919862e+00 , 1.919862e+00 , 1.919862e+00 , 1.919862e+00 , 1.919862e+00 , 1.919862e+00 , 1.919862e+00 , 1.919862e+00 , 1.919862e+00 , 1.919862e+00 , 1.919862e+00 , 1.919862e+00 , 1.919862e+00 , 1.919862e+00 , 1.919862e+00 , 1.919862e+00 , 1.919862e+00 , 1.919862e+00 ,]
angleAzimuth_array = [1.047198e+00 , 1.047198e+00 , 1.047198e+00 , 1.047198e+00 , 1.047198e+00 , 1.047198e+00 , 1.047198e+00 , 1.047198e+00 , 1.047198e+00 , 1.047198e+00 , 1.047198e+00 , 1.047198e+00 , 1.047198e+00 , 1.047198e+00 , 1.047198e+00 , 1.047198e+00 , 1.047198e+00 , 1.047198e+00 , 1.047198e+00 , 1.047198e+00 , 1.047198e+00 , 1.047198e+00 , 1.047198e+00 , 1.047198e+00 , 1.047198e+00 , 1.047198e+00 , 1.047198e+00 , 1.047198e+00 , 1.047198e+00 , 1.047198e+00 , 1.047198e+00 , 1.047198e+00 , 1.047198e+00 , 1.047198e+00 , 1.047198e+00 , 1.047198e+00 , 1.047198e+00 , 1.047198e+00 , 1.047198e+00 , 1.047198e+00 , 1.047198e+00 , 1.047198e+00 , 1.047198e+00 , 1.047198e+00 , 1.047198e+00 , 1.047198e+00 , 1.047198e+00 , 1.047198e+00 , 1.047198e+00 , 1.047198e+00 ,]
