% ground truth for sim_inc120_az120.tif
% settings
number_of_spots = 50
pixel_size_nm = 51.200
image_size_nm = 14142.136
image_size_px = 275
wavelength = 500
par.objectiveNA = 2.17
objectiveFocalLength = 770
par.refractiveIndices = [1.310000e+00 , 2.170000e+00 , 2.170000e+00 ,]
par.nDiscretizationBFP = 129
par.backgroundNoise = 0.020
par.nPhotons = 500
positionX_nm_array = [4.077951e+03 ,  9.376722e+02 , -4.309854e+03 ,  4.873954e+03 , -2.049876e+03 ,  1.902735e+03 , -2.084827e+03 ,  4.487393e+03 ,  2.936245e+03 , -9.788781e+02 ,  3.809256e+03 , -2.642639e+03 ,  2.393224e+03 , -3.965955e+03 , -2.528533e+02 , -9.981784e+02 , -3.465787e+03 ,  2.413106e+03 , -2.274841e+03 , -1.420450e+03 , -4.735419e+02 , -2.904577e+03 ,  4.277635e+03 ,  4.708950e+03 , -4.747794e+03 ,  5.652856e+02 ,  2.787126e+03 ,  2.825572e+03 , -4.895828e+03 ,  1.731985e+03 , -3.722501e+03 ,  3.872000e+02 ,  1.843598e+03 ,  3.521993e+03 , -4.029839e+03 ,  4.215609e+03 , -4.233264e+03 ,  5.365199e+02 ,  1.194277e+03 ,  1.476516e+03 ,  4.058607e+02 ,  1.547655e+03 ,  1.274721e+02 , -3.494826e+03 , -1.567816e+03 ,  4.311981e+03 , -3.282127e+03 , -1.662797e+03 ,  1.549996e+02 ,  3.412683e+03 ,]
positionY_nm_array = [2.609679e+03 ,  6.735065e+01 ,  1.811213e+03 ,  3.740079e+03 ,  2.656284e+03 , -2.798490e+03 ,  4.151609e+03 , -2.114141e+03 , -2.160700e+03 ,  3.572350e+03 ,  1.545669e+03 , -1.241847e+03 ,  2.320081e+02 ,  2.997113e+02 , -3.567678e+03 ,  1.774650e+03 ,  4.308794e+03 ,  1.899259e+03 , -3.406934e+03 , -1.829515e+03 , -4.885079e+02 ,  7.333731e+02 , -7.189428e+01 , -4.867266e+03 , -4.395771e+03 ,  2.150768e+03 ,  3.669221e+03 , -4.344390e+03 , -3.017015e+03 , -4.404654e+03 , -4.091138e+03 ,  4.767055e+03 , -1.093294e+03 , -3.039850e+03 , -2.092847e+03 , -3.955136e+03 , -7.326633e+02 , -1.578307e+03 ,  3.181697e+03 ,  1.369140e+03 , -4.424236e+03 ,  4.277438e+03 ,  1.050046e+03 , -2.966724e+03 ,  5.343514e+02 ,  4.918417e+03 ,  1.897119e+03 , -7.210298e+02 ,  3.187968e+03 ,  4.460082e+03 ,]
angleInclination_array = [2.094395e+00 , 2.094395e+00 , 2.094395e+00 , 2.094395e+00 , 2.094395e+00 , 2.094395e+00 , 2.094395e+00 , 2.094395e+00 , 2.094395e+00 , 2.094395e+00 , 2.094395e+00 , 2.094395e+00 , 2.094395e+00 , 2.094395e+00 , 2.094395e+00 , 2.094395e+00 , 2.094395e+00 , 2.094395e+00 , 2.094395e+00 , 2.094395e+00 , 2.094395e+00 , 2.094395e+00 , 2.094395e+00 , 2.094395e+00 , 2.094395e+00 , 2.094395e+00 , 2.094395e+00 , 2.094395e+00 , 2.094395e+00 , 2.094395e+00 , 2.094395e+00 , 2.094395e+00 , 2.094395e+00 , 2.094395e+00 , 2.094395e+00 , 2.094395e+00 , 2.094395e+00 , 2.094395e+00 , 2.094395e+00 , 2.094395e+00 , 2.094395e+00 , 2.094395e+00 , 2.094395e+00 , 2.094395e+00 , 2.094395e+00 , 2.094395e+00 , 2.094395e+00 , 2.094395e+00 , 2.094395e+00 , 2.094395e+00 ,]
angleAzimuth_array = [2.094395e+00 , 2.094395e+00 , 2.094395e+00 , 2.094395e+00 , 2.094395e+00 , 2.094395e+00 , 2.094395e+00 , 2.094395e+00 , 2.094395e+00 , 2.094395e+00 , 2.094395e+00 , 2.094395e+00 , 2.094395e+00 , 2.094395e+00 , 2.094395e+00 , 2.094395e+00 , 2.094395e+00 , 2.094395e+00 , 2.094395e+00 , 2.094395e+00 , 2.094395e+00 , 2.094395e+00 , 2.094395e+00 , 2.094395e+00 , 2.094395e+00 , 2.094395e+00 , 2.094395e+00 , 2.094395e+00 , 2.094395e+00 , 2.094395e+00 , 2.094395e+00 , 2.094395e+00 , 2.094395e+00 , 2.094395e+00 , 2.094395e+00 , 2.094395e+00 , 2.094395e+00 , 2.094395e+00 , 2.094395e+00 , 2.094395e+00 , 2.094395e+00 , 2.094395e+00 , 2.094395e+00 , 2.094395e+00 , 2.094395e+00 , 2.094395e+00 , 2.094395e+00 , 2.094395e+00 , 2.094395e+00 , 2.094395e+00 ,]
