% ground truth for sim_inc130_az120.tif
% settings
number_of_spots = 50
pixel_size_nm = 51.200
image_size_nm = 14142.136
image_size_px = 275
wavelength = 500
par.objectiveNA = 2.17
objectiveFocalLength = 770
par.refractiveIndices = [1.310000e+00 , 2.170000e+00 , 2.170000e+00 ,]
par.nDiscretizationBFP = 129
par.backgroundNoise = 0.020
par.nPhotons = 500
positionX_nm_array = [4.266021e+03 , -7.200459e+02 ,  4.350960e+02 , -2.544992e+03 ,  1.223300e+03 ,  4.396630e+03 ,  5.755002e+02 , -2.403680e+03 , -5.248010e+02 , -2.579208e+03 , -3.918551e+03 ,  4.200818e+03 , -3.870226e+03 ,  3.447730e+03 , -4.152120e+03 ,  1.032328e+03 , -3.449855e+03 ,  4.801485e+03 , -4.455617e+03 ,  2.318952e+03 , -2.484257e+03 ,  3.263886e+03 ,  2.999571e+03 , -1.791838e+03 ,  2.324165e+03 ,  1.774884e+03 ,  2.074637e+03 , -2.198331e+03 ,  4.124884e+02 , -1.656332e+03 ,  4.671674e+03 , -1.027353e+03 ,  3.892968e+02 , -5.820390e+02 ,  4.444813e+03 , -3.170578e+03 , -4.045440e+03 , -9.054717e+02 ,  1.296662e+03 , -1.445789e+03 ,  2.276098e+03 , -1.169460e+03 ,  3.297895e+03 ,  2.994421e+03 , -4.392405e+03 ,  3.192907e+03 , -3.212481e+03 ,  3.156770e+03 , -3.043647e+03 , -4.424603e+03 ,]
positionY_nm_array = [2.440025e+03 ,  4.249160e+02 ,  7.740320e+02 , -3.158047e+03 , -7.144955e+02 ,  3.943583e+03 , -1.511452e+03 , -7.531172e+02 ,  3.194469e+03 ,  4.304685e+02 , -6.621947e+02 , -3.983547e+03 ,  3.769971e+03 ,  7.012207e+02 , -2.015960e+03 , -2.824731e+03 ,  9.877345e+02 , -2.101753e+03 ,  1.420987e+03 , -4.435340e+03 ,  4.428570e+03 ,  3.618578e+03 , -3.629163e+02 , -1.584770e+03 ,  1.478009e+03 ,  4.397538e+03 , -1.560441e+03 ,  2.163340e+03 ,  4.029516e+03 , -4.734082e+03 , -5.250200e+02 , -6.527064e+02 ,  1.925868e+03 , -4.735313e+03 ,  5.913520e+02 , -4.672794e+03 , -3.945259e+03 , -3.069417e+03 , -4.020273e+03 ,  3.698839e+03 ,  2.742944e+03 ,  1.432948e+03 ,  2.086846e+03 , -2.805942e+03 ,  2.477868e+03 ,  4.936168e+03 ,  2.093163e+03 , -1.499696e+03 , -2.243352e+03 ,  4.169781e+02 ,]
angleInclination_array = [2.268928e+00 , 2.268928e+00 , 2.268928e+00 , 2.268928e+00 , 2.268928e+00 , 2.268928e+00 , 2.268928e+00 , 2.268928e+00 , 2.268928e+00 , 2.268928e+00 , 2.268928e+00 , 2.268928e+00 , 2.268928e+00 , 2.268928e+00 , 2.268928e+00 , 2.268928e+00 , 2.268928e+00 , 2.268928e+00 , 2.268928e+00 , 2.268928e+00 , 2.268928e+00 , 2.268928e+00 , 2.268928e+00 , 2.268928e+00 , 2.268928e+00 , 2.268928e+00 , 2.268928e+00 , 2.268928e+00 , 2.268928e+00 , 2.268928e+00 , 2.268928e+00 , 2.268928e+00 , 2.268928e+00 , 2.268928e+00 , 2.268928e+00 , 2.268928e+00 , 2.268928e+00 , 2.268928e+00 , 2.268928e+00 , 2.268928e+00 , 2.268928e+00 , 2.268928e+00 , 2.268928e+00 , 2.268928e+00 , 2.268928e+00 , 2.268928e+00 , 2.268928e+00 , 2.268928e+00 , 2.268928e+00 , 2.268928e+00 ,]
angleAzimuth_array = [2.094395e+00 , 2.094395e+00 , 2.094395e+00 , 2.094395e+00 , 2.094395e+00 , 2.094395e+00 , 2.094395e+00 , 2.094395e+00 , 2.094395e+00 , 2.094395e+00 , 2.094395e+00 , 2.094395e+00 , 2.094395e+00 , 2.094395e+00 , 2.094395e+00 , 2.094395e+00 , 2.094395e+00 , 2.094395e+00 , 2.094395e+00 , 2.094395e+00 , 2.094395e+00 , 2.094395e+00 , 2.094395e+00 , 2.094395e+00 , 2.094395e+00 , 2.094395e+00 , 2.094395e+00 , 2.094395e+00 , 2.094395e+00 , 2.094395e+00 , 2.094395e+00 , 2.094395e+00 , 2.094395e+00 , 2.094395e+00 , 2.094395e+00 , 2.094395e+00 , 2.094395e+00 , 2.094395e+00 , 2.094395e+00 , 2.094395e+00 , 2.094395e+00 , 2.094395e+00 , 2.094395e+00 , 2.094395e+00 , 2.094395e+00 , 2.094395e+00 , 2.094395e+00 , 2.094395e+00 , 2.094395e+00 , 2.094395e+00 ,]
