% ground truth for sim_inc130_az280.tif
% settings
number_of_spots = 50
pixel_size_nm = 51.200
image_size_nm = 14142.136
image_size_px = 275
wavelength = 500
par.objectiveNA = 2.17
objectiveFocalLength = 770
par.refractiveIndices = [1.310000e+00 , 2.170000e+00 , 2.170000e+00 ,]
par.nDiscretizationBFP = 129
par.backgroundNoise = 0.020
par.nPhotons = 500
positionX_nm_array = [-8.659370e+02 ,  2.428403e+03 , -3.779004e+03 ,  3.274569e+03 ,  2.310733e+03 , -3.262859e+03 ,  1.958194e+02 ,  4.133106e+02 ,  1.548096e+03 , -1.636236e+03 ,  3.229917e+02 , -2.608222e+03 ,  3.544152e+03 ,  4.331996e+03 ,  1.425430e+03 , -1.058726e+03 ,  4.938613e+03 ,  8.508780e+02 , -4.194986e+03 ,  1.914312e+03 , -4.626742e+03 ,  1.790916e+03 , -3.625266e+03 , -4.626414e+03 , -8.205504e+02 , -1.841964e+03 , -2.432714e+03 ,  2.000228e+03 ,  4.849816e+03 ,  1.106242e+02 , -4.684286e+03 ,  7.934209e+02 ,  3.906210e+03 , -2.798399e+03 , -6.572139e+02 , -3.628504e+03 ,  4.649721e+03 , -4.769460e+03 , -2.772944e+03 , -1.678888e+01 , -4.930080e+03 ,  3.385633e+03 , -1.946090e+03 ,  3.979620e+03 , -3.764161e+02 , -4.253596e+03 ,  1.623475e+03 , -2.060008e+03 ,  3.323866e+03 ,  4.784194e+03 ,]
positionY_nm_array = [-4.441495e+03 , -1.215840e+03 ,  3.977259e+02 ,  3.194606e+03 ,  2.093305e+03 ,  1.880781e+03 ,  1.733986e+03 , -1.306036e+03 ,  3.995726e+03 ,  3.850176e+03 ,  4.412265e+03 ,  4.209562e+03 , -4.468465e+02 ,  4.854838e+02 ,  1.507580e+03 , -8.943511e+02 , -2.703542e+03 , -2.894272e+03 , -2.271073e+03 , -4.334989e+03 ,  4.564841e+03 , -1.722076e+02 , -3.787153e+03 ,  9.487926e+02 , -3.139205e+03 , -4.116722e+03 , -2.716914e+03 , -3.306095e+03 , -1.097654e+03 ,  3.075714e+03 ,  3.337221e+03 , -4.753109e+03 , -2.558944e+03 , -9.777851e+02 ,  9.093336e+02 ,  3.552321e+03 ,  3.973726e+03 , -5.387546e+02 ,  2.612804e+02 ,  1.101604e+02 , -2.997664e+03 ,  4.817642e+03 ,  1.496485e+03 , -4.437584e+03 , -2.057548e+03 ,  2.291034e+03 ,  2.986646e+03 ,  2.760595e+03 ,  2.121479e+03 ,  2.129119e+03 ,]
angleInclination_array = [2.268928e+00 , 2.268928e+00 , 2.268928e+00 , 2.268928e+00 , 2.268928e+00 , 2.268928e+00 , 2.268928e+00 , 2.268928e+00 , 2.268928e+00 , 2.268928e+00 , 2.268928e+00 , 2.268928e+00 , 2.268928e+00 , 2.268928e+00 , 2.268928e+00 , 2.268928e+00 , 2.268928e+00 , 2.268928e+00 , 2.268928e+00 , 2.268928e+00 , 2.268928e+00 , 2.268928e+00 , 2.268928e+00 , 2.268928e+00 , 2.268928e+00 , 2.268928e+00 , 2.268928e+00 , 2.268928e+00 , 2.268928e+00 , 2.268928e+00 , 2.268928e+00 , 2.268928e+00 , 2.268928e+00 , 2.268928e+00 , 2.268928e+00 , 2.268928e+00 , 2.268928e+00 , 2.268928e+00 , 2.268928e+00 , 2.268928e+00 , 2.268928e+00 , 2.268928e+00 , 2.268928e+00 , 2.268928e+00 , 2.268928e+00 , 2.268928e+00 , 2.268928e+00 , 2.268928e+00 , 2.268928e+00 , 2.268928e+00 ,]
angleAzimuth_array = [4.886922e+00 , 4.886922e+00 , 4.886922e+00 , 4.886922e+00 , 4.886922e+00 , 4.886922e+00 , 4.886922e+00 , 4.886922e+00 , 4.886922e+00 , 4.886922e+00 , 4.886922e+00 , 4.886922e+00 , 4.886922e+00 , 4.886922e+00 , 4.886922e+00 , 4.886922e+00 , 4.886922e+00 , 4.886922e+00 , 4.886922e+00 , 4.886922e+00 , 4.886922e+00 , 4.886922e+00 , 4.886922e+00 , 4.886922e+00 , 4.886922e+00 , 4.886922e+00 , 4.886922e+00 , 4.886922e+00 , 4.886922e+00 , 4.886922e+00 , 4.886922e+00 , 4.886922e+00 , 4.886922e+00 , 4.886922e+00 , 4.886922e+00 , 4.886922e+00 , 4.886922e+00 , 4.886922e+00 , 4.886922e+00 , 4.886922e+00 , 4.886922e+00 , 4.886922e+00 , 4.886922e+00 , 4.886922e+00 , 4.886922e+00 , 4.886922e+00 , 4.886922e+00 , 4.886922e+00 , 4.886922e+00 , 4.886922e+00 ,]
