% ground truth for sim_inc100_az80.tif
% settings
number_of_spots = 50
pixel_size_nm = 51.200
image_size_nm = 14142.136
image_size_px = 275
wavelength = 500
par.objectiveNA = 2.17
objectiveFocalLength = 770
par.refractiveIndices = [1.310000e+00 , 2.170000e+00 , 2.170000e+00 ,]
par.nDiscretizationBFP = 129
par.backgroundNoise = 0.020
par.nPhotons = 500
positionX_nm_array = [-9.833797e+02 , -2.820542e+03 , -1.134252e+02 ,  3.952718e+03 ,  1.257445e+03 ,  4.535413e+03 , -3.541601e+03 ,  4.743315e+03 ,  1.545789e+03 , -2.365273e+03 ,  8.841952e+02 , -1.368124e+02 , -1.726014e+03 ,  2.681335e+03 , -1.130250e+03 , -1.739626e+03 , -4.857399e+03 ,  1.377933e+03 ,  1.969709e+03 ,  3.664662e+03 ,  2.218984e+03 , -3.031635e+03 , -3.564796e+03 ,  2.149959e+03 , -4.567941e+03 ,  4.214507e+03 , -2.886851e+02 , -2.101335e+03 , -1.919231e+03 , -4.942320e+03 ,  1.228279e+03 ,  4.908667e+03 , -2.278685e+03 , -4.360792e+02 ,  6.220574e+02 ,  4.577206e+03 , -4.835066e+03 ,  1.179941e+03 ,  2.462889e+03 ,  3.306660e+03 , -3.397946e+03 , -1.122794e+03 ,  2.737142e+03 ,  4.940210e+03 , -1.289607e+03 ,  2.931404e+02 ,  3.615461e+03 , -3.837584e+03 , -3.644970e+03 , -1.515596e+03 ,]
positionY_nm_array = [6.381409e+02 , -4.400928e+02 ,  1.572558e+03 ,  1.389602e+02 ,  3.405026e+03 ,  1.897025e+03 , -3.629722e+03 ,  3.092138e+03 ,  2.290128e+03 , -3.549143e+03 ,  6.028541e+02 ,  2.804565e+03 ,  2.124898e+03 ,  4.462633e+03 , -3.857335e+03 , -1.602779e+02 , -2.249860e+03 ,  4.578427e+03 , -2.556845e+03 , -3.712140e+03 , -4.180886e+03 ,  1.762666e+03 ,  4.469887e+03 , -4.757102e+02 ,  2.270711e+03 ,  4.282225e+03 , -1.847955e+03 , -1.257430e+03 , -4.811882e+03 ,  6.142720e+02 , -1.598034e+03 , -4.615766e+03 , -2.453248e+03 ,  4.735553e+03 , -5.168132e+02 , -8.097067e+02 , -4.626321e+03 , -4.483703e+03 ,  3.382630e+03 , -1.247597e+03 , -1.910243e+03 , -2.770060e+03 ,  1.778460e+03 , -2.535905e+03 ,  3.040005e+03 , -3.828986e+03 , -4.929354e+03 , -4.147362e+02 ,  2.857083e+03 ,  4.652065e+03 ,]
angleInclination_array = [1.745329e+00 , 1.745329e+00 , 1.745329e+00 , 1.745329e+00 , 1.745329e+00 , 1.745329e+00 , 1.745329e+00 , 1.745329e+00 , 1.745329e+00 , 1.745329e+00 , 1.745329e+00 , 1.745329e+00 , 1.745329e+00 , 1.745329e+00 , 1.745329e+00 , 1.745329e+00 , 1.745329e+00 , 1.745329e+00 , 1.745329e+00 , 1.745329e+00 , 1.745329e+00 , 1.745329e+00 , 1.745329e+00 , 1.745329e+00 , 1.745329e+00 , 1.745329e+00 , 1.745329e+00 , 1.745329e+00 , 1.745329e+00 , 1.745329e+00 , 1.745329e+00 , 1.745329e+00 , 1.745329e+00 , 1.745329e+00 , 1.745329e+00 , 1.745329e+00 , 1.745329e+00 , 1.745329e+00 , 1.745329e+00 , 1.745329e+00 , 1.745329e+00 , 1.745329e+00 , 1.745329e+00 , 1.745329e+00 , 1.745329e+00 , 1.745329e+00 , 1.745329e+00 , 1.745329e+00 , 1.745329e+00 , 1.745329e+00 ,]
angleAzimuth_array = [1.396263e+00 , 1.396263e+00 , 1.396263e+00 , 1.396263e+00 , 1.396263e+00 , 1.396263e+00 , 1.396263e+00 , 1.396263e+00 , 1.396263e+00 , 1.396263e+00 , 1.396263e+00 , 1.396263e+00 , 1.396263e+00 , 1.396263e+00 , 1.396263e+00 , 1.396263e+00 , 1.396263e+00 , 1.396263e+00 , 1.396263e+00 , 1.396263e+00 , 1.396263e+00 , 1.396263e+00 , 1.396263e+00 , 1.396263e+00 , 1.396263e+00 , 1.396263e+00 , 1.396263e+00 , 1.396263e+00 , 1.396263e+00 , 1.396263e+00 , 1.396263e+00 , 1.396263e+00 , 1.396263e+00 , 1.396263e+00 , 1.396263e+00 , 1.396263e+00 , 1.396263e+00 , 1.396263e+00 , 1.396263e+00 , 1.396263e+00 , 1.396263e+00 , 1.396263e+00 , 1.396263e+00 , 1.396263e+00 , 1.396263e+00 , 1.396263e+00 , 1.396263e+00 , 1.396263e+00 , 1.396263e+00 , 1.396263e+00 ,]
