% ground truth for sim_inc40_az240.tif
% settings
number_of_spots = 50
pixel_size_nm = 51.200
image_size_nm = 14142.136
image_size_px = 275
wavelength = 500
par.objectiveNA = 2.17
objectiveFocalLength = 770
par.refractiveIndices = [1.310000e+00 , 2.170000e+00 , 2.170000e+00 ,]
par.nDiscretizationBFP = 129
par.backgroundNoise = 0.020
par.nPhotons = 500
positionX_nm_array = [3.409597e+03 , -2.696181e+03 , -4.375392e+02 , -4.743955e+03 ,  1.431894e+03 , -4.611733e+03 , -2.691852e+03 , -2.197224e+03 ,  4.767461e+03 , -3.094861e+03 ,  3.103841e+03 ,  2.815294e+03 ,  1.353835e+03 ,  2.253335e+03 , -4.812764e+03 ,  4.328879e+03 , -3.605904e+03 , -9.511798e+02 ,  3.100537e+03 ,  3.171140e+03 , -1.674027e+03 , -3.647559e+03 ,  1.248274e+03 ,  2.978046e+02 ,  1.669960e+03 ,  3.684367e+02 , -3.640526e+02 ,  3.868185e+03 , -9.194747e+02 ,  1.116653e+03 , -2.163012e+03 , -1.348437e+03 , -8.561743e+01 , -4.380898e+03 ,  2.047501e+03 ,  2.820362e+03 ,  1.135621e+03 ,  4.628407e+03 , -3.469836e+03 , -9.163664e+02 , -2.478811e+03 , -4.829952e+03 , -1.320101e+03 , -4.907741e+03 ,  6.889195e+02 , -1.649798e+03 , -3.471740e+03 , -4.777306e+03 , -2.451345e+03 ,  4.373945e+03 ,]
positionY_nm_array = [3.565380e+03 ,  4.284408e+03 , -3.390779e+03 ,  4.487754e+03 , -4.856926e+03 , -2.221999e+03 ,  1.630551e+03 , -2.287320e+03 , -6.252355e+02 , -1.157373e+03 ,  5.618904e+02 , -4.268272e+03 ,  1.263967e+03 ,  3.158996e+03 , -6.010485e+01 , -2.824500e+03 , -2.537700e+03 ,  3.692837e+03 , -1.867023e+03 ,  1.913871e+03 , -4.388954e+02 ,  3.167694e+03 ,  2.630293e+03 ,  6.010347e+02 , -2.159882e+03 , -1.933490e+03 ,  2.439986e+03 , -4.259768e+03 ,  4.812699e+03 , -5.042141e+02 , -3.345061e+03 ,  1.287134e+03 , -5.664198e+02 , -4.619759e+03 ,  4.446306e+03 , -3.192796e+03 , -3.772595e+03 ,  4.781917e+03 ,  7.196246e+02 ,  2.875635e+02 ,  3.199392e+03 , -3.403011e+03 , -4.630074e+03 ,  1.422570e+03 ,  4.194750e+03 ,  2.408491e+03 , -4.102879e+03 ,  3.314211e+03 , -4.461971e+03 ,  2.304226e+03 ,]
angleInclination_array = [6.981317e-01 , 6.981317e-01 , 6.981317e-01 , 6.981317e-01 , 6.981317e-01 , 6.981317e-01 , 6.981317e-01 , 6.981317e-01 , 6.981317e-01 , 6.981317e-01 , 6.981317e-01 , 6.981317e-01 , 6.981317e-01 , 6.981317e-01 , 6.981317e-01 , 6.981317e-01 , 6.981317e-01 , 6.981317e-01 , 6.981317e-01 , 6.981317e-01 , 6.981317e-01 , 6.981317e-01 , 6.981317e-01 , 6.981317e-01 , 6.981317e-01 , 6.981317e-01 , 6.981317e-01 , 6.981317e-01 , 6.981317e-01 , 6.981317e-01 , 6.981317e-01 , 6.981317e-01 , 6.981317e-01 , 6.981317e-01 , 6.981317e-01 , 6.981317e-01 , 6.981317e-01 , 6.981317e-01 , 6.981317e-01 , 6.981317e-01 , 6.981317e-01 , 6.981317e-01 , 6.981317e-01 , 6.981317e-01 , 6.981317e-01 , 6.981317e-01 , 6.981317e-01 , 6.981317e-01 , 6.981317e-01 , 6.981317e-01 ,]
angleAzimuth_array = [4.188790e+00 , 4.188790e+00 , 4.188790e+00 , 4.188790e+00 , 4.188790e+00 , 4.188790e+00 , 4.188790e+00 , 4.188790e+00 , 4.188790e+00 , 4.188790e+00 , 4.188790e+00 , 4.188790e+00 , 4.188790e+00 , 4.188790e+00 , 4.188790e+00 , 4.188790e+00 , 4.188790e+00 , 4.188790e+00 , 4.188790e+00 , 4.188790e+00 , 4.188790e+00 , 4.188790e+00 , 4.188790e+00 , 4.188790e+00 , 4.188790e+00 , 4.188790e+00 , 4.188790e+00 , 4.188790e+00 , 4.188790e+00 , 4.188790e+00 , 4.188790e+00 , 4.188790e+00 , 4.188790e+00 , 4.188790e+00 , 4.188790e+00 , 4.188790e+00 , 4.188790e+00 , 4.188790e+00 , 4.188790e+00 , 4.188790e+00 , 4.188790e+00 , 4.188790e+00 , 4.188790e+00 , 4.188790e+00 , 4.188790e+00 , 4.188790e+00 , 4.188790e+00 , 4.188790e+00 , 4.188790e+00 , 4.188790e+00 ,]
