% ground truth for sim_inc170_az20.tif
% settings
number_of_spots = 50
pixel_size_nm = 51.200
image_size_nm = 14142.136
image_size_px = 275
wavelength = 500
par.objectiveNA = 2.17
objectiveFocalLength = 770
par.refractiveIndices = [1.310000e+00 , 2.170000e+00 , 2.170000e+00 ,]
par.nDiscretizationBFP = 129
par.backgroundNoise = 0.020
par.nPhotons = 500
positionX_nm_array = [1.700323e+03 ,  3.660513e+03 , -1.511363e+03 ,  7.561722e+02 ,  4.188871e+03 , -4.101880e+03 , -2.343427e+03 , -2.301765e+03 ,  4.872434e+03 ,  2.242759e+03 , -2.469538e+03 , -2.099631e+03 , -2.541004e+02 ,  4.778049e+03 ,  3.435917e+03 ,  7.275655e+02 , -3.743999e+03 , -1.042552e+03 , -3.508417e+03 , -4.825981e+03 ,  1.856522e+03 , -4.876471e+02 ,  1.618103e+03 , -3.190155e+03 ,  3.637359e+03 ,  1.020496e+03 ,  4.314212e+03 ,  3.861809e+03 , -4.172049e+03 ,  1.920448e+02 ,  2.772141e+03 , -2.141517e+03 ,  2.699741e+03 , -4.624214e+03 ,  6.830035e+02 , -5.439302e+02 ,  6.981869e+01 , -4.893282e+03 , -4.062645e+03 , -1.976685e+03 , -3.225698e+03 ,  2.064086e+03 , -4.793559e+03 ,  1.305727e+03 ,  2.794171e+03 ,  7.428237e+02 , -1.188237e+03 ,  3.179588e+03 , -9.715241e+02 ,  2.644252e+03 ,]
positionY_nm_array = [4.112366e+03 , -1.095303e+03 , -1.856011e+03 , -2.462757e+03 ,  3.887104e+03 , -2.392382e+03 , -1.170018e+03 ,  4.221285e+03 ,  3.752359e+00 ,  2.513642e+03 , -3.346529e+03 ,  3.151424e+03 , -2.807665e+03 , -1.080604e+03 ,  2.722013e+03 , -4.652248e+03 , -1.408811e+03 , -8.603517e+02 ,  3.934660e+03 ,  3.340233e+03 , -3.629647e+03 ,  3.242751e+03 ,  1.540082e+03 , -4.431736e+03 , -3.881081e+03 ,  2.462778e+03 ,  1.081257e+03 , -2.091289e+03 ,  1.165009e+03 , -2.933267e+02 , -2.802691e+03 ,  7.097363e+02 , -5.842570e+02 , -4.615651e+03 ,  7.793414e+02 ,  1.563921e+03 , -1.300242e+03 , -3.234857e+03 ,  2.485316e+03 ,  2.009064e+03 ,  1.509339e+03 , -1.916119e+03 ,  4.485200e+03 , -1.092175e+03 ,  4.901118e+03 ,  3.564006e+03 ,  4.485578e+03 ,  2.990164e+02 , -3.745061e+03 , -4.829924e+03 ,]
angleInclination_array = [2.967060e+00 , 2.967060e+00 , 2.967060e+00 , 2.967060e+00 , 2.967060e+00 , 2.967060e+00 , 2.967060e+00 , 2.967060e+00 , 2.967060e+00 , 2.967060e+00 , 2.967060e+00 , 2.967060e+00 , 2.967060e+00 , 2.967060e+00 , 2.967060e+00 , 2.967060e+00 , 2.967060e+00 , 2.967060e+00 , 2.967060e+00 , 2.967060e+00 , 2.967060e+00 , 2.967060e+00 , 2.967060e+00 , 2.967060e+00 , 2.967060e+00 , 2.967060e+00 , 2.967060e+00 , 2.967060e+00 , 2.967060e+00 , 2.967060e+00 , 2.967060e+00 , 2.967060e+00 , 2.967060e+00 , 2.967060e+00 , 2.967060e+00 , 2.967060e+00 , 2.967060e+00 , 2.967060e+00 , 2.967060e+00 , 2.967060e+00 , 2.967060e+00 , 2.967060e+00 , 2.967060e+00 , 2.967060e+00 , 2.967060e+00 , 2.967060e+00 , 2.967060e+00 , 2.967060e+00 , 2.967060e+00 , 2.967060e+00 ,]
angleAzimuth_array = [3.490659e-01 , 3.490659e-01 , 3.490659e-01 , 3.490659e-01 , 3.490659e-01 , 3.490659e-01 , 3.490659e-01 , 3.490659e-01 , 3.490659e-01 , 3.490659e-01 , 3.490659e-01 , 3.490659e-01 , 3.490659e-01 , 3.490659e-01 , 3.490659e-01 , 3.490659e-01 , 3.490659e-01 , 3.490659e-01 , 3.490659e-01 , 3.490659e-01 , 3.490659e-01 , 3.490659e-01 , 3.490659e-01 , 3.490659e-01 , 3.490659e-01 , 3.490659e-01 , 3.490659e-01 , 3.490659e-01 , 3.490659e-01 , 3.490659e-01 , 3.490659e-01 , 3.490659e-01 , 3.490659e-01 , 3.490659e-01 , 3.490659e-01 , 3.490659e-01 , 3.490659e-01 , 3.490659e-01 , 3.490659e-01 , 3.490659e-01 , 3.490659e-01 , 3.490659e-01 , 3.490659e-01 , 3.490659e-01 , 3.490659e-01 , 3.490659e-01 , 3.490659e-01 , 3.490659e-01 , 3.490659e-01 , 3.490659e-01 ,]
