% ground truth for sim_inc60_az80.tif
% settings
number_of_spots = 50
pixel_size_nm = 51.200
image_size_nm = 14142.136
image_size_px = 275
wavelength = 500
par.objectiveNA = 2.17
objectiveFocalLength = 770
par.refractiveIndices = [1.310000e+00 , 2.170000e+00 , 2.170000e+00 ,]
par.nDiscretizationBFP = 129
par.backgroundNoise = 0.020
par.nPhotons = 500
positionX_nm_array = [-2.758094e+03 ,  4.266356e+03 ,  1.384662e+03 , -3.127539e+03 ,  4.322774e+03 , -9.930144e+02 ,  1.985948e+02 ,  1.233817e+03 ,  7.557614e+02 ,  2.744771e+03 ,  8.966821e+02 ,  8.378347e+01 ,  3.134460e+03 , -1.402490e+03 , -2.473397e+03 ,  3.310659e+03 ,  1.655811e+03 , -2.192617e+02 ,  2.149149e+03 , -4.041006e+03 , -7.338511e+02 , -6.010556e+02 , -4.059019e+03 ,  2.943094e+03 , -5.657365e+02 ,  4.477394e+03 , -1.207226e+03 , -4.799018e+03 , -4.284885e+03 ,  3.203248e+03 , -3.615901e+03 ,  2.029416e+03 ,  4.553871e+03 , -3.979111e+03 , -2.568846e+03 ,  4.059904e+03 ,  3.036253e+03 , -3.140363e+03 , -4.302277e+03 , -2.343170e+03 ,  1.887437e+03 ,  2.968495e+01 ,  4.739479e+03 ,  6.354713e+02 , -5.468087e+02 , -4.840245e+03 ,  4.788409e+03 ,  9.022859e+02 ,  4.098732e+03 , -2.982002e+03 ,]
positionY_nm_array = [-1.893018e+03 , -3.318201e+03 , -3.917816e+03 , -3.439380e+03 ,  1.251405e+02 ,  1.592021e+03 , -2.821608e+03 ,  2.638401e+03 , -1.269411e+03 , -1.556113e+03 ,  1.682362e+03 ,  3.943015e+03 , -2.876333e+03 ,  3.272123e+03 , -8.584826e+02 ,  1.132165e+03 ,  1.204349e-02 , -4.512820e+03 , -4.871314e+03 , -1.593097e+03 , -1.899599e+03 , -7.957684e+02 ,  3.111014e+03 ,  3.594016e+03 ,  4.757550e+03 , -4.935408e+03 , -4.060389e+03 , -3.853806e+02 , -3.095791e+03 , -4.791805e+03 , -4.631883e+03 , -2.369708e+03 , -1.077208e+03 ,  2.562441e+02 ,  4.846348e+03 ,  3.859049e+03 ,  2.231750e+03 ,  2.184543e+03 ,  4.229925e+03 ,  1.045673e+03 ,  4.279755e+03 ,  2.874161e+03 ,  2.906895e+03 ,  6.352126e+02 ,  4.385243e+02 ,  1.906855e+03 , -2.416586e+03 ,  4.857669e+03 ,  2.122632e+03 ,  3.522605e+03 ,]
angleInclination_array = [1.047198e+00 , 1.047198e+00 , 1.047198e+00 , 1.047198e+00 , 1.047198e+00 , 1.047198e+00 , 1.047198e+00 , 1.047198e+00 , 1.047198e+00 , 1.047198e+00 , 1.047198e+00 , 1.047198e+00 , 1.047198e+00 , 1.047198e+00 , 1.047198e+00 , 1.047198e+00 , 1.047198e+00 , 1.047198e+00 , 1.047198e+00 , 1.047198e+00 , 1.047198e+00 , 1.047198e+00 , 1.047198e+00 , 1.047198e+00 , 1.047198e+00 , 1.047198e+00 , 1.047198e+00 , 1.047198e+00 , 1.047198e+00 , 1.047198e+00 , 1.047198e+00 , 1.047198e+00 , 1.047198e+00 , 1.047198e+00 , 1.047198e+00 , 1.047198e+00 , 1.047198e+00 , 1.047198e+00 , 1.047198e+00 , 1.047198e+00 , 1.047198e+00 , 1.047198e+00 , 1.047198e+00 , 1.047198e+00 , 1.047198e+00 , 1.047198e+00 , 1.047198e+00 , 1.047198e+00 , 1.047198e+00 , 1.047198e+00 ,]
angleAzimuth_array = [1.396263e+00 , 1.396263e+00 , 1.396263e+00 , 1.396263e+00 , 1.396263e+00 , 1.396263e+00 , 1.396263e+00 , 1.396263e+00 , 1.396263e+00 , 1.396263e+00 , 1.396263e+00 , 1.396263e+00 , 1.396263e+00 , 1.396263e+00 , 1.396263e+00 , 1.396263e+00 , 1.396263e+00 , 1.396263e+00 , 1.396263e+00 , 1.396263e+00 , 1.396263e+00 , 1.396263e+00 , 1.396263e+00 , 1.396263e+00 , 1.396263e+00 , 1.396263e+00 , 1.396263e+00 , 1.396263e+00 , 1.396263e+00 , 1.396263e+00 , 1.396263e+00 , 1.396263e+00 , 1.396263e+00 , 1.396263e+00 , 1.396263e+00 , 1.396263e+00 , 1.396263e+00 , 1.396263e+00 , 1.396263e+00 , 1.396263e+00 , 1.396263e+00 , 1.396263e+00 , 1.396263e+00 , 1.396263e+00 , 1.396263e+00 , 1.396263e+00 , 1.396263e+00 , 1.396263e+00 , 1.396263e+00 , 1.396263e+00 ,]
