% ground truth for sim_inc68_az270_run1.tif
% settings
number_of_spots = 9
pixel_size_nm = 52.000
image_size_nm = 6000.000
image_size_px = 115
wavelength = 500
par.objectiveNA = 2.17
objectiveFocalLength = 770
par.refractiveIndices = [1.310000e+00 , 2.170000e+00 , 2.170000e+00 ,]
par.nDiscretizationBFP = 129
par.backgroundNoise = 0.000
par.nPhotons = 2000
positionX_nm_array = [4.338376e+02 ,  8.770820e+02 ,  1.411071e+03 , -9.670010e+02 , -5.642384e+02 , -1.776489e+03 , -1.216782e+03 ,  2.626717e+02 ,  1.999699e+03 ,]
positionY_nm_array = [-1.892651e+03 , -7.243319e+02 ,  1.849034e+03 ,  2.050897e+03 ,  2.667908e+02 ,  7.399365e+02 , -1.063586e+03 ,  1.393825e+03 , -3.992632e+00 ,]
angleInclination_array = [1.178097e+00 , 1.178097e+00 , 1.178097e+00 , 1.178097e+00 , 1.178097e+00 , 1.178097e+00 , 1.178097e+00 , 1.178097e+00 , 1.178097e+00 ,]
angleAzimuth_array = [4.712389e+00 , 4.712389e+00 , 4.712389e+00 , 4.712389e+00 , 4.712389e+00 , 4.712389e+00 , 4.712389e+00 , 4.712389e+00 , 4.712389e+00 ,]
