% ground truth for sim_inc90_az0_run1.tif
% settings
number_of_spots = 9
pixel_size_nm = 52.000
image_size_nm = 6000.000
image_size_px = 115
wavelength = 500
par.objectiveNA = 2.17
objectiveFocalLength = 770
par.refractiveIndices = [1.310000e+00 , 2.170000e+00 , 2.170000e+00 ,]
par.nDiscretizationBFP = 129
par.backgroundNoise = 0.000
par.nPhotons = 2000
positionX_nm_array = [1.730367e+03 , -1.203151e+03 ,  7.848742e+02 , -3.984576e+01 ,  7.044266e+02 , -4.836208e+01 ,  1.141684e+03 , -1.519830e+03 , -8.169420e+02 ,]
positionY_nm_array = [-1.363430e+03 ,  1.011516e+02 , -2.521865e+02 ,  1.422246e+03 , -1.510614e+03 ,  3.061751e+02 ,  1.979468e+03 ,  1.459208e+03 , -1.815144e+03 ,]
angleInclination_array = [1.570796e+00 , 1.570796e+00 , 1.570796e+00 , 1.570796e+00 , 1.570796e+00 , 1.570796e+00 , 1.570796e+00 , 1.570796e+00 , 1.570796e+00 ,]
angleAzimuth_array = [0 , 0 , 0 , 0 , 0 , 0 , 0 , 0 , 0 ,]
