% ground truth for sim_inc23_az315_run1.tif
% settings
number_of_spots = 9
pixel_size_nm = 52.000
image_size_nm = 6000.000
image_size_px = 115
wavelength = 500
par.objectiveNA = 2.17
objectiveFocalLength = 770
par.refractiveIndices = [1.310000e+00 , 2.170000e+00 , 2.170000e+00 ,]
par.nDiscretizationBFP = 129
par.backgroundNoise = 0.000
par.nPhotons = 2000
positionX_nm_array = [7.316729e+01 , -1.388980e+03 ,  1.349627e+02 , -1.673350e+03 ,  5.601719e+02 ,  1.727417e+03 , -2.011893e+03 ,  1.186840e+03 ,  7.024837e+02 ,]
positionY_nm_array = [-9.982356e+02 ,  1.078625e+03 ,  3.539310e+01 , -4.040678e+02 ,  1.342768e+03 ,  1.406228e+03 ,  2.001002e+03 , -3.877389e+02 , -1.855855e+03 ,]
angleInclination_array = [3.926991e-01 , 3.926991e-01 , 3.926991e-01 , 3.926991e-01 , 3.926991e-01 , 3.926991e-01 , 3.926991e-01 , 3.926991e-01 , 3.926991e-01 ,]
angleAzimuth_array = [5.497787e+00 , 5.497787e+00 , 5.497787e+00 , 5.497787e+00 , 5.497787e+00 , 5.497787e+00 , 5.497787e+00 , 5.497787e+00 , 5.497787e+00 ,]
