% ground truth for sim_inc90_az315_run1.tif
% settings
number_of_spots = 9
pixel_size_nm = 52.000
image_size_nm = 6000.000
image_size_px = 115
wavelength = 500
par.objectiveNA = 2.17
objectiveFocalLength = 770
par.refractiveIndices = [1.310000e+00 , 2.170000e+00 , 2.170000e+00 ,]
par.nDiscretizationBFP = 129
par.backgroundNoise = 0.000
par.nPhotons = 2000
positionX_nm_array = [8.651624e+02 , -6.026894e+02 ,  5.883567e+02 , -1.493123e+03 , -1.808905e+03 ,  1.571543e+03 , -1.730101e+03 , -3.523858e+02 ,  1.947648e+03 ,]
positionY_nm_array = [6.883332e+02 ,  7.786907e+02 , -1.392795e+03 , -1.473425e+03 ,  5.866868e+02 , -1.796604e+03 ,  2.065946e+03 , -2.056684e+03 , -2.798047e+01 ,]
angleInclination_array = [1.570796e+00 , 1.570796e+00 , 1.570796e+00 , 1.570796e+00 , 1.570796e+00 , 1.570796e+00 , 1.570796e+00 , 1.570796e+00 , 1.570796e+00 ,]
angleAzimuth_array = [5.497787e+00 , 5.497787e+00 , 5.497787e+00 , 5.497787e+00 , 5.497787e+00 , 5.497787e+00 , 5.497787e+00 , 5.497787e+00 , 5.497787e+00 ,]
