% ground truth for sim_inc23_az180_run1.tif
% settings
number_of_spots = 9
pixel_size_nm = 52.000
image_size_nm = 6000.000
image_size_px = 115
wavelength = 500
par.objectiveNA = 2.17
objectiveFocalLength = 770
par.refractiveIndices = [1.310000e+00 , 2.170000e+00 , 2.170000e+00 ,]
par.nDiscretizationBFP = 129
par.backgroundNoise = 0.000
par.nPhotons = 2000
positionX_nm_array = [-5.634395e+02 ,  1.793810e+03 ,  5.935895e+02 , -1.386144e+03 , -1.201804e+03 ,  6.846506e+02 ,  1.880810e+03 , -3.257172e+01 , -1.955476e+03 ,]
positionY_nm_array = [1.859900e+03 , -5.134367e+02 , -1.787640e+03 , -9.680596e+02 ,  1.659945e+02 ,  1.592009e+03 ,  1.369668e+03 , -9.692838e+02 ,  2.063298e+03 ,]
angleInclination_array = [3.926991e-01 , 3.926991e-01 , 3.926991e-01 , 3.926991e-01 , 3.926991e-01 , 3.926991e-01 , 3.926991e-01 , 3.926991e-01 , 3.926991e-01 ,]
angleAzimuth_array = [3.141593e+00 , 3.141593e+00 , 3.141593e+00 , 3.141593e+00 , 3.141593e+00 , 3.141593e+00 , 3.141593e+00 , 3.141593e+00 , 3.141593e+00 ,]
