% ground truth for sim_inc23_az45_run1.tif
% settings
number_of_spots = 9
pixel_size_nm = 52.000
image_size_nm = 6000.000
image_size_px = 115
wavelength = 500
par.objectiveNA = 2.17
objectiveFocalLength = 770
par.refractiveIndices = [1.310000e+00 , 2.170000e+00 , 2.170000e+00 ,]
par.nDiscretizationBFP = 129
par.backgroundNoise = 0.000
par.nPhotons = 2000
positionX_nm_array = [7.999533e+02 , -1.961103e+03 ,  1.823597e+03 , -1.979474e+03 , -7.749759e+02 , -4.442756e+02 , -6.292968e+02 ,  1.010286e+02 ,  1.888797e+03 ,]
positionY_nm_array = [1.014178e+03 ,  1.948166e+03 , -1.651103e+02 ,  1.141103e+02 , -2.000671e+03 ,  1.122880e+02 ,  1.246680e+03 , -1.337305e+03 ,  1.408114e+03 ,]
angleInclination_array = [3.926991e-01 , 3.926991e-01 , 3.926991e-01 , 3.926991e-01 , 3.926991e-01 , 3.926991e-01 , 3.926991e-01 , 3.926991e-01 , 3.926991e-01 ,]
angleAzimuth_array = [7.853982e-01 , 7.853982e-01 , 7.853982e-01 , 7.853982e-01 , 7.853982e-01 , 7.853982e-01 , 7.853982e-01 , 7.853982e-01 , 7.853982e-01 ,]
