% ground truth for sim_inc68_az0_run1.tif
% settings
number_of_spots = 9
pixel_size_nm = 52.000
image_size_nm = 6000.000
image_size_px = 115
wavelength = 500
par.objectiveNA = 2.17
objectiveFocalLength = 770
par.refractiveIndices = [1.310000e+00 , 2.170000e+00 , 2.170000e+00 ,]
par.nDiscretizationBFP = 129
par.backgroundNoise = 0.000
par.nPhotons = 2000
positionX_nm_array = [1.513403e+03 , -1.268967e+03 ,  1.174102e+03 , -6.845097e+02 ,  5.611396e+02 , -2.016348e+03 ,  1.261972e+02 , -1.953808e+03 ,  1.454086e+02 ,]
positionY_nm_array = [-2.138892e+02 , -4.534456e+02 , -1.740066e+03 ,  1.631252e+03 ,  1.820049e+03 ,  8.651554e+02 , -7.764659e+02 , -1.254123e+03 ,  3.478207e+02 ,]
angleInclination_array = [1.178097e+00 , 1.178097e+00 , 1.178097e+00 , 1.178097e+00 , 1.178097e+00 , 1.178097e+00 , 1.178097e+00 , 1.178097e+00 , 1.178097e+00 ,]
angleAzimuth_array = [0 , 0 , 0 , 0 , 0 , 0 , 0 , 0 , 0 ,]
