% ground truth for sim_inc90_az180_run1.tif
% settings
number_of_spots = 9
pixel_size_nm = 52.000
image_size_nm = 6000.000
image_size_px = 115
wavelength = 500
par.objectiveNA = 2.17
objectiveFocalLength = 770
par.refractiveIndices = [1.310000e+00 , 2.170000e+00 , 2.170000e+00 ,]
par.nDiscretizationBFP = 129
par.backgroundNoise = 0.000
par.nPhotons = 2000
positionX_nm_array = [-2.902772e+02 ,  1.877176e+03 , -1.972953e+03 ,  6.084324e+02 , -2.436812e+02 , -1.913127e+03 , -5.127212e+02 ,  1.339433e+03 , -2.072754e+03 ,]
positionY_nm_array = [1.309450e+03 , -2.060145e+02 ,  6.197728e+02 ,  5.451355e+01 , -6.530987e+02 , -8.754412e+02 , -2.045601e+03 , -2.087095e+03 ,  1.797012e+03 ,]
angleInclination_array = [1.570796e+00 , 1.570796e+00 , 1.570796e+00 , 1.570796e+00 , 1.570796e+00 , 1.570796e+00 , 1.570796e+00 , 1.570796e+00 , 1.570796e+00 ,]
angleAzimuth_array = [3.141593e+00 , 3.141593e+00 , 3.141593e+00 , 3.141593e+00 , 3.141593e+00 , 3.141593e+00 , 3.141593e+00 , 3.141593e+00 , 3.141593e+00 ,]
