% ground truth for sim_inc68_az135_run1.tif
% settings
number_of_spots = 9
pixel_size_nm = 52.000
image_size_nm = 6000.000
image_size_px = 115
wavelength = 500
par.objectiveNA = 2.17
objectiveFocalLength = 770
par.refractiveIndices = [1.310000e+00 , 2.170000e+00 , 2.170000e+00 ,]
par.nDiscretizationBFP = 129
par.backgroundNoise = 0.000
par.nPhotons = 2000
positionX_nm_array = [6.854397e+02 ,  8.796352e+02 , -4.446024e+02 ,  2.022738e+03 ,  7.980913e+02 , -9.862016e+02 , -1.604771e+03 , -1.904183e+03 , -2.028346e+03 ,]
positionY_nm_array = [2.082358e+03 , -1.323064e+03 ,  9.446395e+02 , -1.164712e+03 ,  5.403125e+02 , -2.036018e+03 ,  6.721068e+02 , -8.145050e+02 , -1.849731e+03 ,]
angleInclination_array = [1.178097e+00 , 1.178097e+00 , 1.178097e+00 , 1.178097e+00 , 1.178097e+00 , 1.178097e+00 , 1.178097e+00 , 1.178097e+00 , 1.178097e+00 ,]
angleAzimuth_array = [2.356194e+00 , 2.356194e+00 , 2.356194e+00 , 2.356194e+00 , 2.356194e+00 , 2.356194e+00 , 2.356194e+00 , 2.356194e+00 , 2.356194e+00 ,]
