% ground truth for sim_inc90_az225_run1.tif
% settings
number_of_spots = 9
pixel_size_nm = 52.000
image_size_nm = 6000.000
image_size_px = 115
wavelength = 500
par.objectiveNA = 2.17
objectiveFocalLength = 770
par.refractiveIndices = [1.310000e+00 , 2.170000e+00 , 2.170000e+00 ,]
par.nDiscretizationBFP = 129
par.backgroundNoise = 0.000
par.nPhotons = 2000
positionX_nm_array = [-2.071464e+03 , -4.640308e+02 ,  9.333271e+02 , -1.811126e+03 ,  1.330569e+03 ,  1.079238e+03 ,  6.639722e+02 , -1.308856e+02 , -1.692732e+03 ,]
positionY_nm_array = [1.000565e+02 , -1.893239e+03 ,  2.017243e+03 ,  1.898883e+03 , -2.080786e+03 ,  3.343244e+02 , -1.295671e+03 ,  1.264850e+03 , -1.285599e+03 ,]
angleInclination_array = [1.570796e+00 , 1.570796e+00 , 1.570796e+00 , 1.570796e+00 , 1.570796e+00 , 1.570796e+00 , 1.570796e+00 , 1.570796e+00 , 1.570796e+00 ,]
angleAzimuth_array = [3.926991e+00 , 3.926991e+00 , 3.926991e+00 , 3.926991e+00 , 3.926991e+00 , 3.926991e+00 , 3.926991e+00 , 3.926991e+00 , 3.926991e+00 ,]
