% ground truth for sim_inc23_az135_run1.tif
% settings
number_of_spots = 9
pixel_size_nm = 52.000
image_size_nm = 6000.000
image_size_px = 115
wavelength = 500
par.objectiveNA = 2.17
objectiveFocalLength = 770
par.refractiveIndices = [1.310000e+00 , 2.170000e+00 , 2.170000e+00 ,]
par.nDiscretizationBFP = 129
par.backgroundNoise = 0.000
par.nPhotons = 2000
positionX_nm_array = [-1.111497e+03 ,  6.483676e+02 , -1.159774e+02 , -2.015695e+03 ,  8.100097e+02 ,  7.219299e+02 , -8.306486e+02 , -1.721678e+03 ,  1.498898e+03 ,]
positionY_nm_array = [1.252728e+03 , -1.002994e+03 , -1.662416e+03 ,  6.118671e+02 ,  1.451794e+03 ,  1.440855e+01 , -5.729843e+02 , -1.090876e+03 , -1.868144e+03 ,]
angleInclination_array = [3.926991e-01 , 3.926991e-01 , 3.926991e-01 , 3.926991e-01 , 3.926991e-01 , 3.926991e-01 , 3.926991e-01 , 3.926991e-01 , 3.926991e-01 ,]
angleAzimuth_array = [2.356194e+00 , 2.356194e+00 , 2.356194e+00 , 2.356194e+00 , 2.356194e+00 , 2.356194e+00 , 2.356194e+00 , 2.356194e+00 , 2.356194e+00 ,]
