% ground truth for sim_inc90_az270_run1.tif
% settings
number_of_spots = 9
pixel_size_nm = 52.000
image_size_nm = 6000.000
image_size_px = 115
wavelength = 500
par.objectiveNA = 2.17
objectiveFocalLength = 770
par.refractiveIndices = [1.310000e+00 , 2.170000e+00 , 2.170000e+00 ,]
par.nDiscretizationBFP = 129
par.backgroundNoise = 0.000
par.nPhotons = 2000
positionX_nm_array = [-1.286656e+03 ,  1.190063e+03 , -1.684331e+03 , -4.929913e+01 ,  1.196906e+03 ,  9.119390e+01 ,  1.869837e+03 , -1.603583e+03 ,  1.710532e+03 ,]
positionY_nm_array = [1.034156e+03 ,  1.472162e+03 , -1.743946e+03 , -1.137021e+03 ,  3.366636e+02 ,  1.770468e+03 , -5.985003e+02 , -4.809825e+02 , -1.702881e+03 ,]
angleInclination_array = [1.570796e+00 , 1.570796e+00 , 1.570796e+00 , 1.570796e+00 , 1.570796e+00 , 1.570796e+00 , 1.570796e+00 , 1.570796e+00 , 1.570796e+00 ,]
angleAzimuth_array = [4.712389e+00 , 4.712389e+00 , 4.712389e+00 , 4.712389e+00 , 4.712389e+00 , 4.712389e+00 , 4.712389e+00 , 4.712389e+00 , 4.712389e+00 ,]
