% ground truth for sim_inc90_az135_run1.tif
% settings
number_of_spots = 9
pixel_size_nm = 52.000
image_size_nm = 6000.000
image_size_px = 115
wavelength = 500
par.objectiveNA = 2.17
objectiveFocalLength = 770
par.refractiveIndices = [1.310000e+00 , 2.170000e+00 , 2.170000e+00 ,]
par.nDiscretizationBFP = 129
par.backgroundNoise = 0.000
par.nPhotons = 2000
positionX_nm_array = [-1.632920e+03 ,  1.879870e+03 , -1.736789e+02 ,  1.126399e+03 , -5.448990e+01 , -8.464109e+02 , -1.742397e+03 ,  1.903086e+03 ,  1.134410e+03 ,]
positionY_nm_array = [-8.515803e+02 , -5.966100e+02 ,  4.501688e+02 , -1.316154e+03 , -1.862122e+03 ,  1.408841e+03 ,  3.553071e+02 ,  1.998900e+03 ,  5.900002e+02 ,]
angleInclination_array = [1.570796e+00 , 1.570796e+00 , 1.570796e+00 , 1.570796e+00 , 1.570796e+00 , 1.570796e+00 , 1.570796e+00 , 1.570796e+00 , 1.570796e+00 ,]
angleAzimuth_array = [2.356194e+00 , 2.356194e+00 , 2.356194e+00 , 2.356194e+00 , 2.356194e+00 , 2.356194e+00 , 2.356194e+00 , 2.356194e+00 , 2.356194e+00 ,]
