% ground truth for sim_inc68_az180_run1.tif
% settings
number_of_spots = 9
pixel_size_nm = 52.000
image_size_nm = 6000.000
image_size_px = 115
wavelength = 500
par.objectiveNA = 2.17
objectiveFocalLength = 770
par.refractiveIndices = [1.310000e+00 , 2.170000e+00 , 2.170000e+00 ,]
par.nDiscretizationBFP = 129
par.backgroundNoise = 0.000
par.nPhotons = 2000
positionX_nm_array = [8.279147e+02 ,  2.365603e+02 ,  1.774152e+03 , -9.547906e+02 , -1.789110e+03 ,  1.083376e+03 ,  1.961835e+03 , -4.150180e+02 , -1.928205e+03 ,]
positionY_nm_array = [-5.488574e+02 ,  1.592951e+03 ,  1.831793e+03 , -1.787332e+03 ,  1.475315e+02 , -1.857185e+03 ,  1.626237e+02 , -6.407036e+02 ,  1.569162e+03 ,]
angleInclination_array = [1.178097e+00 , 1.178097e+00 , 1.178097e+00 , 1.178097e+00 , 1.178097e+00 , 1.178097e+00 , 1.178097e+00 , 1.178097e+00 , 1.178097e+00 ,]
angleAzimuth_array = [3.141593e+00 , 3.141593e+00 , 3.141593e+00 , 3.141593e+00 , 3.141593e+00 , 3.141593e+00 , 3.141593e+00 , 3.141593e+00 , 3.141593e+00 ,]
