% ground truth for sim_inc23_az0_run1.tif
% settings
number_of_spots = 9
pixel_size_nm = 52.000
image_size_nm = 6000.000
image_size_px = 115
wavelength = 500
par.objectiveNA = 2.17
objectiveFocalLength = 770
par.refractiveIndices = [1.310000e+00 , 2.170000e+00 , 2.170000e+00 ,]
par.nDiscretizationBFP = 129
par.backgroundNoise = 0.000
par.nPhotons = 2000
positionX_nm_array = [-1.814600e+03 , -7.215052e+02 , -4.974290e+02 ,  1.595982e+03 ,  1.588365e+03 , -1.887175e+03 , -1.968527e+03 ,  1.320964e+03 ,  1.952266e+03 ,]
positionY_nm_array = [-5.813011e+02 ,  7.222737e+02 , -5.491191e+02 , -1.557579e+03 ,  1.547523e+03 ,  4.692343e+02 ,  1.863558e+03 ,  3.222131e+02 , -4.875066e+02 ,]
angleInclination_array = [3.926991e-01 , 3.926991e-01 , 3.926991e-01 , 3.926991e-01 , 3.926991e-01 , 3.926991e-01 , 3.926991e-01 , 3.926991e-01 , 3.926991e-01 ,]
angleAzimuth_array = [0 , 0 , 0 , 0 , 0 , 0 , 0 , 0 , 0 ,]
