% ground truth for sim_inc45_az180_run1.tif
% settings
number_of_spots = 9
pixel_size_nm = 52.000
image_size_nm = 6000.000
image_size_px = 115
wavelength = 500
par.objectiveNA = 2.17
objectiveFocalLength = 770
par.refractiveIndices = [1.310000e+00 , 2.170000e+00 , 2.170000e+00 ,]
par.nDiscretizationBFP = 129
par.backgroundNoise = 0.000
par.nPhotons = 2000
positionX_nm_array = [-1.170360e+03 ,  2.148010e+02 ,  1.495561e+03 ,  2.090275e+03 , -8.927599e+02 ,  4.872252e+02 , -1.868438e+03 ,  1.596779e+03 ,  1.659569e+03 ,]
positionY_nm_array = [-5.537199e+02 , -5.908808e+01 ,  4.091321e+02 ,  1.514379e+03 ,  1.204751e+03 ,  1.974798e+03 ,  7.358122e+02 , -8.095166e+02 , -1.849291e+03 ,]
angleInclination_array = [7.853982e-01 , 7.853982e-01 , 7.853982e-01 , 7.853982e-01 , 7.853982e-01 , 7.853982e-01 , 7.853982e-01 , 7.853982e-01 , 7.853982e-01 ,]
angleAzimuth_array = [3.141593e+00 , 3.141593e+00 , 3.141593e+00 , 3.141593e+00 , 3.141593e+00 , 3.141593e+00 , 3.141593e+00 , 3.141593e+00 , 3.141593e+00 ,]
