% ground truth for sim_inc0_az180_run1.tif
% settings
number_of_spots = 9
pixel_size_nm = 52.000
image_size_nm = 6000.000
image_size_px = 115
wavelength = 500
par.objectiveNA = 2.17
objectiveFocalLength = 770
par.refractiveIndices = [1.310000e+00 , 2.170000e+00 , 2.170000e+00 ,]
par.nDiscretizationBFP = 129
par.backgroundNoise = 0.000
par.nPhotons = 2000
positionX_nm_array = [1.958620e+03 , -2.062651e+03 ,  7.501114e+02 , -1.328970e+03 ,  2.155410e+02 , -1.627583e+03 ,  7.737806e+02 ,  1.859312e+03 ,  2.354419e+02 ,]
positionY_nm_array = [-1.094599e+03 , -3.929165e+02 ,  9.546516e+02 ,  8.370582e+02 ,  2.069249e+03 , -1.954313e+03 , -9.459398e+02 ,  1.627525e+02 , -1.912890e+03 ,]
angleInclination_array = [0 , 0 , 0 , 0 , 0 , 0 , 0 , 0 , 0 ,]
angleAzimuth_array = [3.141593e+00 , 3.141593e+00 , 3.141593e+00 , 3.141593e+00 , 3.141593e+00 , 3.141593e+00 , 3.141593e+00 , 3.141593e+00 , 3.141593e+00 ,]
