% ground truth for sim_inc68_az45_run1.tif
% settings
number_of_spots = 9
pixel_size_nm = 52.000
image_size_nm = 6000.000
image_size_px = 115
wavelength = 500
par.objectiveNA = 2.17
objectiveFocalLength = 770
par.refractiveIndices = [1.310000e+00 , 2.170000e+00 , 2.170000e+00 ,]
par.nDiscretizationBFP = 129
par.backgroundNoise = 0.000
par.nPhotons = 2000
positionX_nm_array = [9.879260e+02 , -5.480376e+02 ,  3.338130e+01 ,  1.530649e+02 , -1.752772e+03 , -1.879980e+03 , -1.028405e+03 ,  1.474155e+03 , -1.922670e+03 ,]
positionY_nm_array = [1.611944e+02 ,  8.453097e+02 , -6.113539e+02 ,  1.971812e+03 ,  1.169590e+03 , -1.485453e+03 ,  2.064869e+03 ,  1.255691e+03 ,  7.237734e+01 ,]
angleInclination_array = [1.178097e+00 , 1.178097e+00 , 1.178097e+00 , 1.178097e+00 , 1.178097e+00 , 1.178097e+00 , 1.178097e+00 , 1.178097e+00 , 1.178097e+00 ,]
angleAzimuth_array = [7.853982e-01 , 7.853982e-01 , 7.853982e-01 , 7.853982e-01 , 7.853982e-01 , 7.853982e-01 , 7.853982e-01 , 7.853982e-01 , 7.853982e-01 ,]
