% ground truth for sim_inc90_az90_run1.tif
% settings
number_of_spots = 9
pixel_size_nm = 52.000
image_size_nm = 6000.000
image_size_px = 115
wavelength = 500
par.objectiveNA = 2.17
objectiveFocalLength = 770
par.refractiveIndices = [1.310000e+00 , 2.170000e+00 , 2.170000e+00 ,]
par.nDiscretizationBFP = 129
par.backgroundNoise = 0.000
par.nPhotons = 2000
positionX_nm_array = [1.832065e+03 ,  5.561193e+02 ,  1.858387e+03 , -7.392667e+02 , -1.978426e+03 ,  2.014845e+03 ,  8.126248e+02 , -5.225921e+02 , -5.065230e+02 ,]
positionY_nm_array = [-9.984416e+02 ,  1.628610e+03 ,  1.482579e+03 ,  8.763112e+02 , -3.015423e+02 ,  3.051541e+02 , -1.488239e+02 , -1.477712e+03 , -1.968107e+02 ,]
angleInclination_array = [1.570796e+00 , 1.570796e+00 , 1.570796e+00 , 1.570796e+00 , 1.570796e+00 , 1.570796e+00 , 1.570796e+00 , 1.570796e+00 , 1.570796e+00 ,]
angleAzimuth_array = [1.570796e+00 , 1.570796e+00 , 1.570796e+00 , 1.570796e+00 , 1.570796e+00 , 1.570796e+00 , 1.570796e+00 , 1.570796e+00 , 1.570796e+00 ,]
