% ground truth for sim_inc23_az90_run1.tif
% settings
number_of_spots = 9
pixel_size_nm = 52.000
image_size_nm = 6000.000
image_size_px = 115
wavelength = 500
par.objectiveNA = 2.17
objectiveFocalLength = 770
par.refractiveIndices = [1.310000e+00 , 2.170000e+00 , 2.170000e+00 ,]
par.nDiscretizationBFP = 129
par.backgroundNoise = 0.000
par.nPhotons = 2000
positionX_nm_array = [-1.666301e+03 , -4.676936e+02 , -4.760844e+02 , -5.364097e+02 ,  2.794815e+02 , -1.937775e+03 ,  4.116193e+02 ,  1.792912e+03 ,  1.621688e+03 ,]
positionY_nm_array = [-1.481841e+03 ,  1.534805e+03 ,  3.687436e+02 , -1.456531e+03 , -7.336343e+02 ,  3.219590e+02 , -2.086193e+03 , -5.283892e+02 ,  1.916896e+03 ,]
angleInclination_array = [3.926991e-01 , 3.926991e-01 , 3.926991e-01 , 3.926991e-01 , 3.926991e-01 , 3.926991e-01 , 3.926991e-01 , 3.926991e-01 , 3.926991e-01 ,]
angleAzimuth_array = [1.570796e+00 , 1.570796e+00 , 1.570796e+00 , 1.570796e+00 , 1.570796e+00 , 1.570796e+00 , 1.570796e+00 , 1.570796e+00 , 1.570796e+00 ,]
