% ground truth for sim_inc23_az225_run1.tif
% settings
number_of_spots = 9
pixel_size_nm = 52.000
image_size_nm = 6000.000
image_size_px = 115
wavelength = 500
par.objectiveNA = 2.17
objectiveFocalLength = 770
par.refractiveIndices = [1.310000e+00 , 2.170000e+00 , 2.170000e+00 ,]
par.nDiscretizationBFP = 129
par.backgroundNoise = 0.000
par.nPhotons = 2000
positionX_nm_array = [-5.342024e+02 ,  5.923145e+02 ,  1.026093e+03 , -9.039977e+02 ,  1.858699e+03 , -6.884913e+02 ,  6.591530e+02 ,  1.794018e+03 , -2.014994e+03 ,]
positionY_nm_array = [6.519769e+01 ,  5.554162e+02 ,  1.855134e+03 ,  1.229615e+03 , -4.487493e+02 , -1.345060e+03 , -6.346556e+02 ,  1.210825e+03 , -1.045452e+03 ,]
angleInclination_array = [3.926991e-01 , 3.926991e-01 , 3.926991e-01 , 3.926991e-01 , 3.926991e-01 , 3.926991e-01 , 3.926991e-01 , 3.926991e-01 , 3.926991e-01 ,]
angleAzimuth_array = [3.926991e+00 , 3.926991e+00 , 3.926991e+00 , 3.926991e+00 , 3.926991e+00 , 3.926991e+00 , 3.926991e+00 , 3.926991e+00 , 3.926991e+00 ,]
