% ground truth for sim_inc45_az315_run1.tif
% settings
number_of_spots = 9
pixel_size_nm = 52.000
image_size_nm = 6000.000
image_size_px = 115
wavelength = 500
par.objectiveNA = 2.17
objectiveFocalLength = 770
par.refractiveIndices = [1.310000e+00 , 2.170000e+00 , 2.170000e+00 ,]
par.nDiscretizationBFP = 129
par.backgroundNoise = 0.000
par.nPhotons = 2000
positionX_nm_array = [-9.224567e+02 ,  1.648750e+03 , -1.947786e+03 , -3.598421e+01 ,  2.004938e+03 , -1.291563e+03 , -1.593426e+02 ,  6.208826e+02 ,  1.306859e+03 ,]
positionY_nm_array = [-1.725373e+03 , -1.745293e+03 , -1.673088e+03 ,  1.454258e+03 ,  4.580173e+02 ,  9.460756e+02 , -4.820385e+02 , -1.585425e+03 , -6.872677e+02 ,]
angleInclination_array = [7.853982e-01 , 7.853982e-01 , 7.853982e-01 , 7.853982e-01 , 7.853982e-01 , 7.853982e-01 , 7.853982e-01 , 7.853982e-01 , 7.853982e-01 ,]
angleAzimuth_array = [5.497787e+00 , 5.497787e+00 , 5.497787e+00 , 5.497787e+00 , 5.497787e+00 , 5.497787e+00 , 5.497787e+00 , 5.497787e+00 , 5.497787e+00 ,]
