% ground truth for sim_inc45_az0_run1.tif
% settings
number_of_spots = 9
pixel_size_nm = 52.000
image_size_nm = 6000.000
image_size_px = 115
wavelength = 500
par.objectiveNA = 2.17
objectiveFocalLength = 770
par.refractiveIndices = [1.310000e+00 , 2.170000e+00 , 2.170000e+00 ,]
par.nDiscretizationBFP = 129
par.backgroundNoise = 0.000
par.nPhotons = 2000
positionX_nm_array = [-3.373664e+02 ,  2.028059e+01 ,  8.553863e+02 ,  1.028745e+03 ,  1.769476e+03 , -1.989924e+03 , -1.795665e+03 , -4.111948e+02 , -1.344537e+03 ,]
positionY_nm_array = [-1.303637e+03 , -1.953251e+01 , -1.484844e+03 , -5.560720e+01 ,  1.275155e+03 ,  8.996586e+02 , -7.224006e+02 ,  1.522376e+03 , -1.817218e+03 ,]
angleInclination_array = [7.853982e-01 , 7.853982e-01 , 7.853982e-01 , 7.853982e-01 , 7.853982e-01 , 7.853982e-01 , 7.853982e-01 , 7.853982e-01 , 7.853982e-01 ,]
angleAzimuth_array = [0 , 0 , 0 , 0 , 0 , 0 , 0 , 0 , 0 ,]
