% ground truth for sim_inc68_az315_run1.tif
% settings
number_of_spots = 9
pixel_size_nm = 52.000
image_size_nm = 6000.000
image_size_px = 115
wavelength = 500
par.objectiveNA = 2.17
objectiveFocalLength = 770
par.refractiveIndices = [1.310000e+00 , 2.170000e+00 , 2.170000e+00 ,]
par.nDiscretizationBFP = 129
par.backgroundNoise = 0.000
par.nPhotons = 2000
positionX_nm_array = [6.981986e+02 , -1.356935e+03 , -1.745195e+03 , -1.215458e+02 ,  2.017576e+03 , -1.867028e+03 ,  1.202507e+03 , -5.341393e+02 ,  1.846747e+03 ,]
positionY_nm_array = [1.681257e+03 ,  1.925069e+02 ,  1.418090e+03 ,  4.964008e+01 , -1.928379e+03 , -1.263951e+03 , -2.600436e+02 ,  2.017090e+03 ,  6.968673e+02 ,]
angleInclination_array = [1.178097e+00 , 1.178097e+00 , 1.178097e+00 , 1.178097e+00 , 1.178097e+00 , 1.178097e+00 , 1.178097e+00 , 1.178097e+00 , 1.178097e+00 ,]
angleAzimuth_array = [5.497787e+00 , 5.497787e+00 , 5.497787e+00 , 5.497787e+00 , 5.497787e+00 , 5.497787e+00 , 5.497787e+00 , 5.497787e+00 , 5.497787e+00 ,]
