% ground truth for sim_inc0_az270_run1.tif
% settings
number_of_spots = 9
pixel_size_nm = 52.000
image_size_nm = 6000.000
image_size_px = 115
wavelength = 500
par.objectiveNA = 2.17
objectiveFocalLength = 770
par.refractiveIndices = [1.310000e+00 , 2.170000e+00 , 2.170000e+00 ,]
par.nDiscretizationBFP = 129
par.backgroundNoise = 0.000
par.nPhotons = 2000
positionX_nm_array = [-2.060909e+03 ,  4.541971e+02 ,  1.978630e+03 ,  1.084190e+03 ,  1.240626e+03 , -1.124342e+03 ,  2.408443e+02 , -1.351578e+02 , -1.029462e+03 ,]
positionY_nm_array = [5.519906e+02 , -6.022474e+02 ,  5.032278e+02 ,  1.923784e+03 , -2.068223e+03 , -1.097050e+03 ,  8.167077e+02 , -1.936665e+03 ,  1.940686e+03 ,]
angleInclination_array = [0 , 0 , 0 , 0 , 0 , 0 , 0 , 0 , 0 ,]
angleAzimuth_array = [4.712389e+00 , 4.712389e+00 , 4.712389e+00 , 4.712389e+00 , 4.712389e+00 , 4.712389e+00 , 4.712389e+00 , 4.712389e+00 , 4.712389e+00 ,]
