% ground truth for sim_inc45_az135_run1.tif
% settings
number_of_spots = 9
pixel_size_nm = 52.000
image_size_nm = 6000.000
image_size_px = 115
wavelength = 500
par.objectiveNA = 2.17
objectiveFocalLength = 770
par.refractiveIndices = [1.310000e+00 , 2.170000e+00 , 2.170000e+00 ,]
par.nDiscretizationBFP = 129
par.backgroundNoise = 0.000
par.nPhotons = 2000
positionX_nm_array = [1.003162e+03 , -5.859866e+02 , -1.347215e+03 ,  3.237414e+01 ,  1.267074e+03 , -1.175683e+03 , -3.011625e+02 ,  2.086080e+03 ,  9.024298e+01 ,]
positionY_nm_array = [-1.473191e+03 ,  1.712210e+03 , -2.060577e+02 , -1.761994e+03 ,  8.238927e+02 , -1.235076e+03 , -5.500991e+02 , -1.004516e+03 ,  6.377466e+02 ,]
angleInclination_array = [7.853982e-01 , 7.853982e-01 , 7.853982e-01 , 7.853982e-01 , 7.853982e-01 , 7.853982e-01 , 7.853982e-01 , 7.853982e-01 , 7.853982e-01 ,]
angleAzimuth_array = [2.356194e+00 , 2.356194e+00 , 2.356194e+00 , 2.356194e+00 , 2.356194e+00 , 2.356194e+00 , 2.356194e+00 , 2.356194e+00 , 2.356194e+00 ,]
