% ground truth for sim_inc45_az225_run1.tif
% settings
number_of_spots = 9
pixel_size_nm = 52.000
image_size_nm = 6000.000
image_size_px = 115
wavelength = 500
par.objectiveNA = 2.17
objectiveFocalLength = 770
par.refractiveIndices = [1.310000e+00 , 2.170000e+00 , 2.170000e+00 ,]
par.nDiscretizationBFP = 129
par.backgroundNoise = 0.000
par.nPhotons = 2000
positionX_nm_array = [1.640083e+03 , -1.712775e+03 ,  1.044559e+03 ,  1.621534e+03 ,  6.327503e+02 ,  5.028143e+02 , -1.372123e+03 , -6.154970e+02 ,  3.625866e+02 ,]
positionY_nm_array = [5.728005e+02 ,  1.820375e+03 , -9.562756e+02 ,  1.708868e+03 ,  5.406823e+01 ,  1.833166e+03 , -1.692278e+03 ,  9.098409e+02 , -2.050095e+03 ,]
angleInclination_array = [7.853982e-01 , 7.853982e-01 , 7.853982e-01 , 7.853982e-01 , 7.853982e-01 , 7.853982e-01 , 7.853982e-01 , 7.853982e-01 , 7.853982e-01 ,]
angleAzimuth_array = [3.926991e+00 , 3.926991e+00 , 3.926991e+00 , 3.926991e+00 , 3.926991e+00 , 3.926991e+00 , 3.926991e+00 , 3.926991e+00 , 3.926991e+00 ,]
