% ground truth for sim_inc45_az90_run1.tif
% settings
number_of_spots = 9
pixel_size_nm = 52.000
image_size_nm = 6000.000
image_size_px = 115
wavelength = 500
par.objectiveNA = 2.17
objectiveFocalLength = 770
par.refractiveIndices = [1.310000e+00 , 2.170000e+00 , 2.170000e+00 ,]
par.nDiscretizationBFP = 129
par.backgroundNoise = 0.000
par.nPhotons = 2000
positionX_nm_array = [-3.247681e+02 ,  1.852144e+03 ,  3.690161e+02 ,  7.179445e+02 ,  3.974422e+02 , -6.886922e+02 , -7.501716e+02 , -1.378741e+03 , -1.657512e+03 ,]
positionY_nm_array = [-4.930044e+02 , -4.839219e+02 , -1.874557e+03 , -8.266239e+02 ,  1.625774e+03 , -1.609486e+03 ,  7.576381e+02 , -8.565974e+02 ,  2.814050e+02 ,]
angleInclination_array = [7.853982e-01 , 7.853982e-01 , 7.853982e-01 , 7.853982e-01 , 7.853982e-01 , 7.853982e-01 , 7.853982e-01 , 7.853982e-01 , 7.853982e-01 ,]
angleAzimuth_array = [1.570796e+00 , 1.570796e+00 , 1.570796e+00 , 1.570796e+00 , 1.570796e+00 , 1.570796e+00 , 1.570796e+00 , 1.570796e+00 , 1.570796e+00 ,]
