% ground truth for sim_inc68_az90_run1.tif
% settings
number_of_spots = 9
pixel_size_nm = 52.000
image_size_nm = 6000.000
image_size_px = 115
wavelength = 500
par.objectiveNA = 2.17
objectiveFocalLength = 770
par.refractiveIndices = [1.310000e+00 , 2.170000e+00 , 2.170000e+00 ,]
par.nDiscretizationBFP = 129
par.backgroundNoise = 0.000
par.nPhotons = 2000
positionX_nm_array = [-1.842280e+03 , -8.275479e+02 ,  1.315199e+03 , -6.621077e+02 , -2.972530e+02 , -1.785425e+03 , -2.089277e+03 ,  1.024130e+03 ,  1.905999e+03 ,]
positionY_nm_array = [1.064796e+03 , -6.784890e+02 , -1.348702e+03 ,  1.836041e+03 , -1.904033e+03 , -1.165544e+03 , -1.648459e+02 ,  7.514255e+02 ,  1.948139e+03 ,]
angleInclination_array = [1.178097e+00 , 1.178097e+00 , 1.178097e+00 , 1.178097e+00 , 1.178097e+00 , 1.178097e+00 , 1.178097e+00 , 1.178097e+00 , 1.178097e+00 ,]
angleAzimuth_array = [1.570796e+00 , 1.570796e+00 , 1.570796e+00 , 1.570796e+00 , 1.570796e+00 , 1.570796e+00 , 1.570796e+00 , 1.570796e+00 , 1.570796e+00 ,]
