% ground truth for sim_inc0_az225_run1.tif
% settings
number_of_spots = 9
pixel_size_nm = 52.000
image_size_nm = 6000.000
image_size_px = 115
wavelength = 500
par.objectiveNA = 2.17
objectiveFocalLength = 770
par.refractiveIndices = [1.310000e+00 , 2.170000e+00 , 2.170000e+00 ,]
par.nDiscretizationBFP = 129
par.backgroundNoise = 0.000
par.nPhotons = 2000
positionX_nm_array = [1.227764e+03 ,  1.531059e+03 ,  8.281514e+02 , -7.176457e+01 , -1.921209e+03 , -7.447626e+02 ,  1.118289e+02 , -1.761007e+03 , -9.317431e+02 ,]
positionY_nm_array = [-1.776012e+03 , -5.914674e+01 ,  1.749810e+03 , -1.559280e+03 ,  2.849855e+02 ,  1.927195e+03 ,  2.020659e+02 ,  1.937030e+03 , -3.625090e+02 ,]
angleInclination_array = [0 , 0 , 0 , 0 , 0 , 0 , 0 , 0 , 0 ,]
angleAzimuth_array = [3.926991e+00 , 3.926991e+00 , 3.926991e+00 , 3.926991e+00 , 3.926991e+00 , 3.926991e+00 , 3.926991e+00 , 3.926991e+00 , 3.926991e+00 ,]
