% ground truth for sim_inc45_az270_run1.tif
% settings
number_of_spots = 9
pixel_size_nm = 52.000
image_size_nm = 6000.000
image_size_px = 115
wavelength = 500
par.objectiveNA = 2.17
objectiveFocalLength = 770
par.refractiveIndices = [1.310000e+00 , 2.170000e+00 , 2.170000e+00 ,]
par.nDiscretizationBFP = 129
par.backgroundNoise = 0.000
par.nPhotons = 2000
positionX_nm_array = [1.531751e+03 ,  9.612181e+01 , -3.563669e+01 , -2.013740e+03 ,  1.076644e+03 , -1.904308e+03 , -1.295249e+03 ,  2.083383e+03 , -7.680719e+02 ,]
positionY_nm_array = [-1.537267e+03 , -9.511704e+02 ,  8.226981e+01 , -7.881409e+02 , -6.007031e+02 ,  1.757901e+03 , -1.733504e+03 , -2.930389e+02 ,  1.820601e+03 ,]
angleInclination_array = [7.853982e-01 , 7.853982e-01 , 7.853982e-01 , 7.853982e-01 , 7.853982e-01 , 7.853982e-01 , 7.853982e-01 , 7.853982e-01 , 7.853982e-01 ,]
angleAzimuth_array = [4.712389e+00 , 4.712389e+00 , 4.712389e+00 , 4.712389e+00 , 4.712389e+00 , 4.712389e+00 , 4.712389e+00 , 4.712389e+00 , 4.712389e+00 ,]
