% ground truth for sim_inc23_az270_run1.tif
% settings
number_of_spots = 9
pixel_size_nm = 52.000
image_size_nm = 6000.000
image_size_px = 115
wavelength = 500
par.objectiveNA = 2.17
objectiveFocalLength = 770
par.refractiveIndices = [1.310000e+00 , 2.170000e+00 , 2.170000e+00 ,]
par.nDiscretizationBFP = 129
par.backgroundNoise = 0.000
par.nPhotons = 2000
positionX_nm_array = [1.223079e+03 ,  2.017238e+03 ,  8.145591e+01 ,  1.837067e+03 ,  6.458120e+01 , -1.237405e+03 , -1.453010e+03 ,  2.553217e+02 ,  1.284135e+03 ,]
positionY_nm_array = [5.289485e+02 , -7.589165e+02 , -1.552194e+03 ,  1.931332e+03 , -4.362787e+02 ,  1.849727e+03 , -3.001231e+02 ,  1.635277e+03 , -1.528711e+03 ,]
angleInclination_array = [3.926991e-01 , 3.926991e-01 , 3.926991e-01 , 3.926991e-01 , 3.926991e-01 , 3.926991e-01 , 3.926991e-01 , 3.926991e-01 , 3.926991e-01 ,]
angleAzimuth_array = [4.712389e+00 , 4.712389e+00 , 4.712389e+00 , 4.712389e+00 , 4.712389e+00 , 4.712389e+00 , 4.712389e+00 , 4.712389e+00 , 4.712389e+00 ,]
