% ground truth for sim_inc0_az315_run1.tif
% settings
number_of_spots = 9
pixel_size_nm = 52.000
image_size_nm = 6000.000
image_size_px = 115
wavelength = 500
par.objectiveNA = 2.17
objectiveFocalLength = 770
par.refractiveIndices = [1.310000e+00 , 2.170000e+00 , 2.170000e+00 ,]
par.nDiscretizationBFP = 129
par.backgroundNoise = 0.000
par.nPhotons = 2000
positionX_nm_array = [6.271015e+02 , -1.624313e+03 , -6.101630e+02 ,  4.059044e+02 ,  1.367843e+03 ,  1.142476e+03 ,  2.018328e+03 , -1.896476e+03 , -1.260402e+03 ,]
positionY_nm_array = [-1.965541e+03 , -3.667087e+02 , -3.791397e+02 ,  1.385145e+03 ,  5.725015e+02 , -9.768373e+02 , -1.714452e+03 ,  2.001575e+03 ,  1.210859e+03 ,]
angleInclination_array = [0 , 0 , 0 , 0 , 0 , 0 , 0 , 0 , 0 ,]
angleAzimuth_array = [5.497787e+00 , 5.497787e+00 , 5.497787e+00 , 5.497787e+00 , 5.497787e+00 , 5.497787e+00 , 5.497787e+00 , 5.497787e+00 , 5.497787e+00 ,]
