% ground truth for sim_inc0_az135_run1.tif
% settings
number_of_spots = 9
pixel_size_nm = 52.000
image_size_nm = 6000.000
image_size_px = 115
wavelength = 500
par.objectiveNA = 2.17
objectiveFocalLength = 770
par.refractiveIndices = [1.310000e+00 , 2.170000e+00 , 2.170000e+00 ,]
par.nDiscretizationBFP = 129
par.backgroundNoise = 0.000
par.nPhotons = 2000
positionX_nm_array = [-2.061962e+03 ,  5.842980e+01 ,  1.571849e+03 , -7.646854e+02 ,  2.736185e+02 , -8.429076e+02 ,  4.402116e+02 ,  6.987070e+02 ,  1.985594e+03 ,]
positionY_nm_array = [1.887954e+03 ,  2.077303e+03 ,  1.817319e+03 , -1.056320e+03 , -1.071344e+03 ,  3.070519e+02 ,  3.243568e+02 , -2.078440e+03 , -1.043112e+03 ,]
angleInclination_array = [0 , 0 , 0 , 0 , 0 , 0 , 0 , 0 , 0 ,]
angleAzimuth_array = [2.356194e+00 , 2.356194e+00 , 2.356194e+00 , 2.356194e+00 , 2.356194e+00 , 2.356194e+00 , 2.356194e+00 , 2.356194e+00 , 2.356194e+00 ,]
