% ground truth for sim_inc45_az45_run1.tif
% settings
number_of_spots = 9
pixel_size_nm = 52.000
image_size_nm = 6000.000
image_size_px = 115
wavelength = 500
par.objectiveNA = 2.17
objectiveFocalLength = 770
par.refractiveIndices = [1.310000e+00 , 2.170000e+00 , 2.170000e+00 ,]
par.nDiscretizationBFP = 129
par.backgroundNoise = 0.000
par.nPhotons = 2000
positionX_nm_array = [-2.985426e+02 ,  1.115073e+03 ,  8.479411e+02 , -1.161582e+03 ,  1.952415e+02 ,  7.405977e+02 , -1.599022e+03 ,  1.962210e+03 ,  2.005836e+03 ,]
positionY_nm_array = [-1.122286e+03 , -2.062772e+03 ,  9.927754e+02 ,  8.768217e+02 ,  1.863894e+03 , -8.085389e+02 , -1.180518e+03 ,  1.861824e+03 ,  7.746869e+02 ,]
angleInclination_array = [7.853982e-01 , 7.853982e-01 , 7.853982e-01 , 7.853982e-01 , 7.853982e-01 , 7.853982e-01 , 7.853982e-01 , 7.853982e-01 , 7.853982e-01 ,]
angleAzimuth_array = [7.853982e-01 , 7.853982e-01 , 7.853982e-01 , 7.853982e-01 , 7.853982e-01 , 7.853982e-01 , 7.853982e-01 , 7.853982e-01 , 7.853982e-01 ,]
