% ground truth for sim_inc0_az0_run1.tif
% settings
number_of_spots = 9
pixel_size_nm = 52.000
image_size_nm = 6000.000
image_size_px = 115
wavelength = 500
par.objectiveNA = 2.17
objectiveFocalLength = 770
par.refractiveIndices = [1.310000e+00 , 2.170000e+00 , 2.170000e+00 ,]
par.nDiscretizationBFP = 129
par.backgroundNoise = 0.000
par.nPhotons = 2000
positionX_nm_array = [4.637935e+02 ,  9.316015e+02 , -5.207379e+02 , -1.488077e+03 ,  1.224979e+03 , -1.643048e+03 , -1.571749e+03 ,  1.770435e+03 ,  7.535168e+02 ,]
positionY_nm_array = [-1.825666e+03 ,  2.046969e+03 , -1.194948e+03 ,  3.918842e+02 , -1.056528e+03 , -1.357514e+03 ,  1.840629e+03 ,  1.434363e+03 ,  2.172849e+02 ,]
angleInclination_array = [0 , 0 , 0 , 0 , 0 , 0 , 0 , 0 , 0 ,]
angleAzimuth_array = [0 , 0 , 0 , 0 , 0 , 0 , 0 , 0 , 0 ,]
