% ground truth for sim_inc0_az90_run1.tif
% settings
number_of_spots = 9
pixel_size_nm = 52.000
image_size_nm = 6000.000
image_size_px = 115
wavelength = 500
par.objectiveNA = 2.17
objectiveFocalLength = 770
par.refractiveIndices = [1.310000e+00 , 2.170000e+00 , 2.170000e+00 ,]
par.nDiscretizationBFP = 129
par.backgroundNoise = 0.000
par.nPhotons = 2000
positionX_nm_array = [1.392112e+03 , -5.676423e+02 , -9.242647e+02 , -1.945337e+03 ,  1.716226e+03 , -1.968135e+03 ,  6.393280e+02 , -7.329176e+01 ,  1.309006e+02 ,]
positionY_nm_array = [-1.573276e+03 ,  1.005446e+03 , -1.929853e+03 ,  1.150507e+03 ,  1.071750e+03 , -1.582801e+02 ,  8.070865e+01 ,  1.963725e+03 , -8.101947e+02 ,]
angleInclination_array = [0 , 0 , 0 , 0 , 0 , 0 , 0 , 0 , 0 ,]
angleAzimuth_array = [1.570796e+00 , 1.570796e+00 , 1.570796e+00 , 1.570796e+00 , 1.570796e+00 , 1.570796e+00 , 1.570796e+00 , 1.570796e+00 , 1.570796e+00 ,]
