% ground truth for sim_inc0_az45_run1.tif
% settings
number_of_spots = 9
pixel_size_nm = 52.000
image_size_nm = 6000.000
image_size_px = 115
wavelength = 500
par.objectiveNA = 2.17
objectiveFocalLength = 770
par.refractiveIndices = [1.310000e+00 , 2.170000e+00 , 2.170000e+00 ,]
par.nDiscretizationBFP = 129
par.backgroundNoise = 0.000
par.nPhotons = 2000
positionX_nm_array = [-7.182852e+02 , -2.831268e+02 , -1.645456e+03 , -2.605237e+02 ,  4.123509e+02 ,  1.644499e+03 , -8.771631e+02 , -1.755105e+03 ,  1.793295e+03 ,]
positionY_nm_array = [1.820943e+03 , -7.924605e+02 , -1.585002e+03 , -1.904733e+03 ,  1.514037e+03 , -1.676934e+03 ,  5.586287e+02 ,  1.792691e+03 ,  6.771286e+02 ,]
angleInclination_array = [0 , 0 , 0 , 0 , 0 , 0 , 0 , 0 , 0 ,]
angleAzimuth_array = [7.853982e-01 , 7.853982e-01 , 7.853982e-01 , 7.853982e-01 , 7.853982e-01 , 7.853982e-01 , 7.853982e-01 , 7.853982e-01 , 7.853982e-01 ,]
