% ground truth for sim_inc90_az45_run1.tif
% settings
number_of_spots = 9
pixel_size_nm = 52.000
image_size_nm = 6000.000
image_size_px = 115
wavelength = 500
par.objectiveNA = 2.17
objectiveFocalLength = 770
par.refractiveIndices = [1.310000e+00 , 2.170000e+00 , 2.170000e+00 ,]
par.nDiscretizationBFP = 129
par.backgroundNoise = 0.000
par.nPhotons = 2000
positionX_nm_array = [1.812442e+03 , -1.303690e+03 ,  6.661540e+02 , -3.788156e+02 ,  1.938241e+03 ,  8.012463e+02 , -2.398267e+02 , -1.585581e+03 ,  9.832191e+02 ,]
positionY_nm_array = [1.183046e+03 ,  1.363195e+03 ,  1.551916e+03 , -9.271919e+02 , -3.605801e+02 , -9.525280e+02 ,  6.477167e+02 ,  6.030604e+00 ,  3.108173e+02 ,]
angleInclination_array = [1.570796e+00 , 1.570796e+00 , 1.570796e+00 , 1.570796e+00 , 1.570796e+00 , 1.570796e+00 , 1.570796e+00 , 1.570796e+00 , 1.570796e+00 ,]
angleAzimuth_array = [7.853982e-01 , 7.853982e-01 , 7.853982e-01 , 7.853982e-01 , 7.853982e-01 , 7.853982e-01 , 7.853982e-01 , 7.853982e-01 , 7.853982e-01 ,]
