% ground truth for sim_run7.tif
% settings
number_of_spots = 10
pixel_size_nm = 51.200
image_size_nm = 6324.555
image_size_px = 123
wavelength = 500
par.objectiveNA = 2.17
objectiveFocalLength = 770
par.refractiveIndices = [1.310000e+00 , 2.170000e+00 , 2.170000e+00 ,]
par.nDiscretizationBFP = 129
par.backgroundNoise = 0.100
par.nPhotons = 500
positionX_nm_array = [2.818636e+02 ,  1.552133e+03 ,  2.903464e+02 ,  6.690882e+02 ,  1.556868e+03 ,  1.940140e+03 , -1.503860e+03 , -8.352179e+02 , -1.615056e+03 , -6.701491e+02 ,]
positionY_nm_array = [-1.791926e+03 , -1.013741e+03 ,  1.381433e+03 ,  3.558981e+01 ,  1.962774e+03 ,  5.202595e+02 , -2.022906e+03 , -1.224486e+02 ,  1.633056e+03 ,  8.878027e+02 ,]
angleInclination_array = [7.490775e-01 , 5.281071e-01 , 1.409381e+00 , 5.283276e-01 , 3.657786e-01 , 5.002317e-01 , 9.531709e-01 , 2.155899e-01 , 9.737856e-01 , 1.535969e-01 ,]
angleAzimuth_array = [9.218888e-02 , 2.328674e+00 , 2.706763e+00 , 4.849200e+00 , 1.263910e+00 , 2.608750e+00 , 5.310645e-01 , 5.554694e+00 , 1.454397e+00 , 5.049061e+00 ,]
