% ground truth for sim_run9.tif
% settings
number_of_spots = 10
pixel_size_nm = 51.200
image_size_nm = 6324.555
image_size_px = 123
wavelength = 500
par.objectiveNA = 2.17
objectiveFocalLength = 770
par.refractiveIndices = [1.310000e+00 , 2.170000e+00 , 2.170000e+00 ,]
par.nDiscretizationBFP = 129
par.backgroundNoise = 0.100
par.nPhotons = 500
positionX_nm_array = [-9.035260e+02 ,  1.115763e+03 ,  4.829062e+02 ,  1.495831e+03 ,  5.436277e+02 , -8.578274e+02 , -4.555941e+02 , -1.634434e+03 , -2.088158e+03 ,  1.819103e+03 ,]
positionY_nm_array = [-9.364869e+02 , -2.043698e+03 ,  6.226872e+02 , -5.935861e+02 ,  1.727289e+03 ,  7.819400e+01 ,  1.237743e+03 ,  1.632101e+03 , -1.856307e+03 ,  2.119318e+03 ,]
angleInclination_array = [1.251575e+00 , 1.668155e-01 , 2.719130e-01 , 4.713887e-01 , 1.126701e+00 , 9.430356e-01 , 3.243549e-01 , 3.685779e-02 , 1.204359e+00 , 1.338692e+00 ,]
angleAzimuth_array = [2.545695e+00 , 5.460682e+00 , 2.141621e-01 , 2.798142e+00 , 4.457411e+00 , 1.622620e-01 , 4.918111e+00 , 1.419925e+00 , 1.289481e+00 , 2.182750e+00 ,]
