% ground truth for sim_run8.tif
% settings
number_of_spots = 10
pixel_size_nm = 51.200
image_size_nm = 6324.555
image_size_px = 123
wavelength = 500
par.objectiveNA = 2.17
objectiveFocalLength = 770
par.refractiveIndices = [1.310000e+00 , 2.170000e+00 , 2.170000e+00 ,]
par.nDiscretizationBFP = 129
par.backgroundNoise = 0.100
par.nPhotons = 500
positionX_nm_array = [-4.369083e+02 ,  1.264567e+03 , -1.410596e+03 ,  1.235833e+03 ,  1.134636e+03 , -1.735475e+03 ,  1.853665e+03 , -2.629581e+01 , -1.012558e+03 , -2.105783e+03 ,]
positionY_nm_array = [-1.371196e+03 ,  1.201321e+03 ,  1.417913e+03 , -1.041719e+03 ,  2.210139e+03 , -1.347702e+03 ,  1.755714e+02 , -4.074883e+00 , -3.842080e+02 ,  5.343653e+02 ,]
angleInclination_array = [1.016055e-01 , 5.782145e-01 , 1.057626e+00 , 4.209872e-01 , 5.890723e-01 , 1.287535e-01 , 9.803470e-01 , 1.162171e+00 , 1.350493e+00 , 2.496986e-01 ,]
angleAzimuth_array = [2.059507e-01 , 3.042103e+00 , 8.786493e-01 , 2.980642e+00 , 6.086382e+00 , 1.024762e+00 , 4.232060e+00 , 4.983534e+00 , 9.689626e-01 , 1.167976e+00 ,]
