% ground truth for sim_run4.tif
% settings
number_of_spots = 10
pixel_size_nm = 51.200
image_size_nm = 6324.555
image_size_px = 123
wavelength = 500
par.objectiveNA = 2.17
objectiveFocalLength = 770
par.refractiveIndices = [1.310000e+00 , 2.170000e+00 , 2.170000e+00 ,]
par.nDiscretizationBFP = 129
par.backgroundNoise = 0.100
par.nPhotons = 500
positionX_nm_array = [-1.889630e+03 , -1.665551e+03 ,  1.110007e+03 , -1.092909e+03 ,  1.433674e+03 , -4.069238e+01 , -7.311036e+02 ,  1.593311e+03 , -2.062950e+03 , -6.361655e+02 ,]
positionY_nm_array = [-1.062470e+03 ,  8.526095e+02 , -2.726418e+02 , -3.980867e+02 , -1.328647e+03 ,  1.907813e+01 , -2.029732e+03 ,  1.861289e+03 ,  1.777623e+03 ,  1.523105e+03 ,]
angleInclination_array = [9.576293e-01 , 1.544605e+00 , 1.046900e+00 , 6.042094e-01 , 1.248016e+00 , 1.570619e+00 , 1.149217e+00 , 1.463442e+00 , 1.019844e+00 , 4.562063e-01 ,]
angleAzimuth_array = [2.181366e+00 , 3.795400e+00 , 1.388040e+00 , 2.562518e+00 , 3.921593e+00 , 1.814560e+00 , 5.302215e+00 , 4.144288e+00 , 2.696402e+00 , 5.271243e+00 ,]
