% ground truth for sim_run10.tif
% settings
number_of_spots = 10
pixel_size_nm = 51.200
image_size_nm = 6324.555
image_size_px = 123
wavelength = 500
par.objectiveNA = 2.17
objectiveFocalLength = 770
par.refractiveIndices = [1.310000e+00 , 2.170000e+00 , 2.170000e+00 ,]
par.nDiscretizationBFP = 129
par.backgroundNoise = 0.100
par.nPhotons = 500
positionX_nm_array = [-8.799537e+02 , -6.352843e+02 ,  5.117229e+02 , -2.149509e+03 ,  1.869521e+03 ,  1.661988e+03 ,  4.346863e+02 ,  8.431787e+02 ,  1.851782e+03 , -2.163023e+03 ,]
positionY_nm_array = [1.908420e+03 , -5.426168e+02 ,  1.987305e+03 ,  8.454733e+02 , -1.953782e+03 ,  1.539562e+03 , -1.874036e+03 , -7.334303e+02 , -6.710204e+02 ,  2.190726e+03 ,]
angleInclination_array = [1.264408e+00 , 1.103939e+00 , 9.368548e-02 , 7.076703e-01 , 7.276632e-01 , 7.228849e-01 , 1.021684e+00 , 8.171581e-01 , 4.810210e-01 , 8.987372e-01 ,]
angleAzimuth_array = [6.010689e+00 , 1.300418e+00 , 2.800319e+00 , 5.756216e+00 , 1.147558e+00 , 3.468831e+00 , 5.650398e+00 , 5.059835e+00 , 5.263315e+00 , 2.411585e+00 ,]
