% ground truth for sim_run5.tif
% settings
number_of_spots = 10
pixel_size_nm = 51.200
image_size_nm = 6324.555
image_size_px = 123
wavelength = 500
par.objectiveNA = 2.17
objectiveFocalLength = 770
par.refractiveIndices = [1.310000e+00 , 2.170000e+00 , 2.170000e+00 ,]
par.nDiscretizationBFP = 129
par.backgroundNoise = 0.100
par.nPhotons = 500
positionX_nm_array = [-1.701758e+03 ,  9.947450e+02 , -2.182297e+02 , -3.992102e+02 ,  1.816607e+03 , -8.721716e+02 , -1.539508e+03 ,  9.618436e+02 ,  1.992197e+03 ,  9.432097e+02 ,]
positionY_nm_array = [-3.918566e+02 ,  3.538551e+02 ,  1.776020e+03 ,  3.584914e+02 , -1.734597e+03 , -1.320605e+03 , -2.096946e+03 , -6.850429e+02 ,  1.469072e+03 ,  1.815558e+03 ,]
angleInclination_array = [6.547475e-01 , 7.403498e-01 , 1.283624e+00 , 1.056588e+00 , 1.357143e+00 , 5.549064e-01 , 1.192359e+00 , 1.883797e-01 , 1.477287e+00 , 9.694038e-02 ,]
angleAzimuth_array = [5.113579e+00 , 4.321845e+00 , 3.792003e+00 , 3.196040e-02 , 7.586940e-01 , 5.072235e+00 , 8.695956e-01 , 5.119240e-01 , 2.860242e+00 , 4.838988e+00 ,]
