% ground truth for sim_run6.tif
% settings
number_of_spots = 10
pixel_size_nm = 51.200
image_size_nm = 6324.555
image_size_px = 123
wavelength = 500
par.objectiveNA = 2.17
objectiveFocalLength = 770
par.refractiveIndices = [1.310000e+00 , 2.170000e+00 , 2.170000e+00 ,]
par.nDiscretizationBFP = 129
par.backgroundNoise = 0.100
par.nPhotons = 500
positionX_nm_array = [-1.354222e+03 ,  7.861512e+02 , -2.209419e+03 ,  2.944493e+02 , -5.538552e+02 , -2.202616e+03 ,  1.935573e+03 , -1.986848e+03 , -1.657082e+02 ,  2.137076e+03 ,]
positionY_nm_array = [-1.278255e+03 , -5.366068e+02 ,  3.792409e+02 ,  6.815409e+02 ,  1.913784e+03 , -1.941914e+03 , -1.649771e+03 ,  1.702255e+03 , -1.240657e+03 , -6.203110e+02 ,]
angleInclination_array = [1.088035e+00 , 1.554805e+00 , 7.784563e-01 , 1.027114e-01 , 5.215334e-01 , 1.140227e+00 , 9.242058e-01 , 9.026979e-01 , 1.132944e+00 , 1.631594e-01 ,]
angleAzimuth_array = [3.171991e+00 , 5.383349e+00 , 1.136025e+00 , 4.961500e+00 , 2.791584e+00 , 3.013498e+00 , 5.078319e+00 , 1.620547e+00 , 5.277280e+00 , 4.190674e+00 ,]
