% ground truth for sim_run1.tif
% settings
number_of_spots = 10
pixel_size_nm = 51.200
image_size_nm = 6324.555
image_size_px = 123
wavelength = 500
par.objectiveNA = 2.17
objectiveFocalLength = 770
par.refractiveIndices = [1.310000e+00 , 2.170000e+00 , 2.170000e+00 ,]
par.nDiscretizationBFP = 129
par.backgroundNoise = 0.100
par.nPhotons = 500
positionX_nm_array = [2.053150e+03 ,  6.809946e+01 ,  8.829857e+02 , -5.357606e+02 , -9.771476e+01 , -9.862266e+02 ,  1.548050e+03 , -1.660431e+03 , -1.881670e+02 ,  1.474738e+03 ,]
positionY_nm_array = [-5.712852e+01 , -8.137914e+02 ,  7.603616e+02 ,  7.758055e+02 ,  2.037793e+03 , -6.535325e+02 , -1.036195e+03 , -2.187839e+03 , -2.044846e+03 ,  1.746792e+03 ,]
angleInclination_array = [1.462057e+00 , 2.926587e-01 , 1.445051e+00 , 5.822945e-02 , 3.674251e-01 , 1.146434e+00 , 1.500538e+00 , 1.623226e-01 , 1.109985e+00 , 1.329576e+00 ,]
angleAzimuth_array = [5.758693e+00 , 1.482652e+00 , 2.156645e+00 , 2.642435e-01 , 7.890387e-01 , 4.548345e+00 , 2.636226e+00 , 2.730748e+00 , 5.220625e-01 , 3.195250e+00 ,]
