% ground truth for sim_run3.tif
% settings
number_of_spots = 10
pixel_size_nm = 51.200
image_size_nm = 6324.555
image_size_px = 123
wavelength = 500
par.objectiveNA = 2.17
objectiveFocalLength = 770
par.refractiveIndices = [1.310000e+00 , 2.170000e+00 , 2.170000e+00 ,]
par.nDiscretizationBFP = 129
par.backgroundNoise = 0.100
par.nPhotons = 500
positionX_nm_array = [2.174976e+02 , -1.317293e+03 ,  9.175541e+02 ,  1.768766e+03 ,  9.373131e+02 , -1.647873e+03 , -1.675656e+03 ,  5.548726e+02 , -6.038189e+02 ,  2.097150e+03 ,]
positionY_nm_array = [5.787682e+02 , -1.883202e+03 ,  1.576493e+03 ,  9.687319e+01 , -8.102976e+02 ,  1.576341e+02 ,  1.554107e+03 , -1.893291e+03 , -4.405171e+02 , -1.258671e+03 ,]
angleInclination_array = [4.325975e-01 , 7.398879e-01 , 8.146419e-01 , 1.020475e+00 , 9.080148e-01 , 6.908277e-01 , 1.240059e+00 , 1.113450e+00 , 1.299357e+00 , 1.956144e-01 ,]
angleAzimuth_array = [5.819818e+00 , 4.476177e+00 , 4.332326e-01 , 2.630633e+00 , 2.787772e+00 , 5.024888e+00 , 2.158051e+00 , 1.505213e+00 , 4.373261e-01 , 5.440225e-03 ,]
