% ground truth for sim_run2.tif
% settings
number_of_spots = 10
pixel_size_nm = 51.200
image_size_nm = 6324.555
image_size_px = 123
wavelength = 500
par.objectiveNA = 2.17
objectiveFocalLength = 770
par.refractiveIndices = [1.310000e+00 , 2.170000e+00 , 2.170000e+00 ,]
par.nDiscretizationBFP = 129
par.backgroundNoise = 0.100
par.nPhotons = 500
positionX_nm_array = [1.878168e+02 , -1.489843e+03 , -1.318725e+03 ,  1.254367e+03 ,  1.653761e+03 ,  2.964511e+01 ,  1.097879e+03 , -3.821822e+02 ,  1.915687e+03 , -1.230151e+03 ,]
positionY_nm_array = [-1.262863e+03 ,  2.237440e+02 , -8.604960e+02 ,  1.998050e+03 , -1.290524e+03 ,  9.633671e+02 ,  5.213305e+02 ,  2.084822e+03 ,  1.122868e+03 , -1.867168e+03 ,]
angleInclination_array = [1.336059e+00 , 9.732200e-01 , 1.387763e+00 , 8.854304e-01 , 1.360966e+00 , 1.070687e+00 , 1.012010e+00 , 1.322069e+00 , 4.487795e-01 , 2.403296e-01 ,]
angleAzimuth_array = [4.214122e+00 , 3.076063e+00 , 5.381553e+00 , 2.095010e+00 , 3.677567e+00 , 2.617134e+00 , 2.220072e+00 , 3.992366e+00 , 2.116352e+00 , 7.985949e-01 ,]
