% ground truth for ../sims_9spot/sim_theta023_phi000_run1.tif
% settings
number_of_spots = 9
pixel_size_nm = 52.0
image_size_nm = 2964.0
image_size_px = 57
wavelength = 500
par.objectiveNA = 2.17
objectiveFocalLength = 770
par.refractiveIndices = [1.31, 2.17, 2.17]
par.nDiscretizationBFP = 129
par.backgroundNoise = 0
par.nPhotons = 2000
positionX_nm_array = [-987.3489764009453, -7.180798222794577, 982.072719201874, -980.9041918603733, 5.302075632018077, 992.8090453217962, -990.2900406314773, 8.539619467732525, 981.3729923596777]
positionY_nm_array = [-993.1505506801778, -981.2451845607367, -980.0732747650769, -2.9553083433404828, 3.2691466525960653, 1.859518651516769, 996.3141914682225, 988.6726963496468, 980.7943713583518]
angleInclination_array = [0.39269908169872414, 0.39269908169872414, 0.39269908169872414, 0.39269908169872414, 0.39269908169872414, 0.39269908169872414, 0.39269908169872414, 0.39269908169872414, 0.39269908169872414]
angleAzimuth_array = [0.0, 0.0, 0.0, 0.0, 0.0, 0.0, 0.0, 0.0, 0.0]
