% ground truth for ../sims_9spot/sim_theta068_phi225_run1.tif
% settings
number_of_spots = 9
pixel_size_nm = 52.0
image_size_nm = 2964.0
image_size_px = 57
wavelength = 500
par.objectiveNA = 2.17
objectiveFocalLength = 770
par.refractiveIndices = [1.31, 2.17, 2.17]
par.nDiscretizationBFP = 129
par.backgroundNoise = 0
par.nPhotons = 2000
positionX_nm_array = [-995.5811169318141, -8.910769804061047, 984.2380986111127, -991.3710981507357, 5.816741297122054, 993.6528647504131, -991.4340299770845, -7.813946156041615, 995.5241139989201]
positionY_nm_array = [-980.0176358635798, -982.4079004900121, -987.2155333548085, 6.315753380414927, -5.973529259384394, 2.9428500785868277, 990.1712890600948, 978.6035725584824, 981.0376737372029]
angleInclination_array = [1.1780972450961724, 1.1780972450961724, 1.1780972450961724, 1.1780972450961724, 1.1780972450961724, 1.1780972450961724, 1.1780972450961724, 1.1780972450961724, 1.1780972450961724]
angleAzimuth_array = [3.9269908169872414, 3.9269908169872414, 3.9269908169872414, 3.9269908169872414, 3.9269908169872414, 3.9269908169872414, 3.9269908169872414, 3.9269908169872414, 3.9269908169872414]
