% ground truth for ../sims_9spot/sim_theta023_phi135_run1.tif
% settings
number_of_spots = 9
pixel_size_nm = 52.0
image_size_nm = 2964.0
image_size_px = 57
wavelength = 500
par.objectiveNA = 2.17
objectiveFocalLength = 770
par.refractiveIndices = [1.31, 2.17, 2.17]
par.nDiscretizationBFP = 129
par.backgroundNoise = 0
par.nPhotons = 2000
positionX_nm_array = [-988.1043876414626, -8.28457067530381, 983.3754009713896, -991.1288885819479, -5.55610886274191, 985.4487117405803, -983.2720147633556, 9.493631985801272, 993.2938474878378]
positionY_nm_array = [-986.4962391991465, -993.0351419259324, -979.5884230013492, 4.526334426365576, -1.2083166028150245, -9.138281353212061, 983.8558515917953, 987.8890542060643, 996.0510336421771]
angleInclination_array = [0.39269908169872414, 0.39269908169872414, 0.39269908169872414, 0.39269908169872414, 0.39269908169872414, 0.39269908169872414, 0.39269908169872414, 0.39269908169872414, 0.39269908169872414]
angleAzimuth_array = [2.356194490192345, 2.356194490192345, 2.356194490192345, 2.356194490192345, 2.356194490192345, 2.356194490192345, 2.356194490192345, 2.356194490192345, 2.356194490192345]
