% ground truth for ../sims_9spot/sim_theta045_phi135_run1.tif
% settings
number_of_spots = 9
pixel_size_nm = 52.0
image_size_nm = 2964.0
image_size_px = 57
wavelength = 500
par.objectiveNA = 2.17
objectiveFocalLength = 770
par.refractiveIndices = [1.31, 2.17, 2.17]
par.nDiscretizationBFP = 129
par.backgroundNoise = 0
par.nPhotons = 2000
positionX_nm_array = [-995.5779260556277, -3.563593423690752, 992.9702951671563, -986.7658052677002, 4.022427371980616, 990.1813666014017, -988.7126498416926, -0.4860079525860712, 984.7913142834732]
positionY_nm_array = [-987.0283870537262, -992.0851101642513, -987.436452261823, 7.975742471813231, -7.344482310652571, -8.667143789486033, 987.8654627998176, 982.657856806725, 991.7581183770051]
angleInclination_array = [0.7853981633974483, 0.7853981633974483, 0.7853981633974483, 0.7853981633974483, 0.7853981633974483, 0.7853981633974483, 0.7853981633974483, 0.7853981633974483, 0.7853981633974483]
angleAzimuth_array = [2.356194490192345, 2.356194490192345, 2.356194490192345, 2.356194490192345, 2.356194490192345, 2.356194490192345, 2.356194490192345, 2.356194490192345, 2.356194490192345]
