% ground truth for ../sims_9spot/sim_theta023_phi180_run1.tif
% settings
number_of_spots = 9
pixel_size_nm = 52.0
image_size_nm = 2964.0
image_size_px = 57
wavelength = 500
par.objectiveNA = 2.17
objectiveFocalLength = 770
par.refractiveIndices = [1.31, 2.17, 2.17]
par.nDiscretizationBFP = 129
par.backgroundNoise = 0
par.nPhotons = 2000
positionX_nm_array = [-987.5562468269486, 2.999064870975923, 982.1664991819468, -980.1882058951084, 0.13540837137018968, 981.5045220793096, -990.7059862630143, -3.1172778386791347, 992.9929358432656]
positionY_nm_array = [-982.0199881341013, -995.5341732506064, -989.7258581537523, 3.7090457107906136, -1.366598876250892, 6.76163558913176, 997.0160457856025, 993.1284263915762, 980.234597751795]
angleInclination_array = [0.39269908169872414, 0.39269908169872414, 0.39269908169872414, 0.39269908169872414, 0.39269908169872414, 0.39269908169872414, 0.39269908169872414, 0.39269908169872414, 0.39269908169872414]
angleAzimuth_array = [3.141592653589793, 3.141592653589793, 3.141592653589793, 3.141592653589793, 3.141592653589793, 3.141592653589793, 3.141592653589793, 3.141592653589793, 3.141592653589793]
