% ground truth for ../sims_9spot/sim_theta045_phi270_run1.tif
% settings
number_of_spots = 9
pixel_size_nm = 52.0
image_size_nm = 2964.0
image_size_px = 57
wavelength = 500
par.objectiveNA = 2.17
objectiveFocalLength = 770
par.refractiveIndices = [1.31, 2.17, 2.17]
par.nDiscretizationBFP = 129
par.backgroundNoise = 0
par.nPhotons = 2000
positionX_nm_array = [-985.9654771519057, -7.659015866385323, 992.2419702143127, -995.2257865100083, 2.2067382935875166, 983.5169997923284, -985.101360044296, -1.007124095004599, 994.9470896144489]
positionY_nm_array = [-996.2223231724587, -982.9083328059269, -987.2377139132931, 3.730137123611545, 5.31091396328009, -8.82332902190368, 980.5841582805236, 990.7588615911211, 991.9802715929789]
angleInclination_array = [0.7853981633974483, 0.7853981633974483, 0.7853981633974483, 0.7853981633974483, 0.7853981633974483, 0.7853981633974483, 0.7853981633974483, 0.7853981633974483, 0.7853981633974483]
angleAzimuth_array = [4.71238898038469, 4.71238898038469, 4.71238898038469, 4.71238898038469, 4.71238898038469, 4.71238898038469, 4.71238898038469, 4.71238898038469, 4.71238898038469]
