% ground truth for ../sims_9spot/sim_theta000_phi180_run1.tif
% settings
number_of_spots = 9
pixel_size_nm = 52.0
image_size_nm = 2964.0
image_size_px = 57
wavelength = 500
par.objectiveNA = 2.17
objectiveFocalLength = 770
par.refractiveIndices = [1.31, 2.17, 2.17]
par.nDiscretizationBFP = 129
par.backgroundNoise = 0
par.nPhotons = 2000
positionX_nm_array = [-987.6993053308111, 4.873622262845775, 984.2879278820033, -984.403529975482, -7.380819131969375, 983.6434897559251, -981.0456665619622, -2.1818340528549447, 980.0046667490644]
positionY_nm_array = [-982.6253650012063, -991.2989146404498, -985.3280645036875, 6.699724933169133, -6.749803255151851, -2.0093989426156753, 980.4145771380437, 978.8229277004974, 989.4346825051231]
angleInclination_array = [0.0, 0.0, 0.0, 0.0, 0.0, 0.0, 0.0, 0.0, 0.0]
angleAzimuth_array = [3.141592653589793, 3.141592653589793, 3.141592653589793, 3.141592653589793, 3.141592653589793, 3.141592653589793, 3.141592653589793, 3.141592653589793, 3.141592653589793]
