% ground truth for ../sims_9spot/sim_theta090_phi000_run1.tif
% settings
number_of_spots = 9
pixel_size_nm = 52.0
image_size_nm = 2964.0
image_size_px = 57
wavelength = 500
par.objectiveNA = 2.17
objectiveFocalLength = 770
par.refractiveIndices = [1.31, 2.17, 2.17]
par.nDiscretizationBFP = 129
par.backgroundNoise = 0
par.nPhotons = 2000
positionX_nm_array = [-991.2634209711721, 7.8697335352173745, 988.5640817798879, -991.7251233085144, -7.269889056325237, 996.6170869752938, -981.1908544307075, -3.9906871336308, 993.513086442372]
positionY_nm_array = [-978.5275776319628, -990.8284044622508, -984.7857702211433, 8.876722768985413, 7.011429446952434, -3.8195376797418357, 980.4212765202153, 980.6684921170523, 996.3144766482559]
angleInclination_array = [1.5707963267948966, 1.5707963267948966, 1.5707963267948966, 1.5707963267948966, 1.5707963267948966, 1.5707963267948966, 1.5707963267948966, 1.5707963267948966, 1.5707963267948966]
angleAzimuth_array = [0.0, 0.0, 0.0, 0.0, 0.0, 0.0, 0.0, 0.0, 0.0]
