% ground truth for ../sims_9spot/sim_theta023_phi090_run1.tif
% settings
number_of_spots = 9
pixel_size_nm = 52.0
image_size_nm = 2964.0
image_size_px = 57
wavelength = 500
par.objectiveNA = 2.17
objectiveFocalLength = 770
par.refractiveIndices = [1.31, 2.17, 2.17]
par.nDiscretizationBFP = 129
par.backgroundNoise = 0
par.nPhotons = 2000
positionX_nm_array = [-990.1919358699104, -7.227401379094317, 978.8293858323833, -987.188090636259, -1.630868752266787, 992.9515279694737, -986.1678077210254, -3.8202044723869113, 982.2490992389329]
positionY_nm_array = [-995.3976435282138, -992.525911181596, -996.3142118787035, 1.0075515536082555, 5.442762695794105, -3.5110030469477547, 988.3977273868697, 982.7268677537605, 991.6964409751498]
angleInclination_array = [0.39269908169872414, 0.39269908169872414, 0.39269908169872414, 0.39269908169872414, 0.39269908169872414, 0.39269908169872414, 0.39269908169872414, 0.39269908169872414, 0.39269908169872414]
angleAzimuth_array = [1.5707963267948966, 1.5707963267948966, 1.5707963267948966, 1.5707963267948966, 1.5707963267948966, 1.5707963267948966, 1.5707963267948966, 1.5707963267948966, 1.5707963267948966]
