% ground truth for ../sims_9spot/sim_theta000_phi225_run1.tif
% settings
number_of_spots = 9
pixel_size_nm = 52.0
image_size_nm = 2964.0
image_size_px = 57
wavelength = 500
par.objectiveNA = 2.17
objectiveFocalLength = 770
par.refractiveIndices = [1.31, 2.17, 2.17]
par.nDiscretizationBFP = 129
par.backgroundNoise = 0
par.nPhotons = 2000
positionX_nm_array = [-980.1786736760126, 5.447410089864142, 994.70447634963, -997.3355182051353, 8.737155854598328, 989.0609295887103, -982.9317187465483, 3.962151155680461, 996.5905413037772]
positionY_nm_array = [-994.2938947523946, -997.3194002313214, -991.3862401213668, 0.8552180177265782, -1.680651178020372, -5.217728675464144, 980.9199190414776, 983.023093674097, 978.7107598452656]
angleInclination_array = [0.0, 0.0, 0.0, 0.0, 0.0, 0.0, 0.0, 0.0, 0.0]
angleAzimuth_array = [3.9269908169872414, 3.9269908169872414, 3.9269908169872414, 3.9269908169872414, 3.9269908169872414, 3.9269908169872414, 3.9269908169872414, 3.9269908169872414, 3.9269908169872414]
