% ground truth for ../sims_9spot/sim_theta023_phi315_run1.tif
% settings
number_of_spots = 9
pixel_size_nm = 52.0
image_size_nm = 2964.0
image_size_px = 57
wavelength = 500
par.objectiveNA = 2.17
objectiveFocalLength = 770
par.refractiveIndices = [1.31, 2.17, 2.17]
par.nDiscretizationBFP = 129
par.backgroundNoise = 0
par.nPhotons = 2000
positionX_nm_array = [-989.6865960602369, 0.7127130976393286, 993.3688517408723, -991.396278368799, 5.506799962089417, 990.2449830464681, -985.2724227425269, 5.760525124686938, 992.0821980807362]
positionY_nm_array = [-979.7168095252924, -994.8691741160535, -986.4947441211559, 0.23151948697022284, -0.08291268054863643, 1.021486266765253, 995.0256889018535, 989.7643043145105, 997.3854610051504]
angleInclination_array = [0.39269908169872414, 0.39269908169872414, 0.39269908169872414, 0.39269908169872414, 0.39269908169872414, 0.39269908169872414, 0.39269908169872414, 0.39269908169872414, 0.39269908169872414]
angleAzimuth_array = [5.497787143782138, 5.497787143782138, 5.497787143782138, 5.497787143782138, 5.497787143782138, 5.497787143782138, 5.497787143782138, 5.497787143782138, 5.497787143782138]
