% ground truth for ../sims_9spot/sim_theta045_phi045_run1.tif
% settings
number_of_spots = 9
pixel_size_nm = 52.0
image_size_nm = 2964.0
image_size_px = 57
wavelength = 500
par.objectiveNA = 2.17
objectiveFocalLength = 770
par.refractiveIndices = [1.31, 2.17, 2.17]
par.nDiscretizationBFP = 129
par.backgroundNoise = 0
par.nPhotons = 2000
positionX_nm_array = [-995.7498736509473, -4.298596163428387, 987.6550243314388, -991.927626241964, -1.203873022377726, 986.1593226707048, -987.477397940955, 6.591742438494887, 982.1668120868217]
positionY_nm_array = [-983.3543567148007, -981.0248140766914, -978.8397080719164, -4.213170219136773, -3.1828524495972905, -2.443932554701332, 995.6713278718042, 995.2524799866687, 979.0578033842064]
angleInclination_array = [0.7853981633974483, 0.7853981633974483, 0.7853981633974483, 0.7853981633974483, 0.7853981633974483, 0.7853981633974483, 0.7853981633974483, 0.7853981633974483, 0.7853981633974483]
angleAzimuth_array = [0.7853981633974483, 0.7853981633974483, 0.7853981633974483, 0.7853981633974483, 0.7853981633974483, 0.7853981633974483, 0.7853981633974483, 0.7853981633974483, 0.7853981633974483]
