% ground truth for ../sims_9spot/sim_theta068_phi315_run1.tif
% settings
number_of_spots = 9
pixel_size_nm = 52.0
image_size_nm = 2964.0
image_size_px = 57
wavelength = 500
par.objectiveNA = 2.17
objectiveFocalLength = 770
par.refractiveIndices = [1.31, 2.17, 2.17]
par.nDiscretizationBFP = 129
par.backgroundNoise = 0
par.nPhotons = 2000
positionX_nm_array = [-991.8348689354178, 1.888369913274845, 983.626408973006, -982.7811278133411, 1.092216268289068, 990.8864704443345, -987.1732469904217, -5.939538382771277, 995.3983620036518]
positionY_nm_array = [-996.3531490130904, -989.5388489414428, -993.9920879725822, 5.078322399812189, 5.732663944726337, 9.44067650500639, 983.2640985663795, 982.3226804006016, 994.6358149123304]
angleInclination_array = [1.1780972450961724, 1.1780972450961724, 1.1780972450961724, 1.1780972450961724, 1.1780972450961724, 1.1780972450961724, 1.1780972450961724, 1.1780972450961724, 1.1780972450961724]
angleAzimuth_array = [5.497787143782138, 5.497787143782138, 5.497787143782138, 5.497787143782138, 5.497787143782138, 5.497787143782138, 5.497787143782138, 5.497787143782138, 5.497787143782138]
