% ground truth for ../sims_9spot/sim_theta090_phi045_run1.tif
% settings
number_of_spots = 9
pixel_size_nm = 52.0
image_size_nm = 2964.0
image_size_px = 57
wavelength = 500
par.objectiveNA = 2.17
objectiveFocalLength = 770
par.refractiveIndices = [1.31, 2.17, 2.17]
par.nDiscretizationBFP = 129
par.backgroundNoise = 0
par.nPhotons = 2000
positionX_nm_array = [-989.8126696419753, -3.664477118011522, 990.1940103798985, -991.9034157009256, -5.053476936124603, 993.5013573140926, -979.5443212292865, 3.379972237317613, 996.1008735071755]
positionY_nm_array = [-984.0724258845104, -985.5555120126561, -979.6866974277292, -0.05818507111018434, 9.324781762405983, 0.2462145388082586, 989.1781724335153, 979.2040730401045, 984.236890881653]
angleInclination_array = [1.5707963267948966, 1.5707963267948966, 1.5707963267948966, 1.5707963267948966, 1.5707963267948966, 1.5707963267948966, 1.5707963267948966, 1.5707963267948966, 1.5707963267948966]
angleAzimuth_array = [0.7853981633974483, 0.7853981633974483, 0.7853981633974483, 0.7853981633974483, 0.7853981633974483, 0.7853981633974483, 0.7853981633974483, 0.7853981633974483, 0.7853981633974483]
