% ground truth for ../sims_9spot/sim_theta023_phi225_run1.tif
% settings
number_of_spots = 9
pixel_size_nm = 52.0
image_size_nm = 2964.0
image_size_px = 57
wavelength = 500
par.objectiveNA = 2.17
objectiveFocalLength = 770
par.refractiveIndices = [1.31, 2.17, 2.17]
par.nDiscretizationBFP = 129
par.backgroundNoise = 0
par.nPhotons = 2000
positionX_nm_array = [-988.2255490986568, 6.221572296381433, 978.9284171969136, -981.6559474725187, -1.7028924970500272, 993.1612226085338, -994.6182843627148, -1.8528332959843903, 987.7430987139996]
positionY_nm_array = [-993.0028622858534, -993.8578138094196, -997.452470469684, -7.609538272877244, 0.7669155075392045, -1.1123320674021056, 992.2208790814486, 993.0141263494165, 984.9780268654062]
angleInclination_array = [0.39269908169872414, 0.39269908169872414, 0.39269908169872414, 0.39269908169872414, 0.39269908169872414, 0.39269908169872414, 0.39269908169872414, 0.39269908169872414, 0.39269908169872414]
angleAzimuth_array = [3.9269908169872414, 3.9269908169872414, 3.9269908169872414, 3.9269908169872414, 3.9269908169872414, 3.9269908169872414, 3.9269908169872414, 3.9269908169872414, 3.9269908169872414]
