% ground truth for ../sims_9spot/sim_theta068_phi090_run1.tif
% settings
number_of_spots = 9
pixel_size_nm = 52.0
image_size_nm = 2964.0
image_size_px = 57
wavelength = 500
par.objectiveNA = 2.17
objectiveFocalLength = 770
par.refractiveIndices = [1.31, 2.17, 2.17]
par.nDiscretizationBFP = 129
par.backgroundNoise = 0
par.nPhotons = 2000
positionX_nm_array = [-986.5076947374201, 8.314562765371075, 993.6215829248346, -988.701762557481, -3.3229111383436987, 994.3212973130123, -987.3432809635901, 4.373306877218035, 994.3485948638769]
positionY_nm_array = [-996.7328179185181, -993.8550866501769, -995.8889470597755, -6.684755950925622, -7.336373979741676, -1.1515729108821766, 987.5968313798907, 990.7094999009518, 981.283390800343]
angleInclination_array = [1.1780972450961724, 1.1780972450961724, 1.1780972450961724, 1.1780972450961724, 1.1780972450961724, 1.1780972450961724, 1.1780972450961724, 1.1780972450961724, 1.1780972450961724]
angleAzimuth_array = [1.5707963267948966, 1.5707963267948966, 1.5707963267948966, 1.5707963267948966, 1.5707963267948966, 1.5707963267948966, 1.5707963267948966, 1.5707963267948966, 1.5707963267948966]
