% ground truth for ../sims_9spot/sim_theta023_phi270_run1.tif
% settings
number_of_spots = 9
pixel_size_nm = 52.0
image_size_nm = 2964.0
image_size_px = 57
wavelength = 500
par.objectiveNA = 2.17
objectiveFocalLength = 770
par.refractiveIndices = [1.31, 2.17, 2.17]
par.nDiscretizationBFP = 129
par.backgroundNoise = 0
par.nPhotons = 2000
positionX_nm_array = [-993.4430294383618, -1.7379752611369526, 996.6288178335606, -985.0090643084981, -7.303119390005934, 996.4234051750219, -983.8292308379329, -0.8629704108884013, 979.955864022518]
positionY_nm_array = [-982.4568530302397, -984.7236481232101, -996.5109027763946, -2.343182521031763, 7.09732771332839, 4.314598099069871, 995.2782555436265, 987.5927786979948, 992.1444134202226]
angleInclination_array = [0.39269908169872414, 0.39269908169872414, 0.39269908169872414, 0.39269908169872414, 0.39269908169872414, 0.39269908169872414, 0.39269908169872414, 0.39269908169872414, 0.39269908169872414]
angleAzimuth_array = [4.71238898038469, 4.71238898038469, 4.71238898038469, 4.71238898038469, 4.71238898038469, 4.71238898038469, 4.71238898038469, 4.71238898038469, 4.71238898038469]
