% ground truth for ../sims_9spot/sim_theta045_phi225_run1.tif
% settings
number_of_spots = 9
pixel_size_nm = 52.0
image_size_nm = 2964.0
image_size_px = 57
wavelength = 500
par.objectiveNA = 2.17
objectiveFocalLength = 770
par.refractiveIndices = [1.31, 2.17, 2.17]
par.nDiscretizationBFP = 129
par.backgroundNoise = 0
par.nPhotons = 2000
positionX_nm_array = [-979.7101861955283, -0.03238372387704658, 991.9143246476791, -990.6451115778851, 1.1200040720723852, 980.3544791751839, -992.8579401598225, 5.330483823583993, 991.8099100333221]
positionY_nm_array = [-978.6009983862225, -980.1029484347384, -985.8139692144658, -5.219194246478104, 7.168396323061078, -7.716808110449445, 983.4150877382098, 990.2007319177009, 982.640705927815]
angleInclination_array = [0.7853981633974483, 0.7853981633974483, 0.7853981633974483, 0.7853981633974483, 0.7853981633974483, 0.7853981633974483, 0.7853981633974483, 0.7853981633974483, 0.7853981633974483]
angleAzimuth_array = [3.9269908169872414, 3.9269908169872414, 3.9269908169872414, 3.9269908169872414, 3.9269908169872414, 3.9269908169872414, 3.9269908169872414, 3.9269908169872414, 3.9269908169872414]
