% ground truth for ../sims_9spot/sim_theta090_phi135_run1.tif
% settings
number_of_spots = 9
pixel_size_nm = 52.0
image_size_nm = 2964.0
image_size_px = 57
wavelength = 500
par.objectiveNA = 2.17
objectiveFocalLength = 770
par.refractiveIndices = [1.31, 2.17, 2.17]
par.nDiscretizationBFP = 129
par.backgroundNoise = 0
par.nPhotons = 2000
positionX_nm_array = [-980.1455121051576, 1.768715540531069, 985.4425780981854, -992.0639509756376, 6.69660552344952, 994.1722864641182, -996.3992161061044, 6.11882038591785, 982.1160579558527]
positionY_nm_array = [-979.5765053084418, -981.4868224535219, -991.7846033885797, -4.765439394623652, -0.5273744070592841, -8.152631711030427, 989.0386518103448, 993.3565572970492, 988.0313626641508]
angleInclination_array = [1.5707963267948966, 1.5707963267948966, 1.5707963267948966, 1.5707963267948966, 1.5707963267948966, 1.5707963267948966, 1.5707963267948966, 1.5707963267948966, 1.5707963267948966]
angleAzimuth_array = [2.356194490192345, 2.356194490192345, 2.356194490192345, 2.356194490192345, 2.356194490192345, 2.356194490192345, 2.356194490192345, 2.356194490192345, 2.356194490192345]
