% ground truth for ../sims_9spot/sim_theta023_phi045_run1.tif
% settings
number_of_spots = 9
pixel_size_nm = 52.0
image_size_nm = 2964.0
image_size_px = 57
wavelength = 500
par.objectiveNA = 2.17
objectiveFocalLength = 770
par.refractiveIndices = [1.31, 2.17, 2.17]
par.nDiscretizationBFP = 129
par.backgroundNoise = 0
par.nPhotons = 2000
positionX_nm_array = [-986.1954890662308, -4.9924052250866, 982.0645965394084, -981.5782930303875, -4.300124167589159, 984.2424617836275, -985.5880958654159, 1.722891351423689, 988.3661487322323]
positionY_nm_array = [-978.966138712901, -991.935641300433, -986.9233754802309, -0.6653940181760483, -3.8824089777808997, 2.569560692746137, 980.6880072481913, 995.8216596585689, 986.5002751180848]
angleInclination_array = [0.39269908169872414, 0.39269908169872414, 0.39269908169872414, 0.39269908169872414, 0.39269908169872414, 0.39269908169872414, 0.39269908169872414, 0.39269908169872414, 0.39269908169872414]
angleAzimuth_array = [0.7853981633974483, 0.7853981633974483, 0.7853981633974483, 0.7853981633974483, 0.7853981633974483, 0.7853981633974483, 0.7853981633974483, 0.7853981633974483, 0.7853981633974483]
