% ground truth for ../sims_9spot/sim_theta000_phi090_run1.tif
% settings
number_of_spots = 9
pixel_size_nm = 52.0
image_size_nm = 2964.0
image_size_px = 57
wavelength = 500
par.objectiveNA = 2.17
objectiveFocalLength = 770
par.refractiveIndices = [1.31, 2.17, 2.17]
par.nDiscretizationBFP = 129
par.backgroundNoise = 0
par.nPhotons = 2000
positionX_nm_array = [-978.5445310268553, -9.436562024457864, 992.7766260565988, -979.8435499191597, 0.7584639871303178, 978.6783896651839, -993.0929197529342, 6.724533686805426, 990.6969405840655]
positionY_nm_array = [-997.4391939450395, -989.0955255005811, -995.4780023680348, 7.929637203081654, 7.423391816095339, -1.536571805698152, 981.7132789117672, 983.1417613387919, 978.9341876074491]
angleInclination_array = [0.0, 0.0, 0.0, 0.0, 0.0, 0.0, 0.0, 0.0, 0.0]
angleAzimuth_array = [1.5707963267948966, 1.5707963267948966, 1.5707963267948966, 1.5707963267948966, 1.5707963267948966, 1.5707963267948966, 1.5707963267948966, 1.5707963267948966, 1.5707963267948966]
