% ground truth for ../sims_9spot/sim_theta068_phi000_run1.tif
% settings
number_of_spots = 9
pixel_size_nm = 52.0
image_size_nm = 2964.0
image_size_px = 57
wavelength = 500
par.objectiveNA = 2.17
objectiveFocalLength = 770
par.refractiveIndices = [1.31, 2.17, 2.17]
par.nDiscretizationBFP = 129
par.backgroundNoise = 0
par.nPhotons = 2000
positionX_nm_array = [-994.3426414329434, -1.6360048735160815, 983.7087172441658, -987.6963962513595, 1.3725124498662726, 996.8011431368981, -978.9422701402289, -7.8063315619071965, 997.0418125595548]
positionY_nm_array = [-993.4186987239412, -985.6094973491588, -982.0001066157795, -5.200263895485347, 8.814980410490342, -4.717028133444267, 996.5819312714355, 992.7914677135846, 994.3710154912264]
angleInclination_array = [1.1780972450961724, 1.1780972450961724, 1.1780972450961724, 1.1780972450961724, 1.1780972450961724, 1.1780972450961724, 1.1780972450961724, 1.1780972450961724, 1.1780972450961724]
angleAzimuth_array = [0.0, 0.0, 0.0, 0.0, 0.0, 0.0, 0.0, 0.0, 0.0]
