% ground truth for ../sims_9spot/sim_theta090_phi090_run1.tif
% settings
number_of_spots = 9
pixel_size_nm = 52.0
image_size_nm = 2964.0
image_size_px = 57
wavelength = 500
par.objectiveNA = 2.17
objectiveFocalLength = 770
par.refractiveIndices = [1.31, 2.17, 2.17]
par.nDiscretizationBFP = 129
par.backgroundNoise = 0
par.nPhotons = 2000
positionX_nm_array = [-992.563982879459, 4.823610599041588, 991.2987745518284, -980.1705337406235, -7.041557584591691, 983.2507163456156, -988.1313800215956, -1.244569099866597, 981.9562948819955]
positionY_nm_array = [-990.6624023634297, -993.2199475919822, -984.2257405325009, -2.3422131985484835, 8.283415139593817, -2.0847495108948735, 986.4895782905021, 991.624815995235, 984.4310461275152]
angleInclination_array = [1.5707963267948966, 1.5707963267948966, 1.5707963267948966, 1.5707963267948966, 1.5707963267948966, 1.5707963267948966, 1.5707963267948966, 1.5707963267948966, 1.5707963267948966]
angleAzimuth_array = [1.5707963267948966, 1.5707963267948966, 1.5707963267948966, 1.5707963267948966, 1.5707963267948966, 1.5707963267948966, 1.5707963267948966, 1.5707963267948966, 1.5707963267948966]
