% ground truth for ../sims_9spot/sim_theta090_phi270_run1.tif
% settings
number_of_spots = 9
pixel_size_nm = 52.0
image_size_nm = 2964.0
image_size_px = 57
wavelength = 500
par.objectiveNA = 2.17
objectiveFocalLength = 770
par.refractiveIndices = [1.31, 2.17, 2.17]
par.nDiscretizationBFP = 129
par.backgroundNoise = 0
par.nPhotons = 2000
positionX_nm_array = [-981.9057559369514, 5.435013174824137, 988.5979945656177, -981.182861823477, -1.7371265368198863, 984.7394342769039, -995.5620622907034, -5.200503955673499, 996.0893717296168]
positionY_nm_array = [-996.9662330068622, -980.743212689583, -980.8948858890342, -7.8815626237266585, -7.388553686089177, 4.101217344797494, 990.0507301148497, 990.044849670364, 996.0613717587537]
angleInclination_array = [1.5707963267948966, 1.5707963267948966, 1.5707963267948966, 1.5707963267948966, 1.5707963267948966, 1.5707963267948966, 1.5707963267948966, 1.5707963267948966, 1.5707963267948966]
angleAzimuth_array = [4.71238898038469, 4.71238898038469, 4.71238898038469, 4.71238898038469, 4.71238898038469, 4.71238898038469, 4.71238898038469, 4.71238898038469, 4.71238898038469]
