% ground truth for ../sims_9spot/sim_theta068_phi045_run1.tif
% settings
number_of_spots = 9
pixel_size_nm = 52.0
image_size_nm = 2964.0
image_size_px = 57
wavelength = 500
par.objectiveNA = 2.17
objectiveFocalLength = 770
par.refractiveIndices = [1.31, 2.17, 2.17]
par.nDiscretizationBFP = 129
par.backgroundNoise = 0
par.nPhotons = 2000
positionX_nm_array = [-986.2910330666574, -2.5744276700140825, 980.7939082547695, -981.5333070382424, -3.8879448645933694, 988.1378314793083, -997.3125829194321, -4.3844911059214935, 996.2670824461937]
positionY_nm_array = [-989.3818273304487, -991.7554053720094, -987.1954744452295, -0.5148748033332531, -7.438618558370431, 5.837588548467712, 982.4682126334907, 987.899808541193, 979.018309612798]
angleInclination_array = [1.1780972450961724, 1.1780972450961724, 1.1780972450961724, 1.1780972450961724, 1.1780972450961724, 1.1780972450961724, 1.1780972450961724, 1.1780972450961724, 1.1780972450961724]
angleAzimuth_array = [0.7853981633974483, 0.7853981633974483, 0.7853981633974483, 0.7853981633974483, 0.7853981633974483, 0.7853981633974483, 0.7853981633974483, 0.7853981633974483, 0.7853981633974483]
