% ground truth for ../sims_9spot/sim_theta090_phi225_run1.tif
% settings
number_of_spots = 9
pixel_size_nm = 52.0
image_size_nm = 2964.0
image_size_px = 57
wavelength = 500
par.objectiveNA = 2.17
objectiveFocalLength = 770
par.refractiveIndices = [1.31, 2.17, 2.17]
par.nDiscretizationBFP = 129
par.backgroundNoise = 0
par.nPhotons = 2000
positionX_nm_array = [-991.1683573424554, 0.6875684356858489, 996.1202124234063, -986.8642001974001, -0.4760217280086305, 990.7244441420416, -996.630354792366, 8.701735828254819, 988.778559280435]
positionY_nm_array = [-978.8284213670703, -994.1898158840678, -984.3111117795302, -3.0508083730052133, -3.784094570562223, 0.04231469633283069, 989.3701750117292, 978.9358796200682, 995.8123199083691]
angleInclination_array = [1.5707963267948966, 1.5707963267948966, 1.5707963267948966, 1.5707963267948966, 1.5707963267948966, 1.5707963267948966, 1.5707963267948966, 1.5707963267948966, 1.5707963267948966]
angleAzimuth_array = [3.9269908169872414, 3.9269908169872414, 3.9269908169872414, 3.9269908169872414, 3.9269908169872414, 3.9269908169872414, 3.9269908169872414, 3.9269908169872414, 3.9269908169872414]
