% ground truth for ../sims_9spot/sim_theta000_phi315_run1.tif
% settings
number_of_spots = 9
pixel_size_nm = 52.0
image_size_nm = 2964.0
image_size_px = 57
wavelength = 500
par.objectiveNA = 2.17
objectiveFocalLength = 770
par.refractiveIndices = [1.31, 2.17, 2.17]
par.nDiscretizationBFP = 129
par.backgroundNoise = 0
par.nPhotons = 2000
positionX_nm_array = [-983.0674458591168, 6.653324222271859, 992.6814461569719, -982.6820988152385, 7.661847363754124, 979.2565430734838, -986.9411158550375, 3.2602659921384465, 994.5795322320809]
positionY_nm_array = [-996.7752252306153, -986.3014717029472, -982.5941715562084, 8.515430251461183, -5.769944255033064, -1.3237367736429047, 983.4655962549284, 985.5612774361224, 984.5999796659266]
angleInclination_array = [0.0, 0.0, 0.0, 0.0, 0.0, 0.0, 0.0, 0.0, 0.0]
angleAzimuth_array = [5.497787143782138, 5.497787143782138, 5.497787143782138, 5.497787143782138, 5.497787143782138, 5.497787143782138, 5.497787143782138, 5.497787143782138, 5.497787143782138]
