% ground truth for ../sims_9spot/sim_theta000_phi135_run1.tif
% settings
number_of_spots = 9
pixel_size_nm = 52.0
image_size_nm = 2964.0
image_size_px = 57
wavelength = 500
par.objectiveNA = 2.17
objectiveFocalLength = 770
par.refractiveIndices = [1.31, 2.17, 2.17]
par.nDiscretizationBFP = 129
par.backgroundNoise = 0
par.nPhotons = 2000
positionX_nm_array = [-989.4244268140775, -6.792248164023709, 997.0467687015607, -994.4773025512305, 7.53712268618202, 993.6527402895438, -984.7988057809732, 7.214807313194417, 990.6497970579395]
positionY_nm_array = [-989.6288866261709, -983.5725702294541, -990.1248455839674, -8.432960088745522, 0.3501998685131742, 5.697860017376092, 987.4194889344168, 978.571581657203, 985.4843460922004]
angleInclination_array = [0.0, 0.0, 0.0, 0.0, 0.0, 0.0, 0.0, 0.0, 0.0]
angleAzimuth_array = [2.356194490192345, 2.356194490192345, 2.356194490192345, 2.356194490192345, 2.356194490192345, 2.356194490192345, 2.356194490192345, 2.356194490192345, 2.356194490192345]
