% ground truth for ../sims_9spot/sim_theta090_phi315_run1.tif
% settings
number_of_spots = 9
pixel_size_nm = 52.0
image_size_nm = 2964.0
image_size_px = 57
wavelength = 500
par.objectiveNA = 2.17
objectiveFocalLength = 770
par.refractiveIndices = [1.31, 2.17, 2.17]
par.nDiscretizationBFP = 129
par.backgroundNoise = 0
par.nPhotons = 2000
positionX_nm_array = [-985.9947205524794, -1.0033524357379058, 989.6826474848422, -982.268461333344, 0.11049485221986366, 984.8084685627832, -982.2713983133293, -4.4969787658263805, 991.5741334932522]
positionY_nm_array = [-986.3402430218407, -986.8449460252341, -985.1773124238111, -5.2013336382225335, -1.1004806965709335, -3.550119077629967, 992.0538855126263, 984.598178160669, 980.563546396307]
angleInclination_array = [1.5707963267948966, 1.5707963267948966, 1.5707963267948966, 1.5707963267948966, 1.5707963267948966, 1.5707963267948966, 1.5707963267948966, 1.5707963267948966, 1.5707963267948966]
angleAzimuth_array = [5.497787143782138, 5.497787143782138, 5.497787143782138, 5.497787143782138, 5.497787143782138, 5.497787143782138, 5.497787143782138, 5.497787143782138, 5.497787143782138]
