% ground truth for ../sims_9spot/sim_theta045_phi000_run1.tif
% settings
number_of_spots = 9
pixel_size_nm = 52.0
image_size_nm = 2964.0
image_size_px = 57
wavelength = 500
par.objectiveNA = 2.17
objectiveFocalLength = 770
par.refractiveIndices = [1.31, 2.17, 2.17]
par.nDiscretizationBFP = 129
par.backgroundNoise = 0
par.nPhotons = 2000
positionX_nm_array = [-987.51332866364, 8.292486084278785, 986.6789291493209, -986.4062454458734, 8.185127337634754, 994.1845855791546, -984.0316080232112, 5.281082201507722, 992.2387084108459]
positionY_nm_array = [-993.87016354959, -993.1786454459595, -989.5859386920365, 5.5836538359492085, -8.909557533143838, 2.0737689030343933, 980.4993393262887, 981.4140276237162, 981.7689338084402]
angleInclination_array = [0.7853981633974483, 0.7853981633974483, 0.7853981633974483, 0.7853981633974483, 0.7853981633974483, 0.7853981633974483, 0.7853981633974483, 0.7853981633974483, 0.7853981633974483]
angleAzimuth_array = [0.0, 0.0, 0.0, 0.0, 0.0, 0.0, 0.0, 0.0, 0.0]
