% ground truth for ../sims_9spot/sim_theta045_phi180_run1.tif
% settings
number_of_spots = 9
pixel_size_nm = 52.0
image_size_nm = 2964.0
image_size_px = 57
wavelength = 500
par.objectiveNA = 2.17
objectiveFocalLength = 770
par.refractiveIndices = [1.31, 2.17, 2.17]
par.nDiscretizationBFP = 129
par.backgroundNoise = 0
par.nPhotons = 2000
positionX_nm_array = [-984.1877730677261, 5.055583582037217, 979.8621083373403, -996.1877419238074, 2.215492669325858, 983.0833656563501, -989.7245321569432, 5.169962214871536, 996.8706802575425]
positionY_nm_array = [-989.0215254137474, -988.6699534992756, -981.1077425610569, -8.95983616918607, -0.858294023630986, 7.73747625240507, 991.9812553613568, 995.7109438660198, 992.0462361735752]
angleInclination_array = [0.7853981633974483, 0.7853981633974483, 0.7853981633974483, 0.7853981633974483, 0.7853981633974483, 0.7853981633974483, 0.7853981633974483, 0.7853981633974483, 0.7853981633974483]
angleAzimuth_array = [3.141592653589793, 3.141592653589793, 3.141592653589793, 3.141592653589793, 3.141592653589793, 3.141592653589793, 3.141592653589793, 3.141592653589793, 3.141592653589793]
