% ground truth for ../sims_9spot/sim_theta000_phi270_run1.tif
% settings
number_of_spots = 9
pixel_size_nm = 52.0
image_size_nm = 2964.0
image_size_px = 57
wavelength = 500
par.objectiveNA = 2.17
objectiveFocalLength = 770
par.refractiveIndices = [1.31, 2.17, 2.17]
par.nDiscretizationBFP = 129
par.backgroundNoise = 0
par.nPhotons = 2000
positionX_nm_array = [-995.9210885465366, -6.909840518651095, 994.5070434446008, -983.7366625971857, 1.2722566326355942, 982.3881829348627, -980.6539280657079, 7.116218973449783, 997.1962680861587]
positionY_nm_array = [-984.3326041153309, -984.6585454804746, -985.6067301236045, -7.427267871133653, -2.0446216071935464, -5.988414986230826, 996.4890469630612, 983.5197290029414, 987.938750448998]
angleInclination_array = [0.0, 0.0, 0.0, 0.0, 0.0, 0.0, 0.0, 0.0, 0.0]
angleAzimuth_array = [4.71238898038469, 4.71238898038469, 4.71238898038469, 4.71238898038469, 4.71238898038469, 4.71238898038469, 4.71238898038469, 4.71238898038469, 4.71238898038469]
