% ground truth for ../sims_9spot/sim_theta068_phi180_run1.tif
% settings
number_of_spots = 9
pixel_size_nm = 52.0
image_size_nm = 2964.0
image_size_px = 57
wavelength = 500
par.objectiveNA = 2.17
objectiveFocalLength = 770
par.refractiveIndices = [1.31, 2.17, 2.17]
par.nDiscretizationBFP = 129
par.backgroundNoise = 0
par.nPhotons = 2000
positionX_nm_array = [-992.5688532929972, 9.457800197601749, 991.9604341750343, -990.0679396079623, 2.8000362685654885, 979.437073472845, -982.724675046859, -5.342937821839147, 994.824463048092]
positionY_nm_array = [-980.8108460236253, -979.80564369276, -995.194852091642, -5.141052880918993, 7.705085157163598, 0.8174403337831038, 984.425961843388, 995.4572969178556, 989.2585837727397]
angleInclination_array = [1.1780972450961724, 1.1780972450961724, 1.1780972450961724, 1.1780972450961724, 1.1780972450961724, 1.1780972450961724, 1.1780972450961724, 1.1780972450961724, 1.1780972450961724]
angleAzimuth_array = [3.141592653589793, 3.141592653589793, 3.141592653589793, 3.141592653589793, 3.141592653589793, 3.141592653589793, 3.141592653589793, 3.141592653589793, 3.141592653589793]
