% ground truth for ../sims_9spot/sim_theta045_phi090_run1.tif
% settings
number_of_spots = 9
pixel_size_nm = 52.0
image_size_nm = 2964.0
image_size_px = 57
wavelength = 500
par.objectiveNA = 2.17
objectiveFocalLength = 770
par.refractiveIndices = [1.31, 2.17, 2.17]
par.nDiscretizationBFP = 129
par.backgroundNoise = 0
par.nPhotons = 2000
positionX_nm_array = [-978.6482155804708, -5.1679498592116, 985.434797138595, -988.3258705038668, -2.3773216452514943, 993.9392914951999, -985.7569449569359, 2.109261628273705, 988.0716432883141]
positionY_nm_array = [-978.9672976956305, -993.5070618493093, -984.5918287915106, 6.729214988325584, 4.628985037280302, -5.696793264293039, 985.5207943249535, 990.0760507092218, 995.0955891421386]
angleInclination_array = [0.7853981633974483, 0.7853981633974483, 0.7853981633974483, 0.7853981633974483, 0.7853981633974483, 0.7853981633974483, 0.7853981633974483, 0.7853981633974483, 0.7853981633974483]
angleAzimuth_array = [1.5707963267948966, 1.5707963267948966, 1.5707963267948966, 1.5707963267948966, 1.5707963267948966, 1.5707963267948966, 1.5707963267948966, 1.5707963267948966, 1.5707963267948966]
