% ground truth for ../sims_9spot/sim_theta045_phi315_run1.tif
% settings
number_of_spots = 9
pixel_size_nm = 52.0
image_size_nm = 2964.0
image_size_px = 57
wavelength = 500
par.objectiveNA = 2.17
objectiveFocalLength = 770
par.refractiveIndices = [1.31, 2.17, 2.17]
par.nDiscretizationBFP = 129
par.backgroundNoise = 0
par.nPhotons = 2000
positionX_nm_array = [-984.5063252636742, 2.907074475145526, 995.9912259915067, -986.6634471262449, -9.37742222491771, 985.6430085831474, -995.2649582624896, -7.4480221895075225, 984.5767589522715]
positionY_nm_array = [-987.4252119825726, -978.8966173751713, -991.0986580388235, 8.411006898187306, -3.8167115853080773, -2.3300171109638184, 996.0934003497307, 996.5995323486475, 985.6189071871992]
angleInclination_array = [0.7853981633974483, 0.7853981633974483, 0.7853981633974483, 0.7853981633974483, 0.7853981633974483, 0.7853981633974483, 0.7853981633974483, 0.7853981633974483, 0.7853981633974483]
angleAzimuth_array = [5.497787143782138, 5.497787143782138, 5.497787143782138, 5.497787143782138, 5.497787143782138, 5.497787143782138, 5.497787143782138, 5.497787143782138, 5.497787143782138]
