% ground truth for ../sims_9spot/sim_theta068_phi135_run1.tif
% settings
number_of_spots = 9
pixel_size_nm = 52.0
image_size_nm = 2964.0
image_size_px = 57
wavelength = 500
par.objectiveNA = 2.17
objectiveFocalLength = 770
par.refractiveIndices = [1.31, 2.17, 2.17]
par.nDiscretizationBFP = 129
par.backgroundNoise = 0
par.nPhotons = 2000
positionX_nm_array = [-995.4317221897328, 5.31046233348542, 989.7385104561168, -983.44573484949, 2.9916722700243294, 985.7039993992315, -986.7513280799084, -1.8411366976174284, 988.4561327903666]
positionY_nm_array = [-989.9687090375929, -994.1127821870731, -983.560084273182, -0.26284839407568583, -6.990807611406932, 8.818492504800314, 987.4335977090557, 992.173193214199, 993.0787371560567]
angleInclination_array = [1.1780972450961724, 1.1780972450961724, 1.1780972450961724, 1.1780972450961724, 1.1780972450961724, 1.1780972450961724, 1.1780972450961724, 1.1780972450961724, 1.1780972450961724]
angleAzimuth_array = [2.356194490192345, 2.356194490192345, 2.356194490192345, 2.356194490192345, 2.356194490192345, 2.356194490192345, 2.356194490192345, 2.356194490192345, 2.356194490192345]
