% ground truth for ../sims_9spot/sim_theta000_phi045_run1.tif
% settings
number_of_spots = 9
pixel_size_nm = 52.0
image_size_nm = 2964.0
image_size_px = 57
wavelength = 500
par.objectiveNA = 2.17
objectiveFocalLength = 770
par.refractiveIndices = [1.31, 2.17, 2.17]
par.nDiscretizationBFP = 129
par.backgroundNoise = 0
par.nPhotons = 2000
positionX_nm_array = [-997.4328219332193, 7.4052465938527625, 983.8568404716067, -992.8249374259165, -3.7937571796204086, 985.8601903786628, -985.1150031763955, -0.7861265959712345, 980.312389640205]
positionY_nm_array = [-985.751857397914, -979.3573582717704, -991.1211648731672, -3.6376583186953733, -1.4076860395186497, -3.1052242828508145, 981.4998343272014, 994.6534009010962, 983.9026773818326]
angleInclination_array = [0.0, 0.0, 0.0, 0.0, 0.0, 0.0, 0.0, 0.0, 0.0]
angleAzimuth_array = [0.7853981633974483, 0.7853981633974483, 0.7853981633974483, 0.7853981633974483, 0.7853981633974483, 0.7853981633974483, 0.7853981633974483, 0.7853981633974483, 0.7853981633974483]
