% ground truth for ../sims_9spot/sim_theta068_phi270_run1.tif
% settings
number_of_spots = 9
pixel_size_nm = 52.0
image_size_nm = 2964.0
image_size_px = 57
wavelength = 500
par.objectiveNA = 2.17
objectiveFocalLength = 770
par.refractiveIndices = [1.31, 2.17, 2.17]
par.nDiscretizationBFP = 129
par.backgroundNoise = 0
par.nPhotons = 2000
positionX_nm_array = [-993.2925311314236, 4.961347232326862, 981.3813073531632, -991.7238629305981, 8.163110391340929, 983.3928898039177, -982.3452561561556, 8.285090236529314, 982.6773473344643]
positionY_nm_array = [-980.8556176453826, -979.0669590417668, -989.09339266163, -0.6460067596164603, 6.903444259587996, -7.957599312244037, 995.5230113077484, 984.9854126331227, 982.9266383251588]
angleInclination_array = [1.1780972450961724, 1.1780972450961724, 1.1780972450961724, 1.1780972450961724, 1.1780972450961724, 1.1780972450961724, 1.1780972450961724, 1.1780972450961724, 1.1780972450961724]
angleAzimuth_array = [4.71238898038469, 4.71238898038469, 4.71238898038469, 4.71238898038469, 4.71238898038469, 4.71238898038469, 4.71238898038469, 4.71238898038469, 4.71238898038469]
