% ground truth for ../sims_9spot/sim_theta090_phi180_run1.tif
% settings
number_of_spots = 9
pixel_size_nm = 52.0
image_size_nm = 2964.0
image_size_px = 57
wavelength = 500
par.objectiveNA = 2.17
objectiveFocalLength = 770
par.refractiveIndices = [1.31, 2.17, 2.17]
par.nDiscretizationBFP = 129
par.backgroundNoise = 0
par.nPhotons = 2000
positionX_nm_array = [-991.6722985738661, 2.152633005579501, 988.0521546906286, -981.8578844891349, -5.8207079215323585, 996.3221661935806, -986.54993103206, 4.996594095202775, 981.6680016356725]
positionY_nm_array = [-992.3292033666651, -989.1663248374751, -987.4721928771746, 5.918884616552724, 5.4062628884072765, -5.7428027487428075, 992.3357358290049, 982.4076867761394, 989.8813505976299]
angleInclination_array = [1.5707963267948966, 1.5707963267948966, 1.5707963267948966, 1.5707963267948966, 1.5707963267948966, 1.5707963267948966, 1.5707963267948966, 1.5707963267948966, 1.5707963267948966]
angleAzimuth_array = [3.141592653589793, 3.141592653589793, 3.141592653589793, 3.141592653589793, 3.141592653589793, 3.141592653589793, 3.141592653589793, 3.141592653589793, 3.141592653589793]
