% ground truth for ../sims_9spot/sim_theta000_phi000_run1.tif
% settings
number_of_spots = 9
pixel_size_nm = 52.0
image_size_nm = 2964.0
image_size_px = 57
wavelength = 500
par.objectiveNA = 2.17
objectiveFocalLength = 770
par.refractiveIndices = [1.31, 2.17, 2.17]
par.nDiscretizationBFP = 129
par.backgroundNoise = 0
par.nPhotons = 2000
positionX_nm_array = [-986.3678494064218, 5.716786222242423, 991.1776037336175, -997.400983312622, -3.252701250293433, 986.3033290900034, -978.9995575385306, 5.842993222321363, 978.646320990626]
positionY_nm_array = [-980.3872015475263, -995.176840182439, -986.452301339768, -2.0550145132861326, -0.9986661908457961, -2.1190091696385602, 994.4343050158162, 984.6011838070589, 993.2658483989193]
angleInclination_array = [0.0, 0.0, 0.0, 0.0, 0.0, 0.0, 0.0, 0.0, 0.0]
angleAzimuth_array = [0.0, 0.0, 0.0, 0.0, 0.0, 0.0, 0.0, 0.0, 0.0]
