% ground truth for sim_run7.tif
% settings
number_of_spots = 10
pixel_size_nm = 51.200
image_size_nm = 6324.555
image_size_px = 123
wavelength = 500
par.objectiveNA = 2.17
objectiveFocalLength = 770
par.refractiveIndices = [1.310000e+00 , 2.170000e+00 , 2.170000e+00 ,]
par.nDiscretizationBFP = 129
par.backgroundNoise = 0.100
par.nPhotons = 1000000
positionX_nm_array = [-2.050177e+03 ,  6.689336e+02 ,  7.657663e+02 , -3.176735e+02 ,  1.095244e+03 , -3.069167e+02 ,  2.074519e+03 , -1.849652e+03 , -1.036080e+03 , -2.094858e+03 ,]
positionY_nm_array = [4.450328e+02 , -2.079627e+03 , -1.763209e+02 ,  1.606882e+03 ,  1.770226e+03 , -1.768869e+03 ,  8.540774e+02 , -2.205226e+03 ,  9.037140e+02 ,  2.015529e+03 ,]
angleInclination_array = [5.775317e-01 , 7.982921e-01 , 4.419890e-01 , 4.833623e-01 , 1.017891e+00 , 1.279590e+00 , 7.728857e-01 , 1.979192e-02 , 5.174520e-02 , 1.332180e+00 ,]
angleAzimuth_array = [4.438936e+00 , 3.753278e+00 , 5.590136e+00 , 4.436005e+00 , 3.622808e+00 , 6.172659e+00 , 3.494401e+00 , 9.591155e-01 , 2.196743e+00 , 7.113910e-01 ,]
