% ground truth for sim_run6.tif
% settings
number_of_spots = 10
pixel_size_nm = 51.200
image_size_nm = 6324.555
image_size_px = 123
wavelength = 500
par.objectiveNA = 2.17
objectiveFocalLength = 770
par.refractiveIndices = [1.310000e+00 , 2.170000e+00 , 2.170000e+00 ,]
par.nDiscretizationBFP = 129
par.backgroundNoise = 0.100
par.nPhotons = 1000000
positionX_nm_array = [1.889685e+03 , -1.831813e+03 , -2.079485e+02 , -2.131572e+03 , -7.117103e+02 , -1.922804e+02 ,  1.883180e+03 ,  1.019243e+03 ,  7.946463e+02 , -1.937442e+03 ,]
positionY_nm_array = [1.395254e+03 ,  2.126901e+03 ,  1.912920e+03 ,  1.157637e+03 , -1.445122e+03 ,  1.871939e+02 , -1.264691e+03 ,  3.276842e+01 ,  1.988476e+03 , -2.165580e+03 ,]
angleInclination_array = [1.646227e-01 , 1.078855e-01 , 6.053739e-01 , 7.933343e-01 , 6.473955e-01 , 1.029296e-01 , 8.182612e-01 , 4.408579e-01 , 7.175388e-01 , 3.233269e-01 ,]
angleAzimuth_array = [1.659203e+00 , 2.509131e+00 , 4.772486e+00 , 2.385124e+00 , 4.728135e+00 , 3.712299e+00 , 7.689802e-01 , 1.288924e+00 , 5.153396e+00 , 4.144555e+00 ,]
