% ground truth for sim_run8.tif
% settings
number_of_spots = 10
pixel_size_nm = 51.200
image_size_nm = 6324.555
image_size_px = 123
wavelength = 500
par.objectiveNA = 2.17
objectiveFocalLength = 770
par.refractiveIndices = [1.310000e+00 , 2.170000e+00 , 2.170000e+00 ,]
par.nDiscretizationBFP = 129
par.backgroundNoise = 0.100
par.nPhotons = 1000000
positionX_nm_array = [1.085675e+03 , -4.890968e+02 ,  1.394211e+03 , -9.637110e+02 , -2.018338e+03 ,  1.604380e+03 , -1.578670e+03 , -2.045997e+03 , -6.216188e+02 ,  6.378435e+02 ,]
positionY_nm_array = [-1.703038e+03 ,  1.013669e+03 ,  1.424643e+03 , -8.170911e+02 , -1.707955e+03 , -2.446755e+02 ,  2.188793e+03 ,  2.024500e+02 , -2.200698e+03 , -5.442184e+02 ,]
angleInclination_array = [9.662719e-01 , 1.045871e+00 , 1.491810e+00 , 7.460843e-01 , 2.479905e-01 , 3.278935e-01 , 7.228208e-02 , 1.738401e-01 , 2.643008e-01 , 2.297168e-01 ,]
angleAzimuth_array = [4.839850e+00 , 1.752729e+00 , 3.672950e+00 , 4.138859e+00 , 1.069842e+00 , 5.253608e+00 , 1.275121e+00 , 2.848649e+00 , 6.214934e+00 , 4.140031e+00 ,]
