% ground truth for sim_run9.tif
% settings
number_of_spots = 10
pixel_size_nm = 51.200
image_size_nm = 6324.555
image_size_px = 123
wavelength = 500
par.objectiveNA = 2.17
objectiveFocalLength = 770
par.refractiveIndices = [1.310000e+00 , 2.170000e+00 , 2.170000e+00 ,]
par.nDiscretizationBFP = 129
par.backgroundNoise = 0.100
par.nPhotons = 1000000
positionX_nm_array = [-3.418318e+02 , -2.662377e+02 ,  7.487986e+02 ,  9.590480e+02 ,  4.368093e+02 ,  1.585499e+03 ,  1.952341e+03 , -1.775755e+03 , -1.355396e+03 , -6.121967e+02 ,]
positionY_nm_array = [8.910160e+02 , -1.462128e+03 , -1.557900e+03 ,  8.107112e+02 , -4.061407e+02 , -3.172988e+02 ,  1.607218e+03 ,  2.524513e+02 ,  1.922191e+03 , -2.206944e+02 ,]
angleInclination_array = [1.024419e+00 , 8.490134e-01 , 2.514708e-02 , 1.212383e+00 , 5.506634e-01 , 1.107873e+00 , 8.442923e-02 , 1.664243e-02 , 1.222516e+00 , 9.088541e-01 ,]
angleAzimuth_array = [5.309327e+00 , 5.217715e+00 , 5.738784e+00 , 1.974391e+00 , 5.054297e+00 , 5.815186e+00 , 4.546905e+00 , 5.045996e+00 , 4.390996e+00 , 1.362198e+00 ,]
