% ground truth for sim_run2.tif
% settings
number_of_spots = 10
pixel_size_nm = 51.200
image_size_nm = 6324.555
image_size_px = 123
wavelength = 500
par.objectiveNA = 2.17
objectiveFocalLength = 770
par.refractiveIndices = [1.310000e+00 , 2.170000e+00 , 2.170000e+00 ,]
par.nDiscretizationBFP = 129
par.backgroundNoise = 0.100
par.nPhotons = 1000000
positionX_nm_array = [-1.368917e+03 , -3.099427e+01 , -8.823294e+02 , -1.966746e+03 , -8.548384e+01 ,  1.052278e+03 ,  1.302422e+03 , -7.901426e+02 , -2.137225e+03 ,  1.312997e+03 ,]
positionY_nm_array = [-1.679293e+03 ,  8.793635e+02 ,  9.736213e+01 ,  2.146416e+03 , -1.830236e+03 ,  1.497688e+03 , -1.028884e+03 ,  1.806051e+03 ,  4.293757e+02 ,  1.619948e+02 ,]
angleInclination_array = [7.590026e-01 , 1.434047e+00 , 4.781841e-01 , 1.438430e+00 , 1.410296e+00 , 2.290655e-01 , 1.404601e+00 , 9.276460e-01 , 5.025022e-01 , 1.240056e+00 ,]
angleAzimuth_array = [3.624825e+00 , 4.435589e+00 , 2.536293e+00 , 5.945265e-01 , 4.731264e+00 , 9.383215e-01 , 4.852126e+00 , 3.254789e-01 , 6.065181e+00 , 2.070854e+00 ,]
