% ground truth for sim_run4.tif
% settings
number_of_spots = 10
pixel_size_nm = 51.200
image_size_nm = 6324.555
image_size_px = 123
wavelength = 500
par.objectiveNA = 2.17
objectiveFocalLength = 770
par.refractiveIndices = [1.310000e+00 , 2.170000e+00 , 2.170000e+00 ,]
par.nDiscretizationBFP = 129
par.backgroundNoise = 0.100
par.nPhotons = 1000000
positionX_nm_array = [-1.006242e+02 , -1.924541e+02 ,  1.583654e+03 ,  3.282752e+02 ,  1.208600e+03 ,  2.059791e+03 , -1.842123e+03 , -1.333196e+03 ,  4.949688e+02 , -1.195261e+03 ,]
positionY_nm_array = [5.837551e+02 ,  1.914857e+03 , -7.535543e+01 , -2.031818e+03 ,  1.092111e+03 ,  2.211832e+03 , -1.043415e+03 ,  2.881969e+02 , -4.830826e+02 ,  1.733203e+03 ,]
angleInclination_array = [1.208771e+00 , 1.352825e+00 , 1.358252e+00 , 1.460006e+00 , 3.717890e-01 , 7.277565e-01 , 9.134041e-01 , 1.037363e+00 , 1.012304e+00 , 2.799311e-01 ,]
angleAzimuth_array = [5.490712e+00 , 5.372832e+00 , 5.345189e+00 , 2.839308e+00 , 3.629105e+00 , 5.988518e+00 , 1.840471e+00 , 1.128062e+00 , 1.917086e+00 , 1.406599e+00 ,]
