% ground truth for sim_run3.tif
% settings
number_of_spots = 10
pixel_size_nm = 51.200
image_size_nm = 6324.555
image_size_px = 123
wavelength = 500
par.objectiveNA = 2.17
objectiveFocalLength = 770
par.refractiveIndices = [1.310000e+00 , 2.170000e+00 , 2.170000e+00 ,]
par.nDiscretizationBFP = 129
par.backgroundNoise = 0.100
par.nPhotons = 1000000
positionX_nm_array = [-1.135787e+03 ,  1.404841e+03 ,  2.912671e+02 ,  2.225290e+02 , -1.251716e+03 ,  1.195624e+02 ,  2.025012e+03 , -1.864104e+03 ,  2.161233e+03 , -8.778043e+02 ,]
positionY_nm_array = [9.695814e+02 , -9.034926e+02 ,  1.394936e+03 ,  2.755263e+01 , -3.360802e+02 , -1.567852e+03 ,  1.815685e+03 , -1.602653e+03 , -1.640994e+03 ,  2.130921e+03 ,]
angleInclination_array = [1.102666e-01 , 3.016526e-01 , 1.380414e+00 , 3.298000e-01 , 1.019936e+00 , 5.132119e-01 , 7.135631e-01 , 1.352396e+00 , 7.930909e-01 , 1.419837e-01 ,]
angleAzimuth_array = [5.788491e+00 , 2.195094e+00 , 5.631740e+00 , 2.283060e+00 , 3.087341e+00 , 9.403181e-01 , 3.583192e+00 , 2.728893e+00 , 6.185558e+00 , 5.119094e+00 ,]
