% ground truth for sim_run1.tif
% settings
number_of_spots = 10
pixel_size_nm = 51.200
image_size_nm = 6324.555
image_size_px = 123
wavelength = 500
par.objectiveNA = 2.17
objectiveFocalLength = 770
par.refractiveIndices = [1.310000e+00 , 2.170000e+00 , 2.170000e+00 ,]
par.nDiscretizationBFP = 129
par.backgroundNoise = 0.100
par.nPhotons = 1000000
positionX_nm_array = [-2.750525e+02 ,  2.031430e+03 ,  2.174128e+03 ,  2.071461e+03 ,  2.399805e+02 , -4.121393e+02 , -1.739750e+03 ,  5.488930e+02 , -1.209122e+03 ,  1.511873e+03 ,]
positionY_nm_array = [-9.100730e+02 ,  2.200798e+03 , -2.207408e+03 ,  6.875210e+02 ,  2.102609e+02 ,  1.352771e+03 , -5.658233e+02 , -1.711264e+03 , -1.720836e+03 , -1.352720e+03 ,]
angleInclination_array = [8.120186e-01 , 1.118437e+00 , 1.331653e+00 , 1.356656e+00 , 1.179709e+00 , 7.687187e-01 , 1.162152e+00 , 1.526366e+00 , 1.106844e+00 , 1.158068e+00 ,]
angleAzimuth_array = [5.157174e+00 , 5.637471e-01 , 1.509604e+00 , 3.517249e+00 , 8.176044e-01 , 5.212822e+00 , 3.745458e+00 , 5.590024e+00 , 4.168618e+00 , 2.182855e+00 ,]
