% ground truth for sim_run5.tif
% settings
number_of_spots = 10
pixel_size_nm = 51.200
image_size_nm = 6324.555
image_size_px = 123
wavelength = 500
par.objectiveNA = 2.17
objectiveFocalLength = 770
par.refractiveIndices = [1.310000e+00 , 2.170000e+00 , 2.170000e+00 ,]
par.nDiscretizationBFP = 129
par.backgroundNoise = 0.100
par.nPhotons = 1000000
positionX_nm_array = [-2.303233e+02 ,  1.504623e+03 , -7.659029e+02 ,  1.030582e+03 , -2.288210e+01 , -1.497402e+03 , -1.216773e+03 ,  6.657983e+02 , -1.340555e+03 ,  2.011374e+03 ,]
positionY_nm_array = [1.064800e+03 , -9.657074e+02 , -1.027981e+03 ,  1.946838e+03 , -1.844831e+03 , -8.485654e+01 ,  2.186494e+03 , -1.682866e+02 , -2.078344e+03 ,  5.793707e+02 ,]
angleInclination_array = [1.627947e-01 , 1.459892e+00 , 5.829101e-01 , 8.225486e-01 , 1.781192e-01 , 5.452305e-01 , 6.617390e-01 , 5.038912e-01 , 1.482764e-01 , 9.154718e-01 ,]
angleAzimuth_array = [3.564191e+00 , 5.104187e+00 , 4.765261e-01 , 9.384479e-01 , 3.301464e+00 , 6.151634e+00 , 2.350724e+00 , 9.882947e-01 , 2.152103e+00 , 2.519603e+00 ,]
