% ground truth for sim_run10.tif
% settings
number_of_spots = 10
pixel_size_nm = 51.200
image_size_nm = 6324.555
image_size_px = 123
wavelength = 500
par.objectiveNA = 2.17
objectiveFocalLength = 770
par.refractiveIndices = [1.310000e+00 , 2.170000e+00 , 2.170000e+00 ,]
par.nDiscretizationBFP = 129
par.backgroundNoise = 0.100
par.nPhotons = 1000000
positionX_nm_array = [1.887620e+02 ,  1.948078e+03 , -1.262853e+03 ,  2.136107e+03 , -1.794343e+03 , -6.366596e+02 , -1.974256e+02 ,  7.576865e+02 ,  1.168915e+03 , -1.792839e+03 ,]
positionY_nm_array = [1.192601e+03 ,  7.463516e+02 ,  2.004402e+03 , -8.217174e+02 , -2.400740e+02 ,  4.942145e+02 , -4.619047e+02 , -1.863645e+03 ,  1.957921e+03 , -1.586340e+03 ,]
angleInclination_array = [9.672891e-01 , 1.941786e-01 , 1.335198e-01 , 3.264583e-01 , 7.234134e-01 , 3.428686e-01 , 9.330044e-02 , 1.145857e+00 , 8.932876e-01 , 6.200766e-01 ,]
angleAzimuth_array = [5.310658e+00 , 4.272315e+00 , 5.782959e+00 , 2.080827e+00 , 4.553131e-01 , 1.035055e+00 , 5.740880e+00 , 5.252019e+00 , 2.437635e-02 , 2.373403e-01 ,]
