% ground truth for sim_run1.tif
% settings
number_of_spots = 49
pixel_size_nm = 51.200
image_size_nm = 9984.000
image_size_px = 195
wavelength = 500
par.objectiveNA = 2.17
objectiveFocalLength = 770
par.refractiveIndices = [1.310000e+00 , 2.170000e+00 , 2.170000e+00 ,]
par.nDiscretizationBFP = 129
par.backgroundNoise = 0.020
par.nPhotons = 500
positionX_nm_array = [-3.494400e+03 , -2.329600e+03 , -1.164800e+03 ,             0 ,  1.164800e+03 ,  2.329600e+03 ,  3.494400e+03 , -3.494400e+03 , -2.329600e+03 , -1.164800e+03 ,             0 ,  1.164800e+03 ,  2.329600e+03 ,  3.494400e+03 , -3.494400e+03 , -2.329600e+03 , -1.164800e+03 ,             0 ,  1.164800e+03 ,  2.329600e+03 ,  3.494400e+03 , -3.494400e+03 , -2.329600e+03 , -1.164800e+03 ,             0 ,  1.164800e+03 ,  2.329600e+03 ,  3.494400e+03 , -3.494400e+03 , -2.329600e+03 , -1.164800e+03 ,             0 ,  1.164800e+03 ,  2.329600e+03 ,  3.494400e+03 , -3.494400e+03 , -2.329600e+03 , -1.164800e+03 ,             0 ,  1.164800e+03 ,  2.329600e+03 ,  3.494400e+03 , -3.494400e+03 , -2.329600e+03 , -1.164800e+03 ,             0 ,  1.164800e+03 ,  2.329600e+03 ,  3.494400e+03 ,]
positionY_nm_array = [3.494400e+03 ,  3.494400e+03 ,  3.494400e+03 ,  3.494400e+03 ,  3.494400e+03 ,  3.494400e+03 ,  3.494400e+03 ,  2.329600e+03 ,  2.329600e+03 ,  2.329600e+03 ,  2.329600e+03 ,  2.329600e+03 ,  2.329600e+03 ,  2.329600e+03 ,  1.164800e+03 ,  1.164800e+03 ,  1.164800e+03 ,  1.164800e+03 ,  1.164800e+03 ,  1.164800e+03 ,  1.164800e+03 ,             0 ,             0 ,             0 ,             0 ,             0 ,             0 ,             0 , -1.164800e+03 , -1.164800e+03 , -1.164800e+03 , -1.164800e+03 , -1.164800e+03 , -1.164800e+03 , -1.164800e+03 , -2.329600e+03 , -2.329600e+03 , -2.329600e+03 , -2.329600e+03 , -2.329600e+03 , -2.329600e+03 , -2.329600e+03 , -3.494400e+03 , -3.494400e+03 , -3.494400e+03 , -3.494400e+03 , -3.494400e+03 , -3.494400e+03 , -3.494400e+03 ,]
angleInclination_array = [0 , 3.205707e-02 , 6.411414e-02 , 9.617120e-02 , 1.282283e-01 , 1.602853e-01 , 1.923424e-01 , 2.243995e-01 , 2.564565e-01 , 2.885136e-01 , 3.205707e-01 , 3.526277e-01 , 3.846848e-01 , 4.167419e-01 , 4.487990e-01 , 4.808560e-01 , 5.129131e-01 , 5.449702e-01 , 5.770272e-01 , 6.090843e-01 , 6.411414e-01 , 6.731984e-01 , 7.052555e-01 , 7.373126e-01 , 7.693696e-01 , 8.014267e-01 , 8.334838e-01 , 8.655408e-01 , 8.975979e-01 , 9.296550e-01 , 9.617120e-01 , 9.937691e-01 , 1.025826e+00 , 1.057883e+00 , 1.089940e+00 , 1.121997e+00 , 1.154054e+00 , 1.186112e+00 , 1.218169e+00 , 1.250226e+00 , 1.282283e+00 , 1.314340e+00 , 1.346397e+00 , 1.378454e+00 , 1.410511e+00 , 1.442568e+00 , 1.474625e+00 , 1.506682e+00 , 1.538739e+00 ,]
angleAzimuth_array = [0 , 0 , 0 , 0 , 0 , 0 , 0 , 0 , 0 , 0 , 0 , 0 , 0 , 0 , 0 , 0 , 0 , 0 , 0 , 0 , 0 , 0 , 0 , 0 , 0 , 0 , 0 , 0 , 0 , 0 , 0 , 0 , 0 , 0 , 0 , 0 , 0 , 0 , 0 , 0 , 0 , 0 , 0 , 0 , 0 , 0 , 0 , 0 , 0 ,]
