% ground truth for sim_inc45_az162_run1.tif
% settings
number_of_spots = 9
pixel_size_nm = 52.000
image_width_nm = 8060.000
image_height_nm = 8060.000
image_width_px = 155.000
image_height_px = 155.000
patch_size_px = 19
wavelength = 500
par.objectiveNA = 2.17
objectiveFocalLength = 770
par.refractiveIndices = [1.310000e+00 , 2.170000e+00 , 2.170000e+00 ,]
par.nDiscretizationBFP = 129
par.backgroundNoise = 0.000
par.nPhotons = 2000
% data
positionX_nm_array = [3016.0000000000, -1716.0000000000, -2808.0000000000,  2132.0000000000, -1508.0000000000, -1508.0000000000, -2964.0000000000,   312.0000000000, -2236.0000000000,]
positionY_nm_array = [3484.0000000000, -1508.0000000000,  -884.0000000000,  1092.0000000000, -3224.0000000000,  -416.0000000000, -3224.0000000000, -1820.0000000000,   832.0000000000,]
angleInclination_array = [0.7853981634, 0.7853981634, 0.7853981634, 0.7853981634, 0.7853981634, 0.7853981634, 0.7853981634, 0.7853981634, 0.7853981634,]
angleAzimuth_array = [2.6878070481, 2.7052603406, 2.7227136331, 2.7401669256, 2.7576202182, 2.7750735107, 2.7925268032, 2.8099800957, 2.8274333882,]
