% ground truth for sim_inc90_az279_run1.tif
% settings
number_of_spots = 9
pixel_size_nm = 52.000
image_width_nm = 8060.000
image_height_nm = 8060.000
image_width_px = 155.000
image_height_px = 155.000
patch_size_px = 19
wavelength = 500
par.objectiveNA = 2.17
objectiveFocalLength = 770
par.refractiveIndices = [1.310000e+00 , 2.170000e+00 , 2.170000e+00 ,]
par.nDiscretizationBFP = 129
par.backgroundNoise = 0.000
par.nPhotons = 2000
% data
positionX_nm_array = [-3328.0000000000,  -468.0000000000,  2080.0000000000, -3120.0000000000, -2444.0000000000, -3120.0000000000,  -676.0000000000,  3432.0000000000, -1040.0000000000,]
positionY_nm_array = [3172.0000000000,  3380.0000000000,  2080.0000000000,  1248.0000000000, -2548.0000000000,  -468.0000000000,   624.0000000000,   728.0000000000,  2028.0000000000,]
angleInclination_array = [1.5707963268, 1.5707963268, 1.5707963268, 1.5707963268, 1.5707963268, 1.5707963268, 1.5707963268, 1.5707963268, 1.5707963268,]
angleAzimuth_array = [4.7298422729, 4.7472955654, 4.7647488579, 4.7822021505, 4.7996554430, 4.8171087355, 4.8345620280, 4.8520153205, 4.8694686131,]
