% ground truth for sim_inc45_az189_run1.tif
% settings
number_of_spots = 9
pixel_size_nm = 52.000
image_width_nm = 8060.000
image_height_nm = 8060.000
image_width_px = 155.000
image_height_px = 155.000
patch_size_px = 19
wavelength = 500
par.objectiveNA = 2.17
objectiveFocalLength = 770
par.refractiveIndices = [1.310000e+00 , 2.170000e+00 , 2.170000e+00 ,]
par.nDiscretizationBFP = 129
par.backgroundNoise = 0.000
par.nPhotons = 2000
% data
positionX_nm_array = [-2496.0000000000, -1144.0000000000,  2704.0000000000, -1456.0000000000,  1664.0000000000, -2444.0000000000,  1248.0000000000,  2548.0000000000,  1352.0000000000,]
positionY_nm_array = [-780.0000000000, -1768.0000000000,   676.0000000000,  1716.0000000000,  3432.0000000000,   832.0000000000, -2080.0000000000, -1976.0000000000,   884.0000000000,]
angleInclination_array = [0.7853981634, 0.7853981634, 0.7853981634, 0.7853981634, 0.7853981634, 0.7853981634, 0.7853981634, 0.7853981634, 0.7853981634,]
angleAzimuth_array = [3.1590459461, 3.1764992386, 3.1939525311, 3.2114058237, 3.2288591162, 3.2463124087, 3.2637657012, 3.2812189937, 3.2986722863,]
