% ground truth for sim_inc45_az306_run1.tif
% settings
number_of_spots = 9
pixel_size_nm = 52.000
image_width_nm = 8060.000
image_height_nm = 8060.000
image_width_px = 155.000
image_height_px = 155.000
patch_size_px = 19
wavelength = 500
par.objectiveNA = 2.17
objectiveFocalLength = 770
par.refractiveIndices = [1.310000e+00 , 2.170000e+00 , 2.170000e+00 ,]
par.nDiscretizationBFP = 129
par.backgroundNoise = 0.000
par.nPhotons = 2000
% data
positionX_nm_array = [-676.0000000000, -3016.0000000000,  -156.0000000000, -1716.0000000000,  3484.0000000000,   156.0000000000,   936.0000000000, -1144.0000000000,  1092.0000000000,]
positionY_nm_array = [2652.0000000000,   104.0000000000, -2756.0000000000,   572.0000000000,   468.0000000000,   728.0000000000, -3224.0000000000,  1716.0000000000,  2392.0000000000,]
angleInclination_array = [0.7853981634, 0.7853981634, 0.7853981634, 0.7853981634, 0.7853981634, 0.7853981634, 0.7853981634, 0.7853981634, 0.7853981634,]
angleAzimuth_array = [5.2010811709, 5.2185344635, 5.2359877560, 5.2534410485, 5.2708943410, 5.2883476335, 5.3058009261, 5.3232542186, 5.3407075111,]
