% ground truth for sim_inc45_az216_run1.tif
% settings
number_of_spots = 9
pixel_size_nm = 52.000
image_width_nm = 8060.000
image_height_nm = 8060.000
image_width_px = 155.000
image_height_px = 155.000
patch_size_px = 19
wavelength = 500
par.objectiveNA = 2.17
objectiveFocalLength = 770
par.refractiveIndices = [1.310000e+00 , 2.170000e+00 , 2.170000e+00 ,]
par.nDiscretizationBFP = 129
par.backgroundNoise = 0.000
par.nPhotons = 2000
% data
positionX_nm_array = [-728.0000000000,  3224.0000000000,  1092.0000000000,    52.0000000000,  2496.0000000000,   416.0000000000,  1976.0000000000,   676.0000000000, -1352.0000000000,]
positionY_nm_array = [-2340.0000000000,  -104.0000000000,   364.0000000000,   572.0000000000, -3172.0000000000,  3172.0000000000,  -208.0000000000, -3328.0000000000,  -156.0000000000,]
angleInclination_array = [0.7853981634, 0.7853981634, 0.7853981634, 0.7853981634, 0.7853981634, 0.7853981634, 0.7853981634, 0.7853981634, 0.7853981634,]
angleAzimuth_array = [3.6302848441, 3.6477381367, 3.6651914292, 3.6826447217, 3.7000980142, 3.7175513067, 3.7350045993, 3.7524578918, 3.7699111843,]
