% ground truth for sim_inc90_az360_run1.tif
% settings
number_of_spots = 9
pixel_size_nm = 52.000
image_width_nm = 8060.000
image_height_nm = 8060.000
image_width_px = 155.000
image_height_px = 155.000
patch_size_px = 19
wavelength = 500
par.objectiveNA = 2.17
objectiveFocalLength = 770
par.refractiveIndices = [1.310000e+00 , 2.170000e+00 , 2.170000e+00 ,]
par.nDiscretizationBFP = 129
par.backgroundNoise = 0.000
par.nPhotons = 2000
% data
positionX_nm_array = [2184.0000000000,  1092.0000000000, -3016.0000000000,  -416.0000000000,   520.0000000000, -1456.0000000000, -2652.0000000000,  -156.0000000000, -1300.0000000000,]
positionY_nm_array = [2860.0000000000, -1612.0000000000,  2964.0000000000, -1040.0000000000,  1508.0000000000,  -520.0000000000, -1040.0000000000,    52.0000000000, -2392.0000000000,]
angleInclination_array = [1.5707963268, 1.5707963268, 1.5707963268, 1.5707963268, 1.5707963268, 1.5707963268, 1.5707963268, 1.5707963268, 1.5707963268,]
angleAzimuth_array = [6.1435589670, 6.1610122595, 6.1784655521, 6.1959188446, 6.2133721371, 6.2308254296, 6.2482787221, 6.2657320147, 6.2831853072,]
