% ground truth for sim_inc45_az54_run1.tif
% settings
number_of_spots = 9
pixel_size_nm = 52.000
image_width_nm = 8060.000
image_height_nm = 8060.000
image_width_px = 155.000
image_height_px = 155.000
patch_size_px = 19
wavelength = 500
par.objectiveNA = 2.17
objectiveFocalLength = 770
par.refractiveIndices = [1.310000e+00 , 2.170000e+00 , 2.170000e+00 ,]
par.nDiscretizationBFP = 129
par.backgroundNoise = 0.000
par.nPhotons = 2000
% data
positionX_nm_array = [3328.0000000000, -1820.0000000000,  1612.0000000000, -3380.0000000000,   624.0000000000,  -468.0000000000,   468.0000000000,   364.0000000000, -3120.0000000000,]
positionY_nm_array = [-3172.0000000000, -1768.0000000000,  -676.0000000000,  2340.0000000000, -3172.0000000000, -2288.0000000000,  2080.0000000000, -1040.0000000000, -2340.0000000000,]
angleInclination_array = [0.7853981634, 0.7853981634, 0.7853981634, 0.7853981634, 0.7853981634, 0.7853981634, 0.7853981634, 0.7853981634, 0.7853981634,]
angleAzimuth_array = [0.8028514559, 0.8203047484, 0.8377580410, 0.8552113335, 0.8726646260, 0.8901179185, 0.9075712110, 0.9250245036, 0.9424777961,]
