% ground truth for sim_inc90_az324_run1.tif
% settings
number_of_spots = 9
pixel_size_nm = 52.000
image_width_nm = 8060.000
image_height_nm = 8060.000
image_width_px = 155.000
image_height_px = 155.000
patch_size_px = 19
wavelength = 500
par.objectiveNA = 2.17
objectiveFocalLength = 770
par.refractiveIndices = [1.310000e+00 , 2.170000e+00 , 2.170000e+00 ,]
par.nDiscretizationBFP = 129
par.backgroundNoise = 0.000
par.nPhotons = 2000
% data
positionX_nm_array = [728.0000000000, -1040.0000000000,   780.0000000000,     0.0000000000,  2028.0000000000, -2236.0000000000,   832.0000000000, -2860.0000000000, -3328.0000000000,]
positionY_nm_array = [-1040.0000000000,   -52.0000000000, -2496.0000000000,   -52.0000000000, -1144.0000000000, -1404.0000000000,  1716.0000000000, -3380.0000000000,  -416.0000000000,]
angleInclination_array = [1.5707963268, 1.5707963268, 1.5707963268, 1.5707963268, 1.5707963268, 1.5707963268, 1.5707963268, 1.5707963268, 1.5707963268,]
angleAzimuth_array = [5.5152404363, 5.5326937288, 5.5501470213, 5.5676003139, 5.5850536064, 5.6025068989, 5.6199601914, 5.6374134839, 5.6548667765,]
