% ground truth for sim_inc90_az54_run1.tif
% settings
number_of_spots = 9
pixel_size_nm = 52.000
image_width_nm = 8060.000
image_height_nm = 8060.000
image_width_px = 155.000
image_height_px = 155.000
patch_size_px = 19
wavelength = 500
par.objectiveNA = 2.17
objectiveFocalLength = 770
par.refractiveIndices = [1.310000e+00 , 2.170000e+00 , 2.170000e+00 ,]
par.nDiscretizationBFP = 129
par.backgroundNoise = 0.000
par.nPhotons = 2000
% data
positionX_nm_array = [936.0000000000, -1924.0000000000,  -936.0000000000,   312.0000000000, -2184.0000000000,   104.0000000000, -3016.0000000000,  1196.0000000000,   416.0000000000,]
positionY_nm_array = [-2288.0000000000,  3016.0000000000, -3380.0000000000, -1144.0000000000, -3068.0000000000,   676.0000000000,   624.0000000000,   624.0000000000,  1768.0000000000,]
angleInclination_array = [1.5707963268, 1.5707963268, 1.5707963268, 1.5707963268, 1.5707963268, 1.5707963268, 1.5707963268, 1.5707963268, 1.5707963268,]
angleAzimuth_array = [0.8028514559, 0.8203047484, 0.8377580410, 0.8552113335, 0.8726646260, 0.8901179185, 0.9075712110, 0.9250245036, 0.9424777961,]
