% ground truth for sim_inc90_az108_run1.tif
% settings
number_of_spots = 9
pixel_size_nm = 52.000
image_width_nm = 8060.000
image_height_nm = 8060.000
image_width_px = 155.000
image_height_px = 155.000
patch_size_px = 19
wavelength = 500
par.objectiveNA = 2.17
objectiveFocalLength = 770
par.refractiveIndices = [1.310000e+00 , 2.170000e+00 , 2.170000e+00 ,]
par.nDiscretizationBFP = 129
par.backgroundNoise = 0.000
par.nPhotons = 2000
% data
positionX_nm_array = [-1612.0000000000, -3172.0000000000, -1820.0000000000, -2392.0000000000,  2340.0000000000, -3276.0000000000,  1456.0000000000,  -832.0000000000,  3432.0000000000,]
positionY_nm_array = [-3172.0000000000,  2548.0000000000,    52.0000000000, -1092.0000000000,  1560.0000000000, -3120.0000000000, -2704.0000000000,  2548.0000000000,  -520.0000000000,]
angleInclination_array = [1.5707963268, 1.5707963268, 1.5707963268, 1.5707963268, 1.5707963268, 1.5707963268, 1.5707963268, 1.5707963268, 1.5707963268,]
angleAzimuth_array = [1.7453292520, 1.7627825445, 1.7802358370, 1.7976891296, 1.8151424221, 1.8325957146, 1.8500490071, 1.8675022996, 1.8849555922,]
