% ground truth for sim_inc90_az207_run1.tif
% settings
number_of_spots = 9
pixel_size_nm = 52.000
image_width_nm = 8060.000
image_height_nm = 8060.000
image_width_px = 155.000
image_height_px = 155.000
patch_size_px = 19
wavelength = 500
par.objectiveNA = 2.17
objectiveFocalLength = 770
par.refractiveIndices = [1.310000e+00 , 2.170000e+00 , 2.170000e+00 ,]
par.nDiscretizationBFP = 129
par.backgroundNoise = 0.000
par.nPhotons = 2000
% data
positionX_nm_array = [3380.0000000000,  1352.0000000000,   260.0000000000, -2808.0000000000,  2132.0000000000, -1924.0000000000, -3172.0000000000,   156.0000000000,  1196.0000000000,]
positionY_nm_array = [-572.0000000000,  1196.0000000000,  1404.0000000000,   988.0000000000,  -728.0000000000,  1716.0000000000,  -728.0000000000, -1560.0000000000,  2704.0000000000,]
angleInclination_array = [1.5707963268, 1.5707963268, 1.5707963268, 1.5707963268, 1.5707963268, 1.5707963268, 1.5707963268, 1.5707963268, 1.5707963268,]
angleAzimuth_array = [3.4732052115, 3.4906585040, 3.5081117965, 3.5255650890, 3.5430183815, 3.5604716741, 3.5779249666, 3.5953782591, 3.6128315516,]
