% ground truth for sim_inc90_az342_run1.tif
% settings
number_of_spots = 9
pixel_size_nm = 52.000
image_width_nm = 8060.000
image_height_nm = 8060.000
image_width_px = 155.000
image_height_px = 155.000
patch_size_px = 19
wavelength = 500
par.objectiveNA = 2.17
objectiveFocalLength = 770
par.refractiveIndices = [1.310000e+00 , 2.170000e+00 , 2.170000e+00 ,]
par.nDiscretizationBFP = 129
par.backgroundNoise = 0.000
par.nPhotons = 2000
% data
positionX_nm_array = [-3172.0000000000,  2288.0000000000,  2444.0000000000, -1352.0000000000, -1924.0000000000,  1456.0000000000,  1352.0000000000, -1352.0000000000,   780.0000000000,]
positionY_nm_array = [364.0000000000,  2548.0000000000, -2496.0000000000,   312.0000000000, -2288.0000000000, -1248.0000000000,  1560.0000000000, -3276.0000000000,  3484.0000000000,]
angleInclination_array = [1.5707963268, 1.5707963268, 1.5707963268, 1.5707963268, 1.5707963268, 1.5707963268, 1.5707963268, 1.5707963268, 1.5707963268,]
angleAzimuth_array = [5.8293997017, 5.8468529942, 5.8643062867, 5.8817595792, 5.8992128717, 5.9166661643, 5.9341194568, 5.9515727493, 5.9690260418,]
