% ground truth for sim_inc68_az342_run1.tif
% settings
number_of_spots = 9
pixel_size_nm = 52.000
image_width_nm = 8060.000
image_height_nm = 8060.000
image_width_px = 155.000
image_height_px = 155.000
patch_size_px = 19
wavelength = 500
par.objectiveNA = 2.17
objectiveFocalLength = 770
par.refractiveIndices = [1.310000e+00 , 2.170000e+00 , 2.170000e+00 ,]
par.nDiscretizationBFP = 129
par.backgroundNoise = 0.000
par.nPhotons = 2000
% data
positionX_nm_array = [-676.0000000000,  1560.0000000000,   364.0000000000,  2548.0000000000,  -572.0000000000,  1404.0000000000, -1976.0000000000, -1300.0000000000,  3068.0000000000,]
positionY_nm_array = [-156.0000000000,  3224.0000000000,   884.0000000000,  2184.0000000000, -2964.0000000000, -2964.0000000000, -2340.0000000000,   884.0000000000, -1196.0000000000,]
angleInclination_array = [1.1780972451, 1.1780972451, 1.1780972451, 1.1780972451, 1.1780972451, 1.1780972451, 1.1780972451, 1.1780972451, 1.1780972451,]
angleAzimuth_array = [5.8293997017, 5.8468529942, 5.8643062867, 5.8817595792, 5.8992128717, 5.9166661643, 5.9341194568, 5.9515727493, 5.9690260418,]
