% ground truth for sim_inc90_az171_run1.tif
% settings
number_of_spots = 9
pixel_size_nm = 52.000
image_width_nm = 8060.000
image_height_nm = 8060.000
image_width_px = 155.000
image_height_px = 155.000
patch_size_px = 19
wavelength = 500
par.objectiveNA = 2.17
objectiveFocalLength = 770
par.refractiveIndices = [1.310000e+00 , 2.170000e+00 , 2.170000e+00 ,]
par.nDiscretizationBFP = 129
par.backgroundNoise = 0.000
par.nPhotons = 2000
% data
positionX_nm_array = [-1092.0000000000, -1404.0000000000,   312.0000000000,  3068.0000000000,  2756.0000000000,   260.0000000000, -2288.0000000000,  1820.0000000000, -2756.0000000000,]
positionY_nm_array = [1560.0000000000,  -780.0000000000,  3380.0000000000, -3172.0000000000,  1196.0000000000, -2080.0000000000,  1560.0000000000,  3328.0000000000,  -832.0000000000,]
angleInclination_array = [1.5707963268, 1.5707963268, 1.5707963268, 1.5707963268, 1.5707963268, 1.5707963268, 1.5707963268, 1.5707963268, 1.5707963268,]
angleAzimuth_array = [2.8448866808, 2.8623399733, 2.8797932658, 2.8972465583, 2.9146998508, 2.9321531434, 2.9496064359, 2.9670597284, 2.9845130209,]
