% ground truth for sim_inc45_az81_run1.tif
% settings
number_of_spots = 9
pixel_size_nm = 52.000
image_width_nm = 8060.000
image_height_nm = 8060.000
image_width_px = 155.000
image_height_px = 155.000
patch_size_px = 19
wavelength = 500
par.objectiveNA = 2.17
objectiveFocalLength = 770
par.refractiveIndices = [1.310000e+00 , 2.170000e+00 , 2.170000e+00 ,]
par.nDiscretizationBFP = 129
par.backgroundNoise = 0.000
par.nPhotons = 2000
% data
positionX_nm_array = [-52.0000000000, -2132.0000000000,  1040.0000000000, -1560.0000000000, -2340.0000000000,  1664.0000000000,  1404.0000000000,   364.0000000000, -3432.0000000000,]
positionY_nm_array = [-936.0000000000,  2132.0000000000,   468.0000000000,   -52.0000000000, -1612.0000000000,  2756.0000000000, -2028.0000000000,  3380.0000000000, -1508.0000000000,]
angleInclination_array = [0.7853981634, 0.7853981634, 0.7853981634, 0.7853981634, 0.7853981634, 0.7853981634, 0.7853981634, 0.7853981634, 0.7853981634,]
angleAzimuth_array = [1.2740903540, 1.2915436465, 1.3089969390, 1.3264502315, 1.3439035240, 1.3613568166, 1.3788101091, 1.3962634016, 1.4137166941,]
