% ground truth for sim_inc90_az117_run1.tif
% settings
number_of_spots = 9
pixel_size_nm = 52.000
image_width_nm = 8060.000
image_height_nm = 8060.000
image_width_px = 155.000
image_height_px = 155.000
patch_size_px = 19
wavelength = 500
par.objectiveNA = 2.17
objectiveFocalLength = 770
par.refractiveIndices = [1.310000e+00 , 2.170000e+00 , 2.170000e+00 ,]
par.nDiscretizationBFP = 129
par.backgroundNoise = 0.000
par.nPhotons = 2000
% data
positionX_nm_array = [1768.0000000000,  1456.0000000000, -3016.0000000000,  1820.0000000000, -1768.0000000000, -2444.0000000000,   156.0000000000,  3224.0000000000, -2652.0000000000,]
positionY_nm_array = [468.0000000000,  -728.0000000000,  2756.0000000000,  2288.0000000000,   624.0000000000, -1976.0000000000,  2912.0000000000,  2184.0000000000,  1456.0000000000,]
angleInclination_array = [1.5707963268, 1.5707963268, 1.5707963268, 1.5707963268, 1.5707963268, 1.5707963268, 1.5707963268, 1.5707963268, 1.5707963268,]
angleAzimuth_array = [1.9024088847, 1.9198621772, 1.9373154697, 1.9547687622, 1.9722220548, 1.9896753473, 2.0071286398, 2.0245819323, 2.0420352248,]
