% ground truth for sim_inc68_az54_run1.tif
% settings
number_of_spots = 9
pixel_size_nm = 52.000
image_width_nm = 8060.000
image_height_nm = 8060.000
image_width_px = 155.000
image_height_px = 155.000
patch_size_px = 19
wavelength = 500
par.objectiveNA = 2.17
objectiveFocalLength = 770
par.refractiveIndices = [1.310000e+00 , 2.170000e+00 , 2.170000e+00 ,]
par.nDiscretizationBFP = 129
par.backgroundNoise = 0.000
par.nPhotons = 2000
% data
positionX_nm_array = [-936.0000000000,  -260.0000000000,  2028.0000000000,   988.0000000000, -2548.0000000000,   884.0000000000,  2808.0000000000,  2600.0000000000, -3224.0000000000,]
positionY_nm_array = [-1768.0000000000, -3484.0000000000, -3068.0000000000,  1352.0000000000, -2860.0000000000, -1404.0000000000,  3120.0000000000,   520.0000000000,  2860.0000000000,]
angleInclination_array = [1.1780972451, 1.1780972451, 1.1780972451, 1.1780972451, 1.1780972451, 1.1780972451, 1.1780972451, 1.1780972451, 1.1780972451,]
angleAzimuth_array = [0.8028514559, 0.8203047484, 0.8377580410, 0.8552113335, 0.8726646260, 0.8901179185, 0.9075712110, 0.9250245036, 0.9424777961,]
