% ground truth for sim_inc45_az126_run1.tif
% settings
number_of_spots = 9
pixel_size_nm = 52.000
image_width_nm = 8060.000
image_height_nm = 8060.000
image_width_px = 155.000
image_height_px = 155.000
patch_size_px = 19
wavelength = 500
par.objectiveNA = 2.17
objectiveFocalLength = 770
par.refractiveIndices = [1.310000e+00 , 2.170000e+00 , 2.170000e+00 ,]
par.nDiscretizationBFP = 129
par.backgroundNoise = 0.000
par.nPhotons = 2000
% data
positionX_nm_array = [260.0000000000, -2652.0000000000,  2028.0000000000,  3016.0000000000, -3016.0000000000,  -884.0000000000,   104.0000000000,  1092.0000000000, -2652.0000000000,]
positionY_nm_array = [2288.0000000000,  1924.0000000000,  -884.0000000000,   312.0000000000,  -884.0000000000, -1976.0000000000,   208.0000000000,  3120.0000000000,   624.0000000000,]
angleInclination_array = [0.7853981634, 0.7853981634, 0.7853981634, 0.7853981634, 0.7853981634, 0.7853981634, 0.7853981634, 0.7853981634, 0.7853981634,]
angleAzimuth_array = [2.0594885174, 2.0769418099, 2.0943951024, 2.1118483949, 2.1293016874, 2.1467549800, 2.1642082725, 2.1816615650, 2.1991148575,]
