% ground truth for sim_inc90_az153_run1.tif
% settings
number_of_spots = 9
pixel_size_nm = 52.000
image_width_nm = 8060.000
image_height_nm = 8060.000
image_width_px = 155.000
image_height_px = 155.000
patch_size_px = 19
wavelength = 500
par.objectiveNA = 2.17
objectiveFocalLength = 770
par.refractiveIndices = [1.310000e+00 , 2.170000e+00 , 2.170000e+00 ,]
par.nDiscretizationBFP = 129
par.backgroundNoise = 0.000
par.nPhotons = 2000
% data
positionX_nm_array = [1196.0000000000,  -780.0000000000,  -936.0000000000,   260.0000000000, -2704.0000000000, -1248.0000000000, -1508.0000000000,  2184.0000000000,  3068.0000000000,]
positionY_nm_array = [-2340.0000000000, -2756.0000000000, -1196.0000000000,  1716.0000000000, -3484.0000000000,  -104.0000000000,  1508.0000000000,   728.0000000000, -2652.0000000000,]
angleInclination_array = [1.5707963268, 1.5707963268, 1.5707963268, 1.5707963268, 1.5707963268, 1.5707963268, 1.5707963268, 1.5707963268, 1.5707963268,]
angleAzimuth_array = [2.5307274154, 2.5481807079, 2.5656340004, 2.5830872930, 2.6005405855, 2.6179938780, 2.6354471705, 2.6529004630, 2.6703537556,]
