% ground truth for sim_inc90_az135_run1.tif
% settings
number_of_spots = 9
pixel_size_nm = 52.000
image_width_nm = 8060.000
image_height_nm = 8060.000
image_width_px = 155.000
image_height_px = 155.000
patch_size_px = 19
wavelength = 500
par.objectiveNA = 2.17
objectiveFocalLength = 770
par.refractiveIndices = [1.310000e+00 , 2.170000e+00 , 2.170000e+00 ,]
par.nDiscretizationBFP = 129
par.backgroundNoise = 0.000
par.nPhotons = 2000
% data
positionX_nm_array = [-780.0000000000,  1508.0000000000,  -884.0000000000,  2756.0000000000,  3432.0000000000,  -832.0000000000,  2184.0000000000, -2132.0000000000,  -312.0000000000,]
positionY_nm_array = [3380.0000000000, -1196.0000000000,  1404.0000000000,  3432.0000000000, -1040.0000000000, -3016.0000000000,  1560.0000000000,  -468.0000000000, -2080.0000000000,]
angleInclination_array = [1.5707963268, 1.5707963268, 1.5707963268, 1.5707963268, 1.5707963268, 1.5707963268, 1.5707963268, 1.5707963268, 1.5707963268,]
angleAzimuth_array = [2.2165681500, 2.2340214426, 2.2514747351, 2.2689280276, 2.2863813201, 2.3038346126, 2.3212879052, 2.3387411977, 2.3561944902,]
