% ground truth for sim_inc90_az36_run1.tif
% settings
number_of_spots = 9
pixel_size_nm = 52.000
image_width_nm = 8060.000
image_height_nm = 8060.000
image_width_px = 155.000
image_height_px = 155.000
patch_size_px = 19
wavelength = 500
par.objectiveNA = 2.17
objectiveFocalLength = 770
par.refractiveIndices = [1.310000e+00 , 2.170000e+00 , 2.170000e+00 ,]
par.nDiscretizationBFP = 129
par.backgroundNoise = 0.000
par.nPhotons = 2000
% data
positionX_nm_array = [-1924.0000000000, -2184.0000000000, -3484.0000000000,  2600.0000000000,  -468.0000000000, -3380.0000000000, -3224.0000000000,  -988.0000000000,  3172.0000000000,]
positionY_nm_array = [-260.0000000000, -3484.0000000000,   884.0000000000,  1040.0000000000, -1144.0000000000, -1560.0000000000,  2184.0000000000,  2184.0000000000, -1716.0000000000,]
angleInclination_array = [1.5707963268, 1.5707963268, 1.5707963268, 1.5707963268, 1.5707963268, 1.5707963268, 1.5707963268, 1.5707963268, 1.5707963268,]
angleAzimuth_array = [0.4886921906, 0.5061454831, 0.5235987756, 0.5410520681, 0.5585053606, 0.5759586532, 0.5934119457, 0.6108652382, 0.6283185307,]
