% ground truth for sim_inc45_az288_run1.tif
% settings
number_of_spots = 9
pixel_size_nm = 52.000
image_width_nm = 8060.000
image_height_nm = 8060.000
image_width_px = 155.000
image_height_px = 155.000
patch_size_px = 19
wavelength = 500
par.objectiveNA = 2.17
objectiveFocalLength = 770
par.refractiveIndices = [1.310000e+00 , 2.170000e+00 , 2.170000e+00 ,]
par.nDiscretizationBFP = 129
par.backgroundNoise = 0.000
par.nPhotons = 2000
% data
positionX_nm_array = [-676.0000000000, -1976.0000000000,   156.0000000000, -3484.0000000000, -2340.0000000000,   728.0000000000,  2600.0000000000,  3380.0000000000,  -832.0000000000,]
positionY_nm_array = [-936.0000000000,  -624.0000000000, -3068.0000000000, -2548.0000000000,  3380.0000000000,  -884.0000000000,  -520.0000000000, -1508.0000000000,   104.0000000000,]
angleInclination_array = [0.7853981634, 0.7853981634, 0.7853981634, 0.7853981634, 0.7853981634, 0.7853981634, 0.7853981634, 0.7853981634, 0.7853981634,]
angleAzimuth_array = [4.8869219056, 4.9043751981, 4.9218284906, 4.9392817831, 4.9567350757, 4.9741883682, 4.9916416607, 5.0090949532, 5.0265482457,]
