% ground truth for sim_inc90_az18_run1.tif
% settings
number_of_spots = 9
pixel_size_nm = 52.000
image_width_nm = 8060.000
image_height_nm = 8060.000
image_width_px = 155.000
image_height_px = 155.000
patch_size_px = 19
wavelength = 500
par.objectiveNA = 2.17
objectiveFocalLength = 770
par.refractiveIndices = [1.310000e+00 , 2.170000e+00 , 2.170000e+00 ,]
par.nDiscretizationBFP = 129
par.backgroundNoise = 0.000
par.nPhotons = 2000
% data
positionX_nm_array = [-728.0000000000, 3432.0000000000, 1820.0000000000, 2600.0000000000, 3328.0000000000, -988.0000000000,  156.0000000000,  468.0000000000,  780.0000000000,]
positionY_nm_array = [52.0000000000,   936.0000000000, -1664.0000000000,  -208.0000000000,  2496.0000000000,  1872.0000000000,  3068.0000000000, -2340.0000000000,  -728.0000000000,]
angleInclination_array = [1.5707963268, 1.5707963268, 1.5707963268, 1.5707963268, 1.5707963268, 1.5707963268, 1.5707963268, 1.5707963268, 1.5707963268,]
angleAzimuth_array = [0.1745329252, 0.1919862177, 0.2094395102, 0.2268928028, 0.2443460953, 0.2617993878, 0.2792526803, 0.2967059728, 0.3141592654,]
