% ground truth for sim_inc45_az117_run1.tif
% settings
number_of_spots = 9
pixel_size_nm = 52.000
image_width_nm = 8060.000
image_height_nm = 8060.000
image_width_px = 155.000
image_height_px = 155.000
patch_size_px = 19
wavelength = 500
par.objectiveNA = 2.17
objectiveFocalLength = 770
par.refractiveIndices = [1.310000e+00 , 2.170000e+00 , 2.170000e+00 ,]
par.nDiscretizationBFP = 129
par.backgroundNoise = 0.000
par.nPhotons = 2000
% data
positionX_nm_array = [-1820.0000000000, -2392.0000000000,  1248.0000000000, -3484.0000000000,  -780.0000000000,  1560.0000000000,  2912.0000000000, -1352.0000000000,  -156.0000000000,]
positionY_nm_array = [-260.0000000000,   884.0000000000, -2340.0000000000,  1144.0000000000,  2028.0000000000,   260.0000000000,  2392.0000000000, -2704.0000000000, -2496.0000000000,]
angleInclination_array = [0.7853981634, 0.7853981634, 0.7853981634, 0.7853981634, 0.7853981634, 0.7853981634, 0.7853981634, 0.7853981634, 0.7853981634,]
angleAzimuth_array = [1.9024088847, 1.9198621772, 1.9373154697, 1.9547687622, 1.9722220548, 1.9896753473, 2.0071286398, 2.0245819323, 2.0420352248,]
