% ground truth for sim_inc45_az297_run1.tif
% settings
number_of_spots = 9
pixel_size_nm = 52.000
image_width_nm = 8060.000
image_height_nm = 8060.000
image_width_px = 155.000
image_height_px = 155.000
patch_size_px = 19
wavelength = 500
par.objectiveNA = 2.17
objectiveFocalLength = 770
par.refractiveIndices = [1.310000e+00 , 2.170000e+00 , 2.170000e+00 ,]
par.nDiscretizationBFP = 129
par.backgroundNoise = 0.000
par.nPhotons = 2000
% data
positionX_nm_array = [-676.0000000000,  -624.0000000000,  3068.0000000000,  2912.0000000000, -2548.0000000000,  1456.0000000000, -2756.0000000000, -1768.0000000000,  2652.0000000000,]
positionY_nm_array = [-2288.0000000000,  2496.0000000000,  3276.0000000000,   416.0000000000, -1144.0000000000,  2496.0000000000,   312.0000000000, -2756.0000000000, -1820.0000000000,]
angleInclination_array = [0.7853981634, 0.7853981634, 0.7853981634, 0.7853981634, 0.7853981634, 0.7853981634, 0.7853981634, 0.7853981634, 0.7853981634,]
angleAzimuth_array = [5.0440015383, 5.0614548308, 5.0789081233, 5.0963614158, 5.1138147083, 5.1312680009, 5.1487212934, 5.1661745859, 5.1836278784,]
