% ground truth for sim_inc90_az45_run1.tif
% settings
number_of_spots = 9
pixel_size_nm = 52.000
image_width_nm = 8060.000
image_height_nm = 8060.000
image_width_px = 155.000
image_height_px = 155.000
patch_size_px = 19
wavelength = 500
par.objectiveNA = 2.17
objectiveFocalLength = 770
par.refractiveIndices = [1.310000e+00 , 2.170000e+00 , 2.170000e+00 ,]
par.nDiscretizationBFP = 129
par.backgroundNoise = 0.000
par.nPhotons = 2000
% data
positionX_nm_array = [-1456.0000000000, -2704.0000000000, -2444.0000000000,  -312.0000000000,   156.0000000000, -3172.0000000000,  3224.0000000000, -1404.0000000000,   -52.0000000000,]
positionY_nm_array = [-3432.0000000000,   780.0000000000, -2444.0000000000,  1404.0000000000, -2808.0000000000,  -832.0000000000,  2132.0000000000,   156.0000000000,   -52.0000000000,]
angleInclination_array = [1.5707963268, 1.5707963268, 1.5707963268, 1.5707963268, 1.5707963268, 1.5707963268, 1.5707963268, 1.5707963268, 1.5707963268,]
angleAzimuth_array = [0.6457718232, 0.6632251158, 0.6806784083, 0.6981317008, 0.7155849933, 0.7330382858, 0.7504915784, 0.7679448709, 0.7853981634,]
