% ground truth for sim_inc45_az225_run1.tif
% settings
number_of_spots = 9
pixel_size_nm = 52.000
image_width_nm = 8060.000
image_height_nm = 8060.000
image_width_px = 155.000
image_height_px = 155.000
patch_size_px = 19
wavelength = 500
par.objectiveNA = 2.17
objectiveFocalLength = 770
par.refractiveIndices = [1.310000e+00 , 2.170000e+00 , 2.170000e+00 ,]
par.nDiscretizationBFP = 129
par.backgroundNoise = 0.000
par.nPhotons = 2000
% data
positionX_nm_array = [-2080.0000000000,  2600.0000000000, -1040.0000000000,   520.0000000000,   468.0000000000,  3484.0000000000, -2548.0000000000,  2288.0000000000,  -728.0000000000,]
positionY_nm_array = [936.0000000000,  1040.0000000000,  -884.0000000000, -1872.0000000000,  1716.0000000000,  -624.0000000000,  2080.0000000000, -1820.0000000000, -2496.0000000000,]
angleInclination_array = [0.7853981634, 0.7853981634, 0.7853981634, 0.7853981634, 0.7853981634, 0.7853981634, 0.7853981634, 0.7853981634, 0.7853981634,]
angleAzimuth_array = [3.7873644768, 3.8048177693, 3.8222710619, 3.8397243544, 3.8571776469, 3.8746309394, 3.8920842319, 3.9095375245, 3.9269908170,]
