% ground truth for sim_inc68_az27_run1.tif
% settings
number_of_spots = 9
pixel_size_nm = 52.000
image_width_nm = 8060.000
image_height_nm = 8060.000
image_width_px = 155.000
image_height_px = 155.000
patch_size_px = 19
wavelength = 500
par.objectiveNA = 2.17
objectiveFocalLength = 770
par.refractiveIndices = [1.310000e+00 , 2.170000e+00 , 2.170000e+00 ,]
par.nDiscretizationBFP = 129
par.backgroundNoise = 0.000
par.nPhotons = 2000
% data
positionX_nm_array = [3276.0000000000,  -728.0000000000, -1976.0000000000,  3432.0000000000, -1456.0000000000,  2652.0000000000,   468.0000000000, -3224.0000000000,   572.0000000000,]
positionY_nm_array = [-156.0000000000, -3120.0000000000, -1508.0000000000, -1352.0000000000,   520.0000000000,  1820.0000000000,   572.0000000000,  1248.0000000000, -2288.0000000000,]
angleInclination_array = [1.1780972451, 1.1780972451, 1.1780972451, 1.1780972451, 1.1780972451, 1.1780972451, 1.1780972451, 1.1780972451, 1.1780972451,]
angleAzimuth_array = [0.3316125579, 0.3490658504, 0.3665191429, 0.3839724354, 0.4014257280, 0.4188790205, 0.4363323130, 0.4537856055, 0.4712388980,]
