% ground truth for sim_inc68_az189_run1.tif
% settings
number_of_spots = 9
pixel_size_nm = 52.000
image_width_nm = 8060.000
image_height_nm = 8060.000
image_width_px = 155.000
image_height_px = 155.000
patch_size_px = 19
wavelength = 500
par.objectiveNA = 2.17
objectiveFocalLength = 770
par.refractiveIndices = [1.310000e+00 , 2.170000e+00 , 2.170000e+00 ,]
par.nDiscretizationBFP = 129
par.backgroundNoise = 0.000
par.nPhotons = 2000
% data
positionX_nm_array = [3120.0000000000,  2028.0000000000,  2548.0000000000,   364.0000000000, -2756.0000000000, -2236.0000000000, -3016.0000000000,   468.0000000000,  -468.0000000000,]
positionY_nm_array = [-1092.0000000000,  2808.0000000000, -3484.0000000000, -2756.0000000000,   364.0000000000,  2028.0000000000,  3016.0000000000,  2132.0000000000,  1248.0000000000,]
angleInclination_array = [1.1780972451, 1.1780972451, 1.1780972451, 1.1780972451, 1.1780972451, 1.1780972451, 1.1780972451, 1.1780972451, 1.1780972451,]
angleAzimuth_array = [3.1590459461, 3.1764992386, 3.1939525311, 3.2114058237, 3.2288591162, 3.2463124087, 3.2637657012, 3.2812189937, 3.2986722863,]
