% ground truth for sim_inc90_az162_run1.tif
% settings
number_of_spots = 9
pixel_size_nm = 52.000
image_width_nm = 8060.000
image_height_nm = 8060.000
image_width_px = 155.000
image_height_px = 155.000
patch_size_px = 19
wavelength = 500
par.objectiveNA = 2.17
objectiveFocalLength = 770
par.refractiveIndices = [1.310000e+00 , 2.170000e+00 , 2.170000e+00 ,]
par.nDiscretizationBFP = 129
par.backgroundNoise = 0.000
par.nPhotons = 2000
% data
positionX_nm_array = [-2652.0000000000,   364.0000000000,  2288.0000000000,  2496.0000000000, -2080.0000000000, -3120.0000000000,  1092.0000000000,  3484.0000000000, -2392.0000000000,]
positionY_nm_array = [-416.0000000000,   728.0000000000,  -936.0000000000, -2808.0000000000, -2080.0000000000,  1092.0000000000,  1716.0000000000, -1976.0000000000,  1872.0000000000,]
angleInclination_array = [1.5707963268, 1.5707963268, 1.5707963268, 1.5707963268, 1.5707963268, 1.5707963268, 1.5707963268, 1.5707963268, 1.5707963268,]
angleAzimuth_array = [2.6878070481, 2.7052603406, 2.7227136331, 2.7401669256, 2.7576202182, 2.7750735107, 2.7925268032, 2.8099800957, 2.8274333882,]
