% ground truth for sim_inc45_az279_run1.tif
% settings
number_of_spots = 9
pixel_size_nm = 52.000
image_width_nm = 8060.000
image_height_nm = 8060.000
image_width_px = 155.000
image_height_px = 155.000
patch_size_px = 19
wavelength = 500
par.objectiveNA = 2.17
objectiveFocalLength = 770
par.refractiveIndices = [1.310000e+00 , 2.170000e+00 , 2.170000e+00 ,]
par.nDiscretizationBFP = 129
par.backgroundNoise = 0.000
par.nPhotons = 2000
% data
positionX_nm_array = [676.0000000000, -2808.0000000000,  -520.0000000000,   416.0000000000, -1664.0000000000,  3068.0000000000, -3380.0000000000,   832.0000000000,  3328.0000000000,]
positionY_nm_array = [-936.0000000000,     0.0000000000,  -884.0000000000,   624.0000000000,  2392.0000000000, -2028.0000000000,  1040.0000000000,  2652.0000000000,  1924.0000000000,]
angleInclination_array = [0.7853981634, 0.7853981634, 0.7853981634, 0.7853981634, 0.7853981634, 0.7853981634, 0.7853981634, 0.7853981634, 0.7853981634,]
angleAzimuth_array = [4.7298422729, 4.7472955654, 4.7647488579, 4.7822021505, 4.7996554430, 4.8171087355, 4.8345620280, 4.8520153205, 4.8694686131,]
