% ground truth for sim_inc68_az36_run1.tif
% settings
number_of_spots = 9
pixel_size_nm = 52.000
image_width_nm = 8060.000
image_height_nm = 8060.000
image_width_px = 155.000
image_height_px = 155.000
patch_size_px = 19
wavelength = 500
par.objectiveNA = 2.17
objectiveFocalLength = 770
par.refractiveIndices = [1.310000e+00 , 2.170000e+00 , 2.170000e+00 ,]
par.nDiscretizationBFP = 129
par.backgroundNoise = 0.000
par.nPhotons = 2000
% data
positionX_nm_array = [1872.0000000000, -3120.0000000000, -3432.0000000000,  -260.0000000000, -1924.0000000000,   728.0000000000,  3120.0000000000, -2496.0000000000,  -728.0000000000,]
positionY_nm_array = [1352.0000000000,  2080.0000000000, -3224.0000000000, -1612.0000000000,  2080.0000000000, -1092.0000000000, -3224.0000000000,  3172.0000000000, -2912.0000000000,]
angleInclination_array = [1.1780972451, 1.1780972451, 1.1780972451, 1.1780972451, 1.1780972451, 1.1780972451, 1.1780972451, 1.1780972451, 1.1780972451,]
angleAzimuth_array = [0.4886921906, 0.5061454831, 0.5235987756, 0.5410520681, 0.5585053606, 0.5759586532, 0.5934119457, 0.6108652382, 0.6283185307,]
