% ground truth for sim_inc68_az126_run1.tif
% settings
number_of_spots = 9
pixel_size_nm = 52.000
image_width_nm = 8060.000
image_height_nm = 8060.000
image_width_px = 155.000
image_height_px = 155.000
patch_size_px = 19
wavelength = 500
par.objectiveNA = 2.17
objectiveFocalLength = 770
par.refractiveIndices = [1.310000e+00 , 2.170000e+00 , 2.170000e+00 ,]
par.nDiscretizationBFP = 129
par.backgroundNoise = 0.000
par.nPhotons = 2000
% data
positionX_nm_array = [-3068.0000000000,  3224.0000000000, -1300.0000000000,  1664.0000000000,  1976.0000000000, -1144.0000000000,  -884.0000000000,   260.0000000000,   260.0000000000,]
positionY_nm_array = [-2860.0000000000,   520.0000000000,  3484.0000000000, -2808.0000000000,  -416.0000000000, -2444.0000000000, -1092.0000000000,  3068.0000000000,   832.0000000000,]
angleInclination_array = [1.1780972451, 1.1780972451, 1.1780972451, 1.1780972451, 1.1780972451, 1.1780972451, 1.1780972451, 1.1780972451, 1.1780972451,]
angleAzimuth_array = [2.0594885174, 2.0769418099, 2.0943951024, 2.1118483949, 2.1293016874, 2.1467549800, 2.1642082725, 2.1816615650, 2.1991148575,]
