% ground truth for sim_inc68_az315_run1.tif
% settings
number_of_spots = 9
pixel_size_nm = 52.000
image_width_nm = 8060.000
image_height_nm = 8060.000
image_width_px = 155.000
image_height_px = 155.000
patch_size_px = 19
wavelength = 500
par.objectiveNA = 2.17
objectiveFocalLength = 770
par.refractiveIndices = [1.310000e+00 , 2.170000e+00 , 2.170000e+00 ,]
par.nDiscretizationBFP = 129
par.backgroundNoise = 0.000
par.nPhotons = 2000
% data
positionX_nm_array = [1196.0000000000,  1664.0000000000, -1248.0000000000,  1872.0000000000,    52.0000000000,  -780.0000000000, -2236.0000000000, -2912.0000000000,  1560.0000000000,]
positionY_nm_array = [-3120.0000000000,   208.0000000000,   728.0000000000, -1352.0000000000,  2028.0000000000,  3328.0000000000, -1560.0000000000,  2132.0000000000,  2912.0000000000,]
angleInclination_array = [1.1780972451, 1.1780972451, 1.1780972451, 1.1780972451, 1.1780972451, 1.1780972451, 1.1780972451, 1.1780972451, 1.1780972451,]
angleAzimuth_array = [5.3581608036, 5.3756140961, 5.3930673887, 5.4105206812, 5.4279739737, 5.4454272662, 5.4628805587, 5.4803338513, 5.4977871438,]
