% ground truth for sim_inc45_az144_run1.tif
% settings
number_of_spots = 9
pixel_size_nm = 52.000
image_width_nm = 8060.000
image_height_nm = 8060.000
image_width_px = 155.000
image_height_px = 155.000
patch_size_px = 19
wavelength = 500
par.objectiveNA = 2.17
objectiveFocalLength = 770
par.refractiveIndices = [1.310000e+00 , 2.170000e+00 , 2.170000e+00 ,]
par.nDiscretizationBFP = 129
par.backgroundNoise = 0.000
par.nPhotons = 2000
% data
positionX_nm_array = [-3120.0000000000,   208.0000000000,  -104.0000000000,  1040.0000000000, -1508.0000000000,  3224.0000000000,  -416.0000000000,   104.0000000000, -1820.0000000000,]
positionY_nm_array = [-988.0000000000,  -416.0000000000, -3328.0000000000,  2288.0000000000, -1404.0000000000,  1300.0000000000,  2860.0000000000,  1820.0000000000, -2444.0000000000,]
angleInclination_array = [0.7853981634, 0.7853981634, 0.7853981634, 0.7853981634, 0.7853981634, 0.7853981634, 0.7853981634, 0.7853981634, 0.7853981634,]
angleAzimuth_array = [2.3736477827, 2.3911010752, 2.4085543678, 2.4260076603, 2.4434609528, 2.4609142453, 2.4783675378, 2.4958208304, 2.5132741229,]
