% ground truth for sim_inc45_az72_run1.tif
% settings
number_of_spots = 9
pixel_size_nm = 52.000
image_width_nm = 8060.000
image_height_nm = 8060.000
image_width_px = 155.000
image_height_px = 155.000
patch_size_px = 19
wavelength = 500
par.objectiveNA = 2.17
objectiveFocalLength = 770
par.refractiveIndices = [1.310000e+00 , 2.170000e+00 , 2.170000e+00 ,]
par.nDiscretizationBFP = 129
par.backgroundNoise = 0.000
par.nPhotons = 2000
% data
positionX_nm_array = [-3276.0000000000,  -988.0000000000,   780.0000000000, -3380.0000000000,  2444.0000000000, -3224.0000000000,  -312.0000000000, -2132.0000000000,  3172.0000000000,]
positionY_nm_array = [156.0000000000,     0.0000000000, -1716.0000000000,  1976.0000000000, -3172.0000000000, -2340.0000000000, -1300.0000000000,  2964.0000000000, -1820.0000000000,]
angleInclination_array = [0.7853981634, 0.7853981634, 0.7853981634, 0.7853981634, 0.7853981634, 0.7853981634, 0.7853981634, 0.7853981634, 0.7853981634,]
angleAzimuth_array = [1.1170107213, 1.1344640138, 1.1519173063, 1.1693705988, 1.1868238914, 1.2042771839, 1.2217304764, 1.2391837689, 1.2566370614,]
