% ground truth for sim_inc90_az180_run1.tif
% settings
number_of_spots = 9
pixel_size_nm = 52.000
image_width_nm = 8060.000
image_height_nm = 8060.000
image_width_px = 155.000
image_height_px = 155.000
patch_size_px = 19
wavelength = 500
par.objectiveNA = 2.17
objectiveFocalLength = 770
par.refractiveIndices = [1.310000e+00 , 2.170000e+00 , 2.170000e+00 ,]
par.nDiscretizationBFP = 129
par.backgroundNoise = 0.000
par.nPhotons = 2000
% data
positionX_nm_array = [2444.0000000000,  -208.0000000000,  3328.0000000000,   312.0000000000, -2600.0000000000,  3172.0000000000,  2964.0000000000, -3328.0000000000, -1664.0000000000,]
positionY_nm_array = [156.0000000000, -2912.0000000000,  1976.0000000000,  2600.0000000000,  -572.0000000000, -1300.0000000000,  3120.0000000000,  2964.0000000000,   988.0000000000,]
angleInclination_array = [1.5707963268, 1.5707963268, 1.5707963268, 1.5707963268, 1.5707963268, 1.5707963268, 1.5707963268, 1.5707963268, 1.5707963268,]
angleAzimuth_array = [3.0019663134, 3.0194196060, 3.0368728985, 3.0543261910, 3.0717794835, 3.0892327760, 3.1066860685, 3.1241393611, 3.1415926536,]
