% ground truth for sim_inc45_az27_run1.tif
% settings
number_of_spots = 9
pixel_size_nm = 52.000
image_width_nm = 8060.000
image_height_nm = 8060.000
image_width_px = 155.000
image_height_px = 155.000
patch_size_px = 19
wavelength = 500
par.objectiveNA = 2.17
objectiveFocalLength = 770
par.refractiveIndices = [1.310000e+00 , 2.170000e+00 , 2.170000e+00 ,]
par.nDiscretizationBFP = 129
par.backgroundNoise = 0.000
par.nPhotons = 2000
% data
positionX_nm_array = [832.0000000000,  -572.0000000000,  2340.0000000000,  1872.0000000000,   364.0000000000,  -624.0000000000,  2964.0000000000, -2444.0000000000, -1872.0000000000,]
positionY_nm_array = [520.0000000000,  3380.0000000000,  -624.0000000000,  1508.0000000000, -2496.0000000000, -1768.0000000000,  1404.0000000000, -3016.0000000000,  2184.0000000000,]
angleInclination_array = [0.7853981634, 0.7853981634, 0.7853981634, 0.7853981634, 0.7853981634, 0.7853981634, 0.7853981634, 0.7853981634, 0.7853981634,]
angleAzimuth_array = [0.3316125579, 0.3490658504, 0.3665191429, 0.3839724354, 0.4014257280, 0.4188790205, 0.4363323130, 0.4537856055, 0.4712388980,]
