% ground truth for sim_inc68_az306_run1.tif
% settings
number_of_spots = 9
pixel_size_nm = 52.000
image_width_nm = 8060.000
image_height_nm = 8060.000
image_width_px = 155.000
image_height_px = 155.000
patch_size_px = 19
wavelength = 500
par.objectiveNA = 2.17
objectiveFocalLength = 770
par.refractiveIndices = [1.310000e+00 , 2.170000e+00 , 2.170000e+00 ,]
par.nDiscretizationBFP = 129
par.backgroundNoise = 0.000
par.nPhotons = 2000
% data
positionX_nm_array = [1560.0000000000,  1352.0000000000,  1976.0000000000, -1612.0000000000,   208.0000000000, -1768.0000000000,  3172.0000000000, -2600.0000000000, -2704.0000000000,]
positionY_nm_array = [-3432.0000000000,   832.0000000000,  1872.0000000000, -2080.0000000000,  1924.0000000000, -3328.0000000000, -2652.0000000000, -1040.0000000000,  1248.0000000000,]
angleInclination_array = [1.1780972451, 1.1780972451, 1.1780972451, 1.1780972451, 1.1780972451, 1.1780972451, 1.1780972451, 1.1780972451, 1.1780972451,]
angleAzimuth_array = [5.2010811709, 5.2185344635, 5.2359877560, 5.2534410485, 5.2708943410, 5.2883476335, 5.3058009261, 5.3232542186, 5.3407075111,]
