% ground truth for sim_inc68_az360_run1.tif
% settings
number_of_spots = 9
pixel_size_nm = 52.000
image_width_nm = 8060.000
image_height_nm = 8060.000
image_width_px = 155.000
image_height_px = 155.000
patch_size_px = 19
wavelength = 500
par.objectiveNA = 2.17
objectiveFocalLength = 770
par.refractiveIndices = [1.310000e+00 , 2.170000e+00 , 2.170000e+00 ,]
par.nDiscretizationBFP = 129
par.backgroundNoise = 0.000
par.nPhotons = 2000
% data
positionX_nm_array = [-2184.0000000000,  2704.0000000000,   260.0000000000, -2444.0000000000,  -416.0000000000,  3172.0000000000,  -780.0000000000,   468.0000000000,  1820.0000000000,]
positionY_nm_array = [2548.0000000000,   728.0000000000,   416.0000000000, -3380.0000000000,  -520.0000000000, -2080.0000000000, -2860.0000000000, -1300.0000000000,     0.0000000000,]
angleInclination_array = [1.1780972451, 1.1780972451, 1.1780972451, 1.1780972451, 1.1780972451, 1.1780972451, 1.1780972451, 1.1780972451, 1.1780972451,]
angleAzimuth_array = [6.1435589670, 6.1610122595, 6.1784655521, 6.1959188446, 6.2133721371, 6.2308254296, 6.2482787221, 6.2657320147, 6.2831853072,]
