% ground truth for sim_inc90_az234_run1.tif
% settings
number_of_spots = 9
pixel_size_nm = 52.000
image_width_nm = 8060.000
image_height_nm = 8060.000
image_width_px = 155.000
image_height_px = 155.000
patch_size_px = 19
wavelength = 500
par.objectiveNA = 2.17
objectiveFocalLength = 770
par.refractiveIndices = [1.310000e+00 , 2.170000e+00 , 2.170000e+00 ,]
par.nDiscretizationBFP = 129
par.backgroundNoise = 0.000
par.nPhotons = 2000
% data
positionX_nm_array = [1092.0000000000, -1300.0000000000,   676.0000000000,     0.0000000000,  2340.0000000000,  2132.0000000000, -3484.0000000000,  1092.0000000000,  2756.0000000000,]
positionY_nm_array = [1144.0000000000,  3172.0000000000, -2496.0000000000,   364.0000000000, -3120.0000000000,  1352.0000000000,  -572.0000000000,  -208.0000000000,  2756.0000000000,]
angleInclination_array = [1.5707963268, 1.5707963268, 1.5707963268, 1.5707963268, 1.5707963268, 1.5707963268, 1.5707963268, 1.5707963268, 1.5707963268,]
angleAzimuth_array = [3.9444441095, 3.9618974020, 3.9793506945, 3.9968039871, 4.0142572796, 4.0317105721, 4.0491638646, 4.0666171571, 4.0840704497,]
