% ground truth for sim_inc68_az216_run1.tif
% settings
number_of_spots = 9
pixel_size_nm = 52.000
image_width_nm = 8060.000
image_height_nm = 8060.000
image_width_px = 155.000
image_height_px = 155.000
patch_size_px = 19
wavelength = 500
par.objectiveNA = 2.17
objectiveFocalLength = 770
par.refractiveIndices = [1.310000e+00 , 2.170000e+00 , 2.170000e+00 ,]
par.nDiscretizationBFP = 129
par.backgroundNoise = 0.000
par.nPhotons = 2000
% data
positionX_nm_array = [312.0000000000, -1820.0000000000,  2704.0000000000,  1300.0000000000,  1508.0000000000,  3068.0000000000,  -364.0000000000, -1196.0000000000,  2340.0000000000,]
positionY_nm_array = [2912.0000000000,   728.0000000000, -2496.0000000000,  1872.0000000000, -2704.0000000000,  -416.0000000000, -1508.0000000000,  2288.0000000000, -1508.0000000000,]
angleInclination_array = [1.1780972451, 1.1780972451, 1.1780972451, 1.1780972451, 1.1780972451, 1.1780972451, 1.1780972451, 1.1780972451, 1.1780972451,]
angleAzimuth_array = [3.6302848441, 3.6477381367, 3.6651914292, 3.6826447217, 3.7000980142, 3.7175513067, 3.7350045993, 3.7524578918, 3.7699111843,]
