% ground truth for sim_inc68_az333_run1.tif
% settings
number_of_spots = 9
pixel_size_nm = 52.000
image_width_nm = 8060.000
image_height_nm = 8060.000
image_width_px = 155.000
image_height_px = 155.000
patch_size_px = 19
wavelength = 500
par.objectiveNA = 2.17
objectiveFocalLength = 770
par.refractiveIndices = [1.310000e+00 , 2.170000e+00 , 2.170000e+00 ,]
par.nDiscretizationBFP = 129
par.backgroundNoise = 0.000
par.nPhotons = 2000
% data
positionX_nm_array = [3224.0000000000, -1404.0000000000,   988.0000000000, -1716.0000000000,  1768.0000000000, -3068.0000000000,  1612.0000000000, -2236.0000000000, -2808.0000000000,]
positionY_nm_array = [-2704.0000000000,  -572.0000000000,  2236.0000000000,  3380.0000000000,  -832.0000000000, -3328.0000000000,  1092.0000000000, -1716.0000000000,     0.0000000000,]
angleInclination_array = [1.1780972451, 1.1780972451, 1.1780972451, 1.1780972451, 1.1780972451, 1.1780972451, 1.1780972451, 1.1780972451, 1.1780972451,]
angleAzimuth_array = [5.6723200690, 5.6897733615, 5.7072266540, 5.7246799465, 5.7421332391, 5.7595865316, 5.7770398241, 5.7944931166, 5.8119464091,]
