% ground truth for sim_inc68_az180_run1.tif
% settings
number_of_spots = 9
pixel_size_nm = 52.000
image_width_nm = 8060.000
image_height_nm = 8060.000
image_width_px = 155.000
image_height_px = 155.000
patch_size_px = 19
wavelength = 500
par.objectiveNA = 2.17
objectiveFocalLength = 770
par.refractiveIndices = [1.310000e+00 , 2.170000e+00 , 2.170000e+00 ,]
par.nDiscretizationBFP = 129
par.backgroundNoise = 0.000
par.nPhotons = 2000
% data
positionX_nm_array = [1040.0000000000,  1872.0000000000, -1716.0000000000,  -728.0000000000,  2288.0000000000,  1820.0000000000,  2860.0000000000,  -364.0000000000,  -208.0000000000,]
positionY_nm_array = [-2912.0000000000,  2600.0000000000,   104.0000000000,  1976.0000000000, -2808.0000000000,  -624.0000000000,  1508.0000000000,   416.0000000000, -1040.0000000000,]
angleInclination_array = [1.1780972451, 1.1780972451, 1.1780972451, 1.1780972451, 1.1780972451, 1.1780972451, 1.1780972451, 1.1780972451, 1.1780972451,]
angleAzimuth_array = [3.0019663134, 3.0194196060, 3.0368728985, 3.0543261910, 3.0717794835, 3.0892327760, 3.1066860685, 3.1241393611, 3.1415926536,]
