% ground truth for sim_inc90_az261_run1.tif
% settings
number_of_spots = 9
pixel_size_nm = 52.000
image_width_nm = 8060.000
image_height_nm = 8060.000
image_width_px = 155.000
image_height_px = 155.000
patch_size_px = 19
wavelength = 500
par.objectiveNA = 2.17
objectiveFocalLength = 770
par.refractiveIndices = [1.310000e+00 , 2.170000e+00 , 2.170000e+00 ,]
par.nDiscretizationBFP = 129
par.backgroundNoise = 0.000
par.nPhotons = 2000
% data
positionX_nm_array = [-1300.0000000000,    52.0000000000,  2340.0000000000, -2600.0000000000,   416.0000000000,  3172.0000000000,  3068.0000000000,  3172.0000000000, -1404.0000000000,]
positionY_nm_array = [2028.0000000000,   936.0000000000,  -520.0000000000, -2756.0000000000, -1560.0000000000, -1872.0000000000,  3276.0000000000,  1248.0000000000,   572.0000000000,]
angleInclination_array = [1.5707963268, 1.5707963268, 1.5707963268, 1.5707963268, 1.5707963268, 1.5707963268, 1.5707963268, 1.5707963268, 1.5707963268,]
angleAzimuth_array = [4.4156830075, 4.4331363001, 4.4505895926, 4.4680428851, 4.4854961776, 4.5029494701, 4.5204027627, 4.5378560552, 4.5553093477,]
