% ground truth for sim_inc45_az90_run1.tif
% settings
number_of_spots = 9
pixel_size_nm = 52.000
image_width_nm = 8060.000
image_height_nm = 8060.000
image_width_px = 155.000
image_height_px = 155.000
patch_size_px = 19
wavelength = 500
par.objectiveNA = 2.17
objectiveFocalLength = 770
par.refractiveIndices = [1.310000e+00 , 2.170000e+00 , 2.170000e+00 ,]
par.nDiscretizationBFP = 129
par.backgroundNoise = 0.000
par.nPhotons = 2000
% data
positionX_nm_array = [-2548.0000000000,  -208.0000000000,  2704.0000000000,  2548.0000000000,   884.0000000000,  2860.0000000000,  -260.0000000000, -1768.0000000000,  1196.0000000000,]
positionY_nm_array = [2028.0000000000,  -416.0000000000,  1092.0000000000,  2340.0000000000,   520.0000000000,  -728.0000000000,  1716.0000000000,  1040.0000000000, -2860.0000000000,]
angleInclination_array = [0.7853981634, 0.7853981634, 0.7853981634, 0.7853981634, 0.7853981634, 0.7853981634, 0.7853981634, 0.7853981634, 0.7853981634,]
angleAzimuth_array = [1.4311699866, 1.4486232792, 1.4660765717, 1.4835298642, 1.5009831567, 1.5184364492, 1.5358897418, 1.5533430343, 1.5707963268,]
