% ground truth for sim_inc90_az81_run1.tif
% settings
number_of_spots = 9
pixel_size_nm = 52.000
image_width_nm = 8060.000
image_height_nm = 8060.000
image_width_px = 155.000
image_height_px = 155.000
patch_size_px = 19
wavelength = 500
par.objectiveNA = 2.17
objectiveFocalLength = 770
par.refractiveIndices = [1.310000e+00 , 2.170000e+00 , 2.170000e+00 ,]
par.nDiscretizationBFP = 129
par.backgroundNoise = 0.000
par.nPhotons = 2000
% data
positionX_nm_array = [2496.0000000000, -1924.0000000000,  -260.0000000000, -3380.0000000000, -3276.0000000000,  2704.0000000000,  1612.0000000000,   520.0000000000,  3432.0000000000,]
positionY_nm_array = [2028.0000000000,  1820.0000000000,  1664.0000000000, -2912.0000000000,  2964.0000000000,  3120.0000000000, -1768.0000000000, -3484.0000000000,  -208.0000000000,]
angleInclination_array = [1.5707963268, 1.5707963268, 1.5707963268, 1.5707963268, 1.5707963268, 1.5707963268, 1.5707963268, 1.5707963268, 1.5707963268,]
angleAzimuth_array = [1.2740903540, 1.2915436465, 1.3089969390, 1.3264502315, 1.3439035240, 1.3613568166, 1.3788101091, 1.3962634016, 1.4137166941,]
