% ground truth for sim_inc68_az153_run1.tif
% settings
number_of_spots = 9
pixel_size_nm = 52.000
image_width_nm = 8060.000
image_height_nm = 8060.000
image_width_px = 155.000
image_height_px = 155.000
patch_size_px = 19
wavelength = 500
par.objectiveNA = 2.17
objectiveFocalLength = 770
par.refractiveIndices = [1.310000e+00 , 2.170000e+00 , 2.170000e+00 ,]
par.nDiscretizationBFP = 129
par.backgroundNoise = 0.000
par.nPhotons = 2000
% data
positionX_nm_array = [-936.0000000000, -2964.0000000000,  3120.0000000000, -2964.0000000000,   832.0000000000, -1924.0000000000,  2444.0000000000,  1040.0000000000,  2028.0000000000,]
positionY_nm_array = [-2600.0000000000,  2288.0000000000,  2808.0000000000, -1404.0000000000,  3484.0000000000,  2340.0000000000, -1040.0000000000, -1144.0000000000,  1404.0000000000,]
angleInclination_array = [1.1780972451, 1.1780972451, 1.1780972451, 1.1780972451, 1.1780972451, 1.1780972451, 1.1780972451, 1.1780972451, 1.1780972451,]
angleAzimuth_array = [2.5307274154, 2.5481807079, 2.5656340004, 2.5830872930, 2.6005405855, 2.6179938780, 2.6354471705, 2.6529004630, 2.6703537556,]
