% ground truth for sim_inc68_az198_run1.tif
% settings
number_of_spots = 9
pixel_size_nm = 52.000
image_width_nm = 8060.000
image_height_nm = 8060.000
image_width_px = 155.000
image_height_px = 155.000
patch_size_px = 19
wavelength = 500
par.objectiveNA = 2.17
objectiveFocalLength = 770
par.refractiveIndices = [1.310000e+00 , 2.170000e+00 , 2.170000e+00 ,]
par.nDiscretizationBFP = 129
par.backgroundNoise = 0.000
par.nPhotons = 2000
% data
positionX_nm_array = [-936.0000000000,  1508.0000000000,  3224.0000000000, -2080.0000000000,   780.0000000000,  -780.0000000000,  1248.0000000000,  1768.0000000000, -2288.0000000000,]
positionY_nm_array = [1924.0000000000,   884.0000000000,  2808.0000000000,   156.0000000000,  3172.0000000000,  -728.0000000000, -3068.0000000000, -1092.0000000000,  1612.0000000000,]
angleInclination_array = [1.1780972451, 1.1780972451, 1.1780972451, 1.1780972451, 1.1780972451, 1.1780972451, 1.1780972451, 1.1780972451, 1.1780972451,]
angleAzimuth_array = [3.3161255788, 3.3335788713, 3.3510321638, 3.3684854563, 3.3859387489, 3.4033920414, 3.4208453339, 3.4382986264, 3.4557519189,]
