% ground truth for sim_inc45_az234_run1.tif
% settings
number_of_spots = 9
pixel_size_nm = 52.000
image_width_nm = 8060.000
image_height_nm = 8060.000
image_width_px = 155.000
image_height_px = 155.000
patch_size_px = 19
wavelength = 500
par.objectiveNA = 2.17
objectiveFocalLength = 770
par.refractiveIndices = [1.310000e+00 , 2.170000e+00 , 2.170000e+00 ,]
par.nDiscretizationBFP = 129
par.backgroundNoise = 0.000
par.nPhotons = 2000
% data
positionX_nm_array = [-3224.0000000000, -3276.0000000000,  3224.0000000000,  2444.0000000000,  -728.0000000000, -2444.0000000000, -1768.0000000000, -3432.0000000000,   728.0000000000,]
positionY_nm_array = [-364.0000000000,  3484.0000000000,     0.0000000000, -1820.0000000000, -1716.0000000000,  1196.0000000000,  2392.0000000000,  1924.0000000000,   884.0000000000,]
angleInclination_array = [0.7853981634, 0.7853981634, 0.7853981634, 0.7853981634, 0.7853981634, 0.7853981634, 0.7853981634, 0.7853981634, 0.7853981634,]
angleAzimuth_array = [3.9444441095, 3.9618974020, 3.9793506945, 3.9968039871, 4.0142572796, 4.0317105721, 4.0491638646, 4.0666171571, 4.0840704497,]
