% ground truth for sim_inc45_az243_run1.tif
% settings
number_of_spots = 9
pixel_size_nm = 52.000
image_width_nm = 8060.000
image_height_nm = 8060.000
image_width_px = 155.000
image_height_px = 155.000
patch_size_px = 19
wavelength = 500
par.objectiveNA = 2.17
objectiveFocalLength = 770
par.refractiveIndices = [1.310000e+00 , 2.170000e+00 , 2.170000e+00 ,]
par.nDiscretizationBFP = 129
par.backgroundNoise = 0.000
par.nPhotons = 2000
% data
positionX_nm_array = [-624.0000000000,  1664.0000000000, -2860.0000000000,  2080.0000000000, -1716.0000000000,   572.0000000000,   156.0000000000,  3276.0000000000, -3172.0000000000,]
positionY_nm_array = [-2080.0000000000,  2028.0000000000,  -728.0000000000, -1976.0000000000,  1612.0000000000,   728.0000000000, -3432.0000000000, -3276.0000000000, -2808.0000000000,]
angleInclination_array = [0.7853981634, 0.7853981634, 0.7853981634, 0.7853981634, 0.7853981634, 0.7853981634, 0.7853981634, 0.7853981634, 0.7853981634,]
angleAzimuth_array = [4.1015237422, 4.1189770347, 4.1364303272, 4.1538836197, 4.1713369123, 4.1887902048, 4.2062434973, 4.2236967898, 4.2411500823,]
