% ground truth for sim_inc90_az9_run1.tif
% settings
number_of_spots = 9
pixel_size_nm = 52.000
image_width_nm = 8060.000
image_height_nm = 8060.000
image_width_px = 155.000
image_height_px = 155.000
patch_size_px = 19
wavelength = 500
par.objectiveNA = 2.17
objectiveFocalLength = 770
par.refractiveIndices = [1.310000e+00 , 2.170000e+00 , 2.170000e+00 ,]
par.nDiscretizationBFP = 129
par.backgroundNoise = 0.000
par.nPhotons = 2000
% data
positionX_nm_array = [3120.0000000000, -2496.0000000000, -1872.0000000000, -1352.0000000000, -2496.0000000000,  -312.0000000000,  -416.0000000000,  2496.0000000000,  2860.0000000000,]
positionY_nm_array = [312.0000000000, -1508.0000000000, -2600.0000000000,  1196.0000000000,  1092.0000000000,  3276.0000000000,   624.0000000000, -1716.0000000000,  2080.0000000000,]
angleInclination_array = [1.5707963268, 1.5707963268, 1.5707963268, 1.5707963268, 1.5707963268, 1.5707963268, 1.5707963268, 1.5707963268, 1.5707963268,]
angleAzimuth_array = [0.0174532925, 0.0349065850, 0.0523598776, 0.0698131701, 0.0872664626, 0.1047197551, 0.1221730476, 0.1396263402, 0.1570796327,]
