% ground truth for sim_inc68_az108_run1.tif
% settings
number_of_spots = 9
pixel_size_nm = 52.000
image_width_nm = 8060.000
image_height_nm = 8060.000
image_width_px = 155.000
image_height_px = 155.000
patch_size_px = 19
wavelength = 500
par.objectiveNA = 2.17
objectiveFocalLength = 770
par.refractiveIndices = [1.310000e+00 , 2.170000e+00 , 2.170000e+00 ,]
par.nDiscretizationBFP = 129
par.backgroundNoise = 0.000
par.nPhotons = 2000
% data
positionX_nm_array = [2132.0000000000,  -364.0000000000, -2860.0000000000, -1352.0000000000, -3120.0000000000,  2236.0000000000,   832.0000000000,  1768.0000000000, -1300.0000000000,]
positionY_nm_array = [3328.0000000000,  1664.0000000000,     0.0000000000,  1040.0000000000,  1300.0000000000, -2756.0000000000,  1976.0000000000, -1560.0000000000, -2184.0000000000,]
angleInclination_array = [1.1780972451, 1.1780972451, 1.1780972451, 1.1780972451, 1.1780972451, 1.1780972451, 1.1780972451, 1.1780972451, 1.1780972451,]
angleAzimuth_array = [1.7453292520, 1.7627825445, 1.7802358370, 1.7976891296, 1.8151424221, 1.8325957146, 1.8500490071, 1.8675022996, 1.8849555922,]
