% ground truth for sim_inc45_az315_run1.tif
% settings
number_of_spots = 9
pixel_size_nm = 52.000
image_width_nm = 8060.000
image_height_nm = 8060.000
image_width_px = 155.000
image_height_px = 155.000
patch_size_px = 19
wavelength = 500
par.objectiveNA = 2.17
objectiveFocalLength = 770
par.refractiveIndices = [1.310000e+00 , 2.170000e+00 , 2.170000e+00 ,]
par.nDiscretizationBFP = 129
par.backgroundNoise = 0.000
par.nPhotons = 2000
% data
positionX_nm_array = [-3432.0000000000, -1456.0000000000,   728.0000000000,  1560.0000000000,   364.0000000000, -2652.0000000000,  -832.0000000000, -2600.0000000000,  3016.0000000000,]
positionY_nm_array = [3328.0000000000, -1456.0000000000, -1092.0000000000,   104.0000000000,  1040.0000000000,  -156.0000000000,  3120.0000000000, -2392.0000000000, -1716.0000000000,]
angleInclination_array = [0.7853981634, 0.7853981634, 0.7853981634, 0.7853981634, 0.7853981634, 0.7853981634, 0.7853981634, 0.7853981634, 0.7853981634,]
angleAzimuth_array = [5.3581608036, 5.3756140961, 5.3930673887, 5.4105206812, 5.4279739737, 5.4454272662, 5.4628805587, 5.4803338513, 5.4977871438,]
