% ground truth for sim_inc45_az207_run1.tif
% settings
number_of_spots = 9
pixel_size_nm = 52.000
image_width_nm = 8060.000
image_height_nm = 8060.000
image_width_px = 155.000
image_height_px = 155.000
patch_size_px = 19
wavelength = 500
par.objectiveNA = 2.17
objectiveFocalLength = 770
par.refractiveIndices = [1.310000e+00 , 2.170000e+00 , 2.170000e+00 ,]
par.nDiscretizationBFP = 129
par.backgroundNoise = 0.000
par.nPhotons = 2000
% data
positionX_nm_array = [520.0000000000,  1976.0000000000,  1768.0000000000,  2028.0000000000,  3328.0000000000,   728.0000000000, -2860.0000000000, -1456.0000000000,  -260.0000000000,]
positionY_nm_array = [2184.0000000000, -2860.0000000000,  2288.0000000000,   208.0000000000,  1144.0000000000, -1456.0000000000,  -936.0000000000,  3016.0000000000,  3224.0000000000,]
angleInclination_array = [0.7853981634, 0.7853981634, 0.7853981634, 0.7853981634, 0.7853981634, 0.7853981634, 0.7853981634, 0.7853981634, 0.7853981634,]
angleAzimuth_array = [3.4732052115, 3.4906585040, 3.5081117965, 3.5255650890, 3.5430183815, 3.5604716741, 3.5779249666, 3.5953782591, 3.6128315516,]
