% ground truth for sim_inc45_az9_run1.tif
% settings
number_of_spots = 9
pixel_size_nm = 52.000
image_width_nm = 8060.000
image_height_nm = 8060.000
image_width_px = 155.000
image_height_px = 155.000
patch_size_px = 19
wavelength = 500
par.objectiveNA = 2.17
objectiveFocalLength = 770
par.refractiveIndices = [1.310000e+00 , 2.170000e+00 , 2.170000e+00 ,]
par.nDiscretizationBFP = 129
par.backgroundNoise = 0.000
par.nPhotons = 2000
% data
positionX_nm_array = [1560.0000000000,   364.0000000000, -3224.0000000000,  1300.0000000000,  2340.0000000000, -1924.0000000000, -2184.0000000000,  2964.0000000000,  -936.0000000000,]
positionY_nm_array = [-208.0000000000,   312.0000000000,  3172.0000000000,  2132.0000000000, -1092.0000000000, -2704.0000000000,  -884.0000000000,   936.0000000000,  -780.0000000000,]
angleInclination_array = [0.7853981634, 0.7853981634, 0.7853981634, 0.7853981634, 0.7853981634, 0.7853981634, 0.7853981634, 0.7853981634, 0.7853981634,]
angleAzimuth_array = [0.0174532925, 0.0349065850, 0.0523598776, 0.0698131701, 0.0872664626, 0.1047197551, 0.1221730476, 0.1396263402, 0.1570796327,]
