% ground truth for sim_inc90_az315_run1.tif
% settings
number_of_spots = 9
pixel_size_nm = 52.000
image_width_nm = 8060.000
image_height_nm = 8060.000
image_width_px = 155.000
image_height_px = 155.000
patch_size_px = 19
wavelength = 500
par.objectiveNA = 2.17
objectiveFocalLength = 770
par.refractiveIndices = [1.310000e+00 , 2.170000e+00 , 2.170000e+00 ,]
par.nDiscretizationBFP = 129
par.backgroundNoise = 0.000
par.nPhotons = 2000
% data
positionX_nm_array = [-156.0000000000,  3276.0000000000,   312.0000000000,  1872.0000000000, -1872.0000000000,  3484.0000000000,  2184.0000000000, -2600.0000000000,  3484.0000000000,]
positionY_nm_array = [-1456.0000000000,   208.0000000000,  1508.0000000000,   728.0000000000,   468.0000000000, -2808.0000000000,  2288.0000000000,  3016.0000000000,  2652.0000000000,]
angleInclination_array = [1.5707963268, 1.5707963268, 1.5707963268, 1.5707963268, 1.5707963268, 1.5707963268, 1.5707963268, 1.5707963268, 1.5707963268,]
angleAzimuth_array = [5.3581608036, 5.3756140961, 5.3930673887, 5.4105206812, 5.4279739737, 5.4454272662, 5.4628805587, 5.4803338513, 5.4977871438,]
