% ground truth for sim_inc90_az99_run1.tif
% settings
number_of_spots = 9
pixel_size_nm = 52.000
image_width_nm = 8060.000
image_height_nm = 8060.000
image_width_px = 155.000
image_height_px = 155.000
patch_size_px = 19
wavelength = 500
par.objectiveNA = 2.17
objectiveFocalLength = 770
par.refractiveIndices = [1.310000e+00 , 2.170000e+00 , 2.170000e+00 ,]
par.nDiscretizationBFP = 129
par.backgroundNoise = 0.000
par.nPhotons = 2000
% data
positionX_nm_array = [-260.0000000000,  -884.0000000000, -2236.0000000000, -2444.0000000000, -1716.0000000000,  2964.0000000000,   676.0000000000, -3068.0000000000,  -416.0000000000,]
positionY_nm_array = [-3016.0000000000,  -416.0000000000, -3120.0000000000,   780.0000000000,  1612.0000000000, -2184.0000000000,   520.0000000000,  -156.0000000000,  2236.0000000000,]
angleInclination_array = [1.5707963268, 1.5707963268, 1.5707963268, 1.5707963268, 1.5707963268, 1.5707963268, 1.5707963268, 1.5707963268, 1.5707963268,]
angleAzimuth_array = [1.5882496193, 1.6057029118, 1.6231562044, 1.6406094969, 1.6580627894, 1.6755160819, 1.6929693744, 1.7104226670, 1.7278759595,]
