% ground truth for sim_inc45_az270_run1.tif
% settings
number_of_spots = 9
pixel_size_nm = 52.000
image_width_nm = 8060.000
image_height_nm = 8060.000
image_width_px = 155.000
image_height_px = 155.000
patch_size_px = 19
wavelength = 500
par.objectiveNA = 2.17
objectiveFocalLength = 770
par.refractiveIndices = [1.310000e+00 , 2.170000e+00 , 2.170000e+00 ,]
par.nDiscretizationBFP = 129
par.backgroundNoise = 0.000
par.nPhotons = 2000
% data
positionX_nm_array = [-208.0000000000,  3016.0000000000,  -832.0000000000,   208.0000000000, -3432.0000000000,   728.0000000000,  1248.0000000000, -3016.0000000000, -3484.0000000000,]
positionY_nm_array = [3484.0000000000,  -260.0000000000, -2444.0000000000,   676.0000000000,   364.0000000000,  2704.0000000000, -1976.0000000000, -3380.0000000000,  2288.0000000000,]
angleInclination_array = [0.7853981634, 0.7853981634, 0.7853981634, 0.7853981634, 0.7853981634, 0.7853981634, 0.7853981634, 0.7853981634, 0.7853981634,]
angleAzimuth_array = [4.5727626402, 4.5902159327, 4.6076692253, 4.6251225178, 4.6425758103, 4.6600291028, 4.6774823953, 4.6949356879, 4.7123889804,]
