% ground truth for sim_inc90_az27_run1.tif
% settings
number_of_spots = 9
pixel_size_nm = 52.000
image_width_nm = 8060.000
image_height_nm = 8060.000
image_width_px = 155.000
image_height_px = 155.000
patch_size_px = 19
wavelength = 500
par.objectiveNA = 2.17
objectiveFocalLength = 770
par.refractiveIndices = [1.310000e+00 , 2.170000e+00 , 2.170000e+00 ,]
par.nDiscretizationBFP = 129
par.backgroundNoise = 0.000
par.nPhotons = 2000
% data
positionX_nm_array = [-1404.0000000000,   832.0000000000, -3276.0000000000,  2756.0000000000,  2756.0000000000,  1716.0000000000,  -520.0000000000,  1144.0000000000,  2704.0000000000,]
positionY_nm_array = [1664.0000000000,  1508.0000000000,  1612.0000000000,  -468.0000000000,  3276.0000000000,  2756.0000000000, -3224.0000000000, -1976.0000000000, -3224.0000000000,]
angleInclination_array = [1.5707963268, 1.5707963268, 1.5707963268, 1.5707963268, 1.5707963268, 1.5707963268, 1.5707963268, 1.5707963268, 1.5707963268,]
angleAzimuth_array = [0.3316125579, 0.3490658504, 0.3665191429, 0.3839724354, 0.4014257280, 0.4188790205, 0.4363323130, 0.4537856055, 0.4712388980,]
