% ground truth for sim_inc45_az351_run1.tif
% settings
number_of_spots = 9
pixel_size_nm = 52.000
image_width_nm = 8060.000
image_height_nm = 8060.000
image_width_px = 155.000
image_height_px = 155.000
patch_size_px = 19
wavelength = 500
par.objectiveNA = 2.17
objectiveFocalLength = 770
par.refractiveIndices = [1.310000e+00 , 2.170000e+00 , 2.170000e+00 ,]
par.nDiscretizationBFP = 129
par.backgroundNoise = 0.000
par.nPhotons = 2000
% data
positionX_nm_array = [2756.0000000000,  -676.0000000000, -1352.0000000000, -2652.0000000000,   364.0000000000,  1456.0000000000, -1924.0000000000,  3380.0000000000,  1820.0000000000,]
positionY_nm_array = [156.0000000000, -2860.0000000000,  -416.0000000000,  2340.0000000000, -2912.0000000000,  3484.0000000000, -2652.0000000000, -2392.0000000000, -2340.0000000000,]
angleInclination_array = [0.7853981634, 0.7853981634, 0.7853981634, 0.7853981634, 0.7853981634, 0.7853981634, 0.7853981634, 0.7853981634, 0.7853981634,]
angleAzimuth_array = [5.9864793343, 6.0039326269, 6.0213859194, 6.0388392119, 6.0562925044, 6.0737457969, 6.0911990895, 6.1086523820, 6.1261056745,]
