% ground truth for sim_inc45_az153_run1.tif
% settings
number_of_spots = 9
pixel_size_nm = 52.000
image_width_nm = 8060.000
image_height_nm = 8060.000
image_width_px = 155.000
image_height_px = 155.000
patch_size_px = 19
wavelength = 500
par.objectiveNA = 2.17
objectiveFocalLength = 770
par.refractiveIndices = [1.310000e+00 , 2.170000e+00 , 2.170000e+00 ,]
par.nDiscretizationBFP = 129
par.backgroundNoise = 0.000
par.nPhotons = 2000
% data
positionX_nm_array = [2808.0000000000,  1716.0000000000, -2080.0000000000, -1248.0000000000,  2028.0000000000,   -52.0000000000, -2704.0000000000,  -780.0000000000, -2184.0000000000,]
positionY_nm_array = [-1456.0000000000, -2340.0000000000,  1872.0000000000,  1040.0000000000,  2340.0000000000,  1248.0000000000,   988.0000000000, -2340.0000000000, -3120.0000000000,]
angleInclination_array = [0.7853981634, 0.7853981634, 0.7853981634, 0.7853981634, 0.7853981634, 0.7853981634, 0.7853981634, 0.7853981634, 0.7853981634,]
angleAzimuth_array = [2.5307274154, 2.5481807079, 2.5656340004, 2.5830872930, 2.6005405855, 2.6179938780, 2.6354471705, 2.6529004630, 2.6703537556,]
