% ground truth for sim_inc68_az297_run1.tif
% settings
number_of_spots = 9
pixel_size_nm = 52.000
image_width_nm = 8060.000
image_height_nm = 8060.000
image_width_px = 155.000
image_height_px = 155.000
patch_size_px = 19
wavelength = 500
par.objectiveNA = 2.17
objectiveFocalLength = 770
par.refractiveIndices = [1.310000e+00 , 2.170000e+00 , 2.170000e+00 ,]
par.nDiscretizationBFP = 129
par.backgroundNoise = 0.000
par.nPhotons = 2000
% data
positionX_nm_array = [468.0000000000,  2600.0000000000, -3068.0000000000, -3380.0000000000,  -520.0000000000,  -364.0000000000, -2288.0000000000,  1456.0000000000, -1248.0000000000,]
positionY_nm_array = [-3380.0000000000, -2132.0000000000,  2704.0000000000, -1612.0000000000, -1872.0000000000,  -468.0000000000, -3068.0000000000,  -884.0000000000,   104.0000000000,]
angleInclination_array = [1.1780972451, 1.1780972451, 1.1780972451, 1.1780972451, 1.1780972451, 1.1780972451, 1.1780972451, 1.1780972451, 1.1780972451,]
angleAzimuth_array = [5.0440015383, 5.0614548308, 5.0789081233, 5.0963614158, 5.1138147083, 5.1312680009, 5.1487212934, 5.1661745859, 5.1836278784,]
