% ground truth for sim_inc45_az171_run1.tif
% settings
number_of_spots = 9
pixel_size_nm = 52.000
image_width_nm = 8060.000
image_height_nm = 8060.000
image_width_px = 155.000
image_height_px = 155.000
patch_size_px = 19
wavelength = 500
par.objectiveNA = 2.17
objectiveFocalLength = 770
par.refractiveIndices = [1.310000e+00 , 2.170000e+00 , 2.170000e+00 ,]
par.nDiscretizationBFP = 129
par.backgroundNoise = 0.000
par.nPhotons = 2000
% data
positionX_nm_array = [832.0000000000,  1092.0000000000,  -208.0000000000,  -832.0000000000,  2600.0000000000, -1560.0000000000, -2236.0000000000,  3068.0000000000, -2444.0000000000,]
positionY_nm_array = [-1196.0000000000, -3120.0000000000, -2808.0000000000,  2132.0000000000, -2236.0000000000,   416.0000000000,  -884.0000000000,  2236.0000000000,  1404.0000000000,]
angleInclination_array = [0.7853981634, 0.7853981634, 0.7853981634, 0.7853981634, 0.7853981634, 0.7853981634, 0.7853981634, 0.7853981634, 0.7853981634,]
angleAzimuth_array = [2.8448866808, 2.8623399733, 2.8797932658, 2.8972465583, 2.9146998508, 2.9321531434, 2.9496064359, 2.9670597284, 2.9845130209,]
