% ground truth for sim_inc68_az279_run1.tif
% settings
number_of_spots = 9
pixel_size_nm = 52.000
image_width_nm = 8060.000
image_height_nm = 8060.000
image_width_px = 155.000
image_height_px = 155.000
patch_size_px = 19
wavelength = 500
par.objectiveNA = 2.17
objectiveFocalLength = 770
par.refractiveIndices = [1.310000e+00 , 2.170000e+00 , 2.170000e+00 ,]
par.nDiscretizationBFP = 129
par.backgroundNoise = 0.000
par.nPhotons = 2000
% data
positionX_nm_array = [1508.0000000000, -1144.0000000000,  -260.0000000000, -2912.0000000000,   260.0000000000,     0.0000000000,  2704.0000000000,  2652.0000000000, -1560.0000000000,]
positionY_nm_array = [2340.0000000000,  -208.0000000000, -3484.0000000000,  3484.0000000000, -2392.0000000000,  -676.0000000000,  -260.0000000000,  3068.0000000000,  2288.0000000000,]
angleInclination_array = [1.1780972451, 1.1780972451, 1.1780972451, 1.1780972451, 1.1780972451, 1.1780972451, 1.1780972451, 1.1780972451, 1.1780972451,]
angleAzimuth_array = [4.7298422729, 4.7472955654, 4.7647488579, 4.7822021505, 4.7996554430, 4.8171087355, 4.8345620280, 4.8520153205, 4.8694686131,]
