% ground truth for sim_inc45_az252_run1.tif
% settings
number_of_spots = 9
pixel_size_nm = 52.000
image_width_nm = 8060.000
image_height_nm = 8060.000
image_width_px = 155.000
image_height_px = 155.000
patch_size_px = 19
wavelength = 500
par.objectiveNA = 2.17
objectiveFocalLength = 770
par.refractiveIndices = [1.310000e+00 , 2.170000e+00 , 2.170000e+00 ,]
par.nDiscretizationBFP = 129
par.backgroundNoise = 0.000
par.nPhotons = 2000
% data
positionX_nm_array = [1144.0000000000,  -156.0000000000,  3068.0000000000,   -52.0000000000,  -676.0000000000, -2860.0000000000, -2288.0000000000,  3016.0000000000, -2860.0000000000,]
positionY_nm_array = [-1404.0000000000,   312.0000000000, -3016.0000000000, -3224.0000000000,  2080.0000000000,  2444.0000000000,  -728.0000000000, -1872.0000000000,   416.0000000000,]
angleInclination_array = [0.7853981634, 0.7853981634, 0.7853981634, 0.7853981634, 0.7853981634, 0.7853981634, 0.7853981634, 0.7853981634, 0.7853981634,]
angleAzimuth_array = [4.2586033749, 4.2760566674, 4.2935099599, 4.3109632524, 4.3284165449, 4.3458698375, 4.3633231300, 4.3807764225, 4.3982297150,]
