% ground truth for sim_inc68_az72_run1.tif
% settings
number_of_spots = 9
pixel_size_nm = 52.000
image_width_nm = 8060.000
image_height_nm = 8060.000
image_width_px = 155.000
image_height_px = 155.000
patch_size_px = 19
wavelength = 500
par.objectiveNA = 2.17
objectiveFocalLength = 770
par.refractiveIndices = [1.310000e+00 , 2.170000e+00 , 2.170000e+00 ,]
par.nDiscretizationBFP = 129
par.backgroundNoise = 0.000
par.nPhotons = 2000
% data
positionX_nm_array = [-728.0000000000,  -988.0000000000,  -832.0000000000,  1404.0000000000, -2028.0000000000,  2236.0000000000,  2964.0000000000, -2288.0000000000,  1976.0000000000,]
positionY_nm_array = [104.0000000000,  1820.0000000000, -2548.0000000000,  1716.0000000000,  -988.0000000000,   520.0000000000, -2548.0000000000,   624.0000000000,  3276.0000000000,]
angleInclination_array = [1.1780972451, 1.1780972451, 1.1780972451, 1.1780972451, 1.1780972451, 1.1780972451, 1.1780972451, 1.1780972451, 1.1780972451,]
angleAzimuth_array = [1.1170107213, 1.1344640138, 1.1519173063, 1.1693705988, 1.1868238914, 1.2042771839, 1.2217304764, 1.2391837689, 1.2566370614,]
