% ground truth for sim_inc45_az99_run1.tif
% settings
number_of_spots = 9
pixel_size_nm = 52.000
image_width_nm = 8060.000
image_height_nm = 8060.000
image_width_px = 155.000
image_height_px = 155.000
patch_size_px = 19
wavelength = 500
par.objectiveNA = 2.17
objectiveFocalLength = 770
par.refractiveIndices = [1.310000e+00 , 2.170000e+00 , 2.170000e+00 ,]
par.nDiscretizationBFP = 129
par.backgroundNoise = 0.000
par.nPhotons = 2000
% data
positionX_nm_array = [-2080.0000000000,  2652.0000000000,  -728.0000000000,  2444.0000000000,  -780.0000000000, -3432.0000000000,  3172.0000000000,  -780.0000000000, -1300.0000000000,]
positionY_nm_array = [-936.0000000000,  -104.0000000000,  1300.0000000000, -2132.0000000000, -2392.0000000000, -1768.0000000000,  2080.0000000000,     0.0000000000,  2860.0000000000,]
angleInclination_array = [0.7853981634, 0.7853981634, 0.7853981634, 0.7853981634, 0.7853981634, 0.7853981634, 0.7853981634, 0.7853981634, 0.7853981634,]
angleAzimuth_array = [1.5882496193, 1.6057029118, 1.6231562044, 1.6406094969, 1.6580627894, 1.6755160819, 1.6929693744, 1.7104226670, 1.7278759595,]
