% ground truth for sim_inc45_az45_run1.tif
% settings
number_of_spots = 9
pixel_size_nm = 52.000
image_width_nm = 8060.000
image_height_nm = 8060.000
image_width_px = 155.000
image_height_px = 155.000
patch_size_px = 19
wavelength = 500
par.objectiveNA = 2.17
objectiveFocalLength = 770
par.refractiveIndices = [1.310000e+00 , 2.170000e+00 , 2.170000e+00 ,]
par.nDiscretizationBFP = 129
par.backgroundNoise = 0.000
par.nPhotons = 2000
% data
positionX_nm_array = [468.0000000000, -1560.0000000000, -2756.0000000000, -1092.0000000000, -2080.0000000000,  -676.0000000000,   572.0000000000,  1924.0000000000,  2236.0000000000,]
positionY_nm_array = [-52.0000000000,  1768.0000000000, -3328.0000000000, -1144.0000000000,   260.0000000000,  2808.0000000000,  1664.0000000000,  2028.0000000000, -2444.0000000000,]
angleInclination_array = [0.7853981634, 0.7853981634, 0.7853981634, 0.7853981634, 0.7853981634, 0.7853981634, 0.7853981634, 0.7853981634, 0.7853981634,]
angleAzimuth_array = [0.6457718232, 0.6632251158, 0.6806784083, 0.6981317008, 0.7155849933, 0.7330382858, 0.7504915784, 0.7679448709, 0.7853981634,]
