% ground truth for sim_inc68_az63_run1.tif
% settings
number_of_spots = 9
pixel_size_nm = 52.000
image_width_nm = 8060.000
image_height_nm = 8060.000
image_width_px = 155.000
image_height_px = 155.000
patch_size_px = 19
wavelength = 500
par.objectiveNA = 2.17
objectiveFocalLength = 770
par.refractiveIndices = [1.310000e+00 , 2.170000e+00 , 2.170000e+00 ,]
par.nDiscretizationBFP = 129
par.backgroundNoise = 0.000
par.nPhotons = 2000
% data
positionX_nm_array = [-1820.0000000000,     0.0000000000,  2080.0000000000,  1456.0000000000,  -364.0000000000, -3224.0000000000,     0.0000000000, -3432.0000000000,  -260.0000000000,]
positionY_nm_array = [2028.0000000000,  -364.0000000000, -2704.0000000000,  1040.0000000000,  3172.0000000000, -2912.0000000000,  1768.0000000000,  -832.0000000000, -1404.0000000000,]
angleInclination_array = [1.1780972451, 1.1780972451, 1.1780972451, 1.1780972451, 1.1780972451, 1.1780972451, 1.1780972451, 1.1780972451, 1.1780972451,]
angleAzimuth_array = [0.9599310886, 0.9773843811, 0.9948376736, 1.0122909662, 1.0297442587, 1.0471975512, 1.0646508437, 1.0821041362, 1.0995574288,]
