% ground truth for sim_inc68_az207_run1.tif
% settings
number_of_spots = 9
pixel_size_nm = 52.000
image_width_nm = 8060.000
image_height_nm = 8060.000
image_width_px = 155.000
image_height_px = 155.000
patch_size_px = 19
wavelength = 500
par.objectiveNA = 2.17
objectiveFocalLength = 770
par.refractiveIndices = [1.310000e+00 , 2.170000e+00 , 2.170000e+00 ,]
par.nDiscretizationBFP = 129
par.backgroundNoise = 0.000
par.nPhotons = 2000
% data
positionX_nm_array = [2080.0000000000, -1560.0000000000, -1196.0000000000,  3016.0000000000,    52.0000000000, -2236.0000000000,  2132.0000000000,  1144.0000000000,  2080.0000000000,]
positionY_nm_array = [-3432.0000000000, -2236.0000000000,  2392.0000000000, -2548.0000000000,  2600.0000000000,  2964.0000000000,  1612.0000000000, -2080.0000000000,  -208.0000000000,]
angleInclination_array = [1.1780972451, 1.1780972451, 1.1780972451, 1.1780972451, 1.1780972451, 1.1780972451, 1.1780972451, 1.1780972451, 1.1780972451,]
angleAzimuth_array = [3.4732052115, 3.4906585040, 3.5081117965, 3.5255650890, 3.5430183815, 3.5604716741, 3.5779249666, 3.5953782591, 3.6128315516,]
