% ground truth for sim_inc68_az270_run1.tif
% settings
number_of_spots = 9
pixel_size_nm = 52.000
image_width_nm = 8060.000
image_height_nm = 8060.000
image_width_px = 155.000
image_height_px = 155.000
patch_size_px = 19
wavelength = 500
par.objectiveNA = 2.17
objectiveFocalLength = 770
par.refractiveIndices = [1.310000e+00 , 2.170000e+00 , 2.170000e+00 ,]
par.nDiscretizationBFP = 129
par.backgroundNoise = 0.000
par.nPhotons = 2000
% data
positionX_nm_array = [416.0000000000, -1352.0000000000,  1404.0000000000,  2444.0000000000,     0.0000000000, -1508.0000000000, -2392.0000000000, -3120.0000000000, -2860.0000000000,]
positionY_nm_array = [2392.0000000000, -2860.0000000000, -1664.0000000000, -1456.0000000000,  1144.0000000000,  -936.0000000000,  1924.0000000000, -2236.0000000000,  3224.0000000000,]
angleInclination_array = [1.1780972451, 1.1780972451, 1.1780972451, 1.1780972451, 1.1780972451, 1.1780972451, 1.1780972451, 1.1780972451, 1.1780972451,]
angleAzimuth_array = [4.5727626402, 4.5902159327, 4.6076692253, 4.6251225178, 4.6425758103, 4.6600291028, 4.6774823953, 4.6949356879, 4.7123889804,]
