% ground truth for sim_inc68_az117_run1.tif
% settings
number_of_spots = 9
pixel_size_nm = 52.000
image_width_nm = 8060.000
image_height_nm = 8060.000
image_width_px = 155.000
image_height_px = 155.000
patch_size_px = 19
wavelength = 500
par.objectiveNA = 2.17
objectiveFocalLength = 770
par.refractiveIndices = [1.310000e+00 , 2.170000e+00 , 2.170000e+00 ,]
par.nDiscretizationBFP = 129
par.backgroundNoise = 0.000
par.nPhotons = 2000
% data
positionX_nm_array = [-2392.0000000000, -2132.0000000000,  1092.0000000000,   208.0000000000, -2184.0000000000,   156.0000000000, -2756.0000000000,  -312.0000000000,  2340.0000000000,]
positionY_nm_array = [-676.0000000000,  2652.0000000000,   260.0000000000,  2964.0000000000, -1716.0000000000, -2808.0000000000,  1612.0000000000, -1872.0000000000,  3224.0000000000,]
angleInclination_array = [1.1780972451, 1.1780972451, 1.1780972451, 1.1780972451, 1.1780972451, 1.1780972451, 1.1780972451, 1.1780972451, 1.1780972451,]
angleAzimuth_array = [1.9024088847, 1.9198621772, 1.9373154697, 1.9547687622, 1.9722220548, 1.9896753473, 2.0071286398, 2.0245819323, 2.0420352248,]
