% ground truth for sim_inc90_az225_run1.tif
% settings
number_of_spots = 9
pixel_size_nm = 52.000
image_width_nm = 8060.000
image_height_nm = 8060.000
image_width_px = 155.000
image_height_px = 155.000
patch_size_px = 19
wavelength = 500
par.objectiveNA = 2.17
objectiveFocalLength = 770
par.refractiveIndices = [1.310000e+00 , 2.170000e+00 , 2.170000e+00 ,]
par.nDiscretizationBFP = 129
par.backgroundNoise = 0.000
par.nPhotons = 2000
% data
positionX_nm_array = [1664.0000000000,     0.0000000000, -1352.0000000000, -1352.0000000000, -2184.0000000000,   676.0000000000, -3328.0000000000,  1300.0000000000, -2340.0000000000,]
positionY_nm_array = [1040.0000000000,  3120.0000000000,  2028.0000000000,   260.0000000000, -1820.0000000000, -2028.0000000000, -3484.0000000000,  3120.0000000000,   624.0000000000,]
angleInclination_array = [1.5707963268, 1.5707963268, 1.5707963268, 1.5707963268, 1.5707963268, 1.5707963268, 1.5707963268, 1.5707963268, 1.5707963268,]
angleAzimuth_array = [3.7873644768, 3.8048177693, 3.8222710619, 3.8397243544, 3.8571776469, 3.8746309394, 3.8920842319, 3.9095375245, 3.9269908170,]
