% ground truth for sim_run3.tif
% settings
number_of_spots = 10
pixel_size_nm = 51.200
image_size_nm = 6092.800
image_size_px = 119
wavelength = 500
par.objectiveNA = 2.17
objectiveFocalLength = 770
par.refractiveIndices = [1.310000e+00 , 2.170000e+00 , 2.170000e+00 ,]
par.nDiscretizationBFP = 129
par.backgroundNoise = 0.100
par.nPhotons = 1000000
positionX_nm_array = [-1.383216e+03 , -3.961573e+02 ,  7.393994e+01 ,  1.497390e+03 ,  1.741979e+03 ,  8.374848e+02 , -1.475032e+03 ,  1.158659e+03 , -2.120195e+02 , -1.741056e+03 ,]
positionY_nm_array = [1.406565e+03 , -4.034105e+02 , -1.808939e+03 , -5.114941e+02 , -1.602732e+03 ,  1.937629e+03 , -3.000052e+02 ,  6.459175e+02 ,  2.053233e+03 , -1.581855e+03 ,]
angleInclination_array = [1.121778e+00 , 5.877886e-01 , 1.385346e+00 , 6.091391e-01 , 4.770059e-02 , 3.968396e-01 , 3.530143e-01 , 2.978189e-01 , 3.635923e-01 , 2.829051e-01 ,]
angleAzimuth_array = [2.050259e+00 , 6.144188e+00 , 3.218076e+00 , 5.146001e+00 , 6.115217e+00 , 5.467190e-01 , 2.888464e+00 , 3.979492e+00 , 2.387584e+00 , 3.827828e+00 ,]
