% ground truth for sim_run5.tif
% settings
number_of_spots = 10
pixel_size_nm = 51.200
image_size_nm = 6092.800
image_size_px = 119
wavelength = 500
par.objectiveNA = 2.17
objectiveFocalLength = 770
par.refractiveIndices = [1.310000e+00 , 2.170000e+00 , 2.170000e+00 ,]
par.nDiscretizationBFP = 129
par.backgroundNoise = 0.100
par.nPhotons = 1000000
positionX_nm_array = [-6.248079e+02 ,  6.294069e+02 , -1.643869e+03 ,  3.739419e+02 , -1.506097e+02 , -1.567758e+03 ,  9.763138e+02 , -1.477118e+03 , -2.099424e+03 ,  2.107637e+03 ,]
positionY_nm_array = [-1.058008e+03 , -8.229573e+02 ,  3.513496e+02 , -1.864086e+03 ,  2.017765e+03 ,  1.734134e+03 ,  3.699692e+02 , -1.861358e+03 , -9.333411e+02 ,  1.865648e+03 ,]
angleInclination_array = [1.011392e+00 , 1.249968e+00 , 1.140983e+00 , 8.703893e-01 , 9.409139e-01 , 2.432457e-01 , 4.395552e-01 , 6.529562e-01 , 8.248559e-01 , 1.257639e+00 ,]
angleAzimuth_array = [4.967210e+00 , 1.077380e+00 , 3.583016e-02 , 5.487513e+00 , 2.201086e+00 , 2.421707e-01 , 3.493693e+00 , 2.703110e+00 , 3.110123e+00 , 1.983866e-01 ,]
