% ground truth for sim_run9.tif
% settings
number_of_spots = 10
pixel_size_nm = 51.200
image_size_nm = 6092.800
image_size_px = 119
wavelength = 500
par.objectiveNA = 2.17
objectiveFocalLength = 770
par.refractiveIndices = [1.310000e+00 , 2.170000e+00 , 2.170000e+00 ,]
par.nDiscretizationBFP = 129
par.backgroundNoise = 0.100
par.nPhotons = 1000000
positionX_nm_array = [-1.058973e+03 , -1.307732e+03 , -4.023324e+02 ,  1.378824e+03 , -1.949669e+03 ,  3.316162e+02 ,  1.594269e+03 ,  9.764175e+02 ,  1.995681e+03 ,  5.613937e+02 ,]
positionY_nm_array = [-5.644661e+02 ,  2.043160e+03 ,  3.672069e+02 , -1.688138e+03 , -1.197605e+03 , -1.883446e+03 , -6.016759e+02 ,  1.516670e+03 ,  1.452527e+03 , -6.599823e+02 ,]
angleInclination_array = [6.665553e-01 , 1.492373e+00 , 6.517274e-01 , 7.898287e-01 , 5.218170e-01 , 7.399589e-01 , 1.093527e+00 , 2.353733e-01 , 6.901078e-01 , 1.302440e+00 ,]
angleAzimuth_array = [1.886259e-01 , 5.905588e+00 , 5.233324e+00 , 5.329660e+00 , 6.181039e+00 , 2.588448e+00 , 3.429756e+00 , 6.141154e+00 , 6.705588e-01 , 3.792851e+00 ,]
