% ground truth for sim_run2.tif
% settings
number_of_spots = 10
pixel_size_nm = 51.200
image_size_nm = 6092.800
image_size_px = 119
wavelength = 500
par.objectiveNA = 2.17
objectiveFocalLength = 770
par.refractiveIndices = [1.310000e+00 , 2.170000e+00 , 2.170000e+00 ,]
par.nDiscretizationBFP = 129
par.backgroundNoise = 0.100
par.nPhotons = 1000000
positionX_nm_array = [2.144111e+02 , -3.288815e+02 ,  4.082266e+02 , -9.602310e+02 , -1.896315e+03 ,  7.411736e+02 , -1.879679e+03 , -1.471054e+03 ,  1.436520e+03 ,  1.786718e+03 ,]
positionY_nm_array = [1.255035e+03 , -1.336024e+03 ,  1.277141e+02 ,  1.245981e+03 , -1.784123e+03 , -9.978956e+02 ,  2.099337e+03 , -4.488113e+02 ,  1.852175e+03 , -1.431859e+03 ,]
angleInclination_array = [7.075718e-01 , 6.555483e-01 , 6.257172e-01 , 1.163092e+00 , 2.050600e-01 , 2.519169e-01 , 1.826522e-01 , 2.028028e-01 , 4.765892e-01 , 7.555617e-01 ,]
angleAzimuth_array = [4.002461e+00 , 7.098614e-01 , 1.513746e+00 , 3.446448e+00 , 2.858806e+00 , 6.244293e+00 , 5.212079e+00 , 2.867711e-01 , 6.903493e-01 , 2.930557e+00 ,]
