% ground truth for sim_run8.tif
% settings
number_of_spots = 10
pixel_size_nm = 51.200
image_size_nm = 6092.800
image_size_px = 119
wavelength = 500
par.objectiveNA = 2.17
objectiveFocalLength = 770
par.refractiveIndices = [1.310000e+00 , 2.170000e+00 , 2.170000e+00 ,]
par.nDiscretizationBFP = 129
par.backgroundNoise = 0.100
par.nPhotons = 1000000
positionX_nm_array = [9.246408e+02 , -1.357907e+03 ,  1.688502e+03 ,  3.115738e+02 , -1.253646e+03 ,  1.321778e+02 , -1.986439e+03 ,  1.716369e+03 , -8.245530e+02 ,  3.575174e+02 ,]
positionY_nm_array = [-1.852677e+03 ,  1.486787e+03 ,  1.264707e+03 , -6.092082e+02 , -1.802698e+03 ,  1.738111e+03 , -6.985087e+02 , -1.775553e+02 , -6.224596e+02 ,  7.081008e+02 ,]
angleInclination_array = [1.947378e-01 , 6.122266e-01 , 3.089992e-01 , 5.312208e-01 , 2.660919e-01 , 6.063903e-02 , 1.270978e+00 , 1.069124e+00 , 7.058371e-01 , 5.957960e-01 ,]
angleAzimuth_array = [4.223875e+00 , 3.763605e+00 , 1.136093e-01 , 4.717723e+00 , 5.256926e+00 , 9.220836e-01 , 5.978535e+00 , 1.200197e+00 , 5.478441e+00 , 6.038156e+00 ,]
