% ground truth for sim_run10.tif
% settings
number_of_spots = 10
pixel_size_nm = 51.200
image_size_nm = 6092.800
image_size_px = 119
wavelength = 500
par.objectiveNA = 2.17
objectiveFocalLength = 770
par.refractiveIndices = [1.310000e+00 , 2.170000e+00 , 2.170000e+00 ,]
par.nDiscretizationBFP = 129
par.backgroundNoise = 0.100
par.nPhotons = 1000000
positionX_nm_array = [-1.544908e+03 , -1.395194e+03 ,  1.952050e+03 , -2.378571e+02 ,  1.660060e+03 , -6.500852e+01 ,  1.608382e+03 , -8.320408e+01 ,  3.263301e+02 , -1.670439e+03 ,]
positionY_nm_array = [-3.482683e+02 ,  1.743616e+03 ,  2.158027e+02 , -1.815146e+03 ,  1.476450e+03 ,  6.050120e+02 , -7.302433e+02 ,  1.798726e+03 , -4.259777e+02 , -1.413156e+03 ,]
angleInclination_array = [9.485236e-02 , 1.512154e+00 , 3.064251e-01 , 1.122251e+00 , 9.884823e-01 , 1.490065e+00 , 1.257133e-01 , 1.118921e+00 , 1.533729e+00 , 3.069991e-01 ,]
angleAzimuth_array = [6.000172e+00 , 8.001099e-01 , 4.305613e+00 , 1.598711e+00 , 3.189002e+00 , 2.577843e+00 , 3.490974e-01 , 4.104137e+00 , 5.864545e+00 , 4.594065e+00 ,]
