% ground truth for sim_run7.tif
% settings
number_of_spots = 10
pixel_size_nm = 51.200
image_size_nm = 6092.800
image_size_px = 119
wavelength = 500
par.objectiveNA = 2.17
objectiveFocalLength = 770
par.refractiveIndices = [1.310000e+00 , 2.170000e+00 , 2.170000e+00 ,]
par.nDiscretizationBFP = 129
par.backgroundNoise = 0.100
par.nPhotons = 1000000
positionX_nm_array = [5.306305e+02 , -1.155869e+03 ,  1.425390e+03 ,  6.686539e+02 , -1.188676e+03 , -9.282415e+02 ,  9.325163e+02 ,  1.916663e+03 , -2.075102e+03 , -6.485836e+02 ,]
positionY_nm_array = [1.981561e+03 ,  1.653062e+03 , -1.501141e+03 , -6.211504e+02 , -1.007571e+03 ,  2.012077e+02 ,  6.127673e+02 , -1.384362e+02 ,  4.836126e+01 , -1.883793e+03 ,]
angleInclination_array = [1.689294e-01 , 1.300192e+00 , 1.307577e+00 , 1.821503e-01 , 7.661540e-01 , 9.401098e-01 , 5.189240e-01 , 5.786982e-01 , 1.233083e+00 , 8.283194e-01 ,]
angleAzimuth_array = [5.360839e-01 , 4.877258e+00 , 4.301358e+00 , 1.282688e+00 , 6.004536e+00 , 1.998200e+00 , 2.755162e-01 , 5.225682e+00 , 4.306151e+00 , 2.036704e+00 ,]
