% ground truth for sim_run1.tif
% settings
number_of_spots = 10
pixel_size_nm = 51.200
image_size_nm = 6092.800
image_size_px = 119
wavelength = 500
par.objectiveNA = 2.17
objectiveFocalLength = 770
par.refractiveIndices = [1.310000e+00 , 2.170000e+00 , 2.170000e+00 ,]
par.nDiscretizationBFP = 129
par.backgroundNoise = 0.100
par.nPhotons = 1000000
positionX_nm_array = [-5.328851e+02 , -4.267345e+02 ,  1.350287e+03 , -2.126662e+03 ,  1.309716e+03 , -1.762713e+03 ,  1.391598e+03 , -6.537586e+02 ,  1.172125e+02 , -1.499188e+03 ,]
positionY_nm_array = [-9.697307e+02 ,  8.147242e+02 , -7.862873e+02 , -1.849357e+03 ,  6.186339e+02 ,  1.471866e+03 ,  1.787614e+03 ,  2.095719e+03 , -1.898537e+03 ,  3.512163e+01 ,]
angleInclination_array = [1.209637e+00 , 8.758829e-01 , 1.499659e+00 , 1.021530e-01 , 1.365791e+00 , 2.128268e-01 , 1.401857e+00 , 1.117074e-01 , 2.717512e-02 , 1.457386e+00 ,]
angleAzimuth_array = [4.251313e+00 , 4.577780e+00 , 5.684400e+00 , 3.470757e+00 , 2.866127e+00 , 4.402203e+00 , 5.372628e+00 , 2.880613e-01 , 1.136900e+00 , 4.766811e+00 ,]
