% ground truth for sim_run6.tif
% settings
number_of_spots = 10
pixel_size_nm = 51.200
image_size_nm = 6092.800
image_size_px = 119
wavelength = 500
par.objectiveNA = 2.17
objectiveFocalLength = 770
par.refractiveIndices = [1.310000e+00 , 2.170000e+00 , 2.170000e+00 ,]
par.nDiscretizationBFP = 129
par.backgroundNoise = 0.100
par.nPhotons = 1000000
positionX_nm_array = [1.583700e+03 , -5.788978e+02 ,  5.743774e+02 ,  3.340380e+02 , -8.802538e+02 , -1.736521e+03 ,  1.961026e+03 , -1.522868e+03 ,  1.227239e+03 , -5.776648e+01 ,]
positionY_nm_array = [5.446611e+02 , -7.610053e+02 , -7.648594e+02 ,  2.064872e+03 ,  1.300794e+03 ,  2.081636e+03 ,  1.574372e+03 ,  3.163321e+01 , -2.120102e+03 , -2.053374e+03 ,]
angleInclination_array = [1.356175e+00 , 5.471599e-01 , 7.522390e-02 , 1.239794e+00 , 1.099920e+00 , 2.464225e-01 , 3.393850e-01 , 9.684676e-01 , 6.000212e-01 , 4.196826e-01 ,]
angleAzimuth_array = [6.244587e+00 , 2.777025e+00 , 5.462551e+00 , 2.383597e+00 , 1.904463e+00 , 4.963397e+00 , 2.694848e+00 , 4.650471e+00 , 6.238271e+00 , 6.800762e-01 ,]
