% ground truth for sim_run4.tif
% settings
number_of_spots = 10
pixel_size_nm = 51.200
image_size_nm = 6092.800
image_size_px = 119
wavelength = 500
par.objectiveNA = 2.17
objectiveFocalLength = 770
par.refractiveIndices = [1.310000e+00 , 2.170000e+00 , 2.170000e+00 ,]
par.nDiscretizationBFP = 129
par.backgroundNoise = 0.100
par.nPhotons = 1000000
positionX_nm_array = [5.065176e+02 , -8.500666e+02 , -1.598764e+03 ,  5.424885e+02 ,  1.219124e+03 , -8.733075e+02 , -1.881422e+03 ,  1.671574e+03 ,  2.068673e+03 , -1.940336e+03 ,]
positionY_nm_array = [5.242878e+02 , -2.577832e+02 , -1.225061e+03 ,  1.839704e+03 , -1.286026e+03 ,  1.008922e+03 ,  1.245916e+03 ,  5.226671e+02 ,  2.061445e+03 ,  1.416167e+02 ,]
angleInclination_array = [1.106323e+00 , 1.223858e+00 , 1.434690e+00 , 5.479812e-01 , 3.529747e-01 , 1.357513e+00 , 6.183157e-01 , 6.412410e-01 , 1.233143e+00 , 1.537779e+00 ,]
angleAzimuth_array = [4.779829e+00 , 2.695954e-01 , 2.253435e+00 , 5.153928e+00 , 3.246649e+00 , 4.567253e+00 , 2.471427e+00 , 2.730212e+00 , 1.510355e+00 , 6.944244e-01 ,]
