x_tru = [17.128827113923997, -23.27056936013618, 6.800932889822363]
y_tru = [-15.144312039523191, 16.929549340092258, -19.994051492433314]
inc_tru = [1.1780972450961724, 1.1780972450961724, 1.1780972450961724]
az_tru = [0.0, 0.7853981633974483, 1.5707963267948966]
x_est = [17.723381087566526, -23.45938182629041, 8.121989745027902]
y_est = [-17.44115942272184, 19.310902613209205, -18.28214447270929]
inc_est = [1.1589592111830012, 1.1586888761677923, 1.151133604336097]
az_est = [6.272094990494572, 0.7780688640486172, 1.5648131337833096]
x_err = [0.5945539736425296, -0.18881246615423208, 1.3210568552055388]
y_err = [-2.2968473831986476, 2.3813532731169467, 1.7119070197240234]
inc_err = [-0.01913803391317126, -0.01940836892838016, -0.026963640760075513]
az_err = [6.272094990494572, -0.0073292993488310865, -0.005983193011587007]
photon_tru = [2000, 2000, 2000]
photon_est = [2068.99999955856, 1955.000002725661, 2012.6878840180004]
photon_err = [68.99999955855992, -44.999997274338966, 12.687884018000432]
